#BONE
@NodeName Bone
@ParentName Armature
@BoneIndex 0
@TopNode YES
$WorldTM 4 4
-1.000000 -0.000004 -0.000001 0.000000
-0.000001 0.000000 1.000000 0.000000
-0.000004 1.000000 -0.000000 0.000000
0.000000 1.270000 0.122452 1.000000
$LocalTM 4 4
-1.000000 -0.000004 -0.000001 0.000000
-0.000001 0.000000 1.000000 0.000000
-0.000004 1.000000 -0.000000 0.000000
0.000000 1.270000 0.122452 1.000000
#BONE
@NodeName spine.003
@ParentName Bone
@BoneIndex 1
@TopNode NO
$WorldTM 4 4
-1.000000 0.000004 -0.000006 0.000000
-0.000007 -0.499809 0.866136 0.000000
0.000000 0.866136 0.499809 0.000000
-0.000716 1.347751 0.057305 1.000000
$LocalTM 4 4
1.000000 -0.000005 0.000008 0.000000
0.000008 0.866136 -0.499809 0.000000
-0.000004 0.499809 0.866136 0.000000
0.000716 -0.065147 0.077751 1.000000
#BONE
@NodeName spine.002
@ParentName spine.003
@BoneIndex 2
@TopNode NO
$WorldTM 4 4
-1.000000 -0.000001 -0.000008 0.000000
-0.000008 0.073785 0.997274 0.000000
-0.000000 0.997274 -0.073785 0.000000
-0.000716 1.554791 0.176778 1.000000
$LocalTM 4 4
1.000000 0.000001 -0.000005 0.000000
0.000002 0.826896 0.562354 0.000000
0.000005 -0.562354 0.826896 0.000000
0.000000 -0.000001 0.239038 1.000000
#BONE
@NodeName spine.001
@ParentName spine.002
@BoneIndex 3
@TopNode NO
$WorldTM 4 4
-0.999997 0.002232 -0.000815 0.000000
0.000717 0.610542 0.791984 0.000000
0.002265 0.791981 -0.610542 0.000000
-0.000716 1.834334 0.156095 1.000000
$LocalTM 4 4
0.999997 -0.000640 0.002286 0.000000
-0.000724 0.834874 0.550441 0.000000
-0.002261 -0.550442 0.834871 0.000000
0.000000 -0.000001 0.280307 1.000000
#BONE
@NodeName shoulder.R
@ParentName spine.001
@BoneIndex 4
@TopNode NO
$WorldTM 4 4
-0.006561 0.547626 0.836696 0.000000
-0.656010 0.629146 -0.416926 0.000000
-0.754723 -0.551616 0.355120 0.000000
-0.113499 2.101246 0.057830 1.000000
$LocalTM 4 4
0.007101 0.996993 -0.077144 0.000000
0.657752 0.053451 0.751336 0.000000
0.753201 -0.056077 -0.655395 0.000000
0.113459 0.085056 0.271129 1.000000
#BONE
@NodeName arm.R
@ParentName shoulder.R
@BoneIndex 5
@TopNode NO
$WorldTM 4 4
0.322235 0.743578 0.585880 0.000000
-0.738089 0.584882 -0.336361 0.000000
-0.592781 -0.324045 0.737296 0.000000
-0.236662 2.011228 0.115783 1.000000
$LocalTM 4 4
0.895294 0.012161 -0.445311 0.000000
0.043707 0.992406 0.114974 0.000000
0.443327 -0.122399 0.887964 0.000000
0.000001 -0.000001 0.163190 1.000000
#BONE
@NodeName forearm.R
@ParentName arm.R
@BoneIndex 6
@TopNode NO
$WorldTM 4 4
-0.978235 0.095326 0.184308 0.000000
-0.095321 0.582517 -0.807210 0.000000
-0.184311 -0.807209 -0.560752 0.000000
-0.601934 1.811552 0.570104 1.000000
$LocalTM 4 4
-0.136357 0.715784 0.684879 0.000000
-0.070497 0.682572 -0.727410 0.000000
-0.988148 -0.147469 -0.042612 0.000000
0.000000 0.000000 0.616200 1.000000
#BONE
@NodeName hand.R
@ParentName forearm.R
@BoneIndex 7
@TopNode NO
$WorldTM 4 4
-0.997578 0.031688 0.061920 0.000000
-0.037061 0.511179 -0.858676 0.000000
-0.058862 -0.858890 -0.508766 0.000000
-0.753033 1.149797 0.110397 1.000000
$LocalTM 4 4
0.990299 0.063566 0.123564 0.000000
-0.073278 0.994434 0.075707 0.000000
-0.118064 -0.084026 0.989445 0.000000
0.000001 -0.000001 0.819806 1.000000
#BONE
@NodeName s1.R
@ParentName hand.R
@BoneIndex 8
@TopNode NO
$WorldTM 4 4
-0.996635 0.039936 0.071589 0.000000
-0.039932 0.526175 -0.849439 0.000000
-0.071591 -0.849438 -0.522809 0.000000
-0.751813 0.976085 -0.007017 1.000000
$LocalTM 4 4
0.999919 -0.004121 -0.012059 0.000000
0.003911 0.999841 -0.017410 0.000000
0.012129 0.017362 0.999776 0.000000
-0.013992 0.011978 0.208864 1.000000
#BONE
@NodeName s2.R
@ParentName s1.R
@BoneIndex 9
@TopNode NO
$WorldTM 4 4
-0.931506 -0.200276 -0.303623 0.000000
0.200281 0.414385 -0.887791 0.000000
0.303619 -0.887792 -0.345890 0.000000
-0.768061 0.783295 -0.125675 1.000000
$LocalTM 4 4
0.898637 0.189725 0.395547 0.000000
-0.246614 0.964164 0.097813 0.000000
-0.362814 -0.185445 0.913223 0.000000
-0.000000 0.000000 0.226962 1.000000
#BONE
@NodeName s3.R
@ParentName s2.R
@BoneIndex 10
@TopNode NO
$WorldTM 4 4
-0.563198 -0.449000 -0.693693 0.000000
0.449004 0.538459 -0.713062 0.000000
0.693688 -0.713064 -0.101656 0.000000
-0.711590 0.618172 -0.190008 1.000000
$LocalTM 4 4
0.825166 0.316998 0.467563 0.000000
-0.309588 0.946106 -0.095072 0.000000
-0.472500 -0.066302 0.878833 0.000000
0.000000 -0.000000 0.185993 1.000000
#BONE
@NodeName F1.R
@ParentName hand.R
@BoneIndex 11
@TopNode NO
$WorldTM 4 4
-0.537522 -0.043625 -0.842120 0.000000
0.043625 0.995886 -0.079436 0.000000
0.842120 -0.079436 -0.533407 0.000000
-0.696433 1.084691 0.030897 1.000000
$LocalTM 4 4
0.482694 0.720728 0.497550 0.000000
-0.016880 0.575668 -0.817510 0.000000
-0.875626 0.386207 0.290037 0.000000
-0.063449 0.032887 0.093035 1.000000
#BONE
@NodeName f2.R
@ParentName F1.R
@BoneIndex 12
@TopNode NO
$WorldTM 4 4
-0.726766 -0.427797 -0.537402 0.000000
0.427803 0.330197 -0.841401 0.000000
0.537397 -0.841403 -0.056963 0.000000
-0.597105 1.075321 -0.032019 1.000000
$LocalTM 4 4
0.861873 -0.415053 -0.291389 0.000000
0.464203 0.414339 0.782842 0.000000
-0.204187 -0.809971 0.549776 0.000000
-0.000000 -0.000001 0.117950 1.000000
#BONE
@NodeName f3.R
@ParentName f2.R
@BoneIndex 13
@TopNode NO
$WorldTM 4 4
-0.966585 -0.181438 -0.181088 0.000000
0.181444 0.014782 -0.983291 0.000000
0.181083 -0.983292 0.018632 0.000000
-0.504899 0.930953 -0.041792 1.000000
$LocalTM 4 4
0.877417 -0.321049 -0.356462 0.000000
0.390231 0.909844 0.141081 0.000000
0.279031 -0.262889 0.923597 0.000000
-0.000001 -0.000001 0.171580 1.000000
#BONE
@NodeName t1.R
@ParentName hand.R
@BoneIndex 14
@TopNode NO
$WorldTM 4 4
-0.992247 -0.077679 -0.097014 0.000000
0.077686 0.221640 -0.972030 0.000000
0.097009 -0.972030 -0.213887 0.000000
-0.769984 0.965756 0.033639 1.000000
$LocalTM 4 4
0.981375 0.080369 0.174481 0.000000
-0.130662 0.945076 0.299598 0.000000
-0.140819 -0.316816 0.937976 0.000000
0.006325 -0.027539 0.198121 1.000000
#BONE
@NodeName t2.R
@ParentName t1.R
@BoneIndex 15
@TopNode NO
$WorldTM 4 4
-0.706220 -0.410284 -0.576992 0.000000
0.410290 0.427002 -0.805813 0.000000
0.576988 -0.805814 -0.133222 0.000000
-0.745763 0.723057 -0.019765 1.000000
$LocalTM 4 4
0.788592 0.415054 0.453710 0.000000
-0.362103 0.909787 -0.202904 0.000000
-0.496996 -0.004281 0.867742 0.000000
0.000000 -0.000000 0.249683 1.000000
#BONE
@NodeName t3.R
@ParentName t2.R
@BoneIndex 16
@TopNode NO
$WorldTM 4 4
-0.276196 -0.379333 -0.883075 0.000000
0.379335 0.801198 -0.462805 0.000000
0.883075 -0.462806 -0.077393 0.000000
-0.642839 0.579314 -0.043529 1.000000
$LocalTM 4 4
0.860217 0.436296 0.263955 0.000000
-0.329579 0.870683 -0.365089 0.000000
-0.389108 0.227061 0.892770 0.000000
0.000000 -0.000001 0.178382 1.000000
#BONE
@NodeName l1.R
@ParentName hand.R
@BoneIndex 17
@TopNode NO
$WorldTM 4 4
-0.952643 -0.214204 -0.215843 0.000000
0.214210 0.031089 -0.976293 0.000000
0.215836 -0.976293 0.016268 0.000000
-0.794680 0.968090 0.083017 1.000000
$LocalTM 4 4
0.930183 0.111148 0.349866 0.000000
-0.273159 0.846271 0.457393 0.000000
-0.245243 -0.521028 0.817548 0.000000
0.034093 -0.067830 0.172448 1.000000
#BONE
@NodeName l2.R
@ParentName l1.R
@BoneIndex 18
@TopNode NO
$WorldTM 4 4
-0.511642 -0.484017 -0.709894 0.000000
0.484020 0.520283 -0.703584 0.000000
0.709892 -0.703586 -0.031925 0.000000
-0.736976 0.707074 0.087366 1.000000
$LocalTM 4 4
0.744316 0.568418 0.350563 0.000000
-0.420681 0.806762 -0.414926 0.000000
-0.518672 0.161361 0.839609 0.000000
0.000001 -0.000000 0.267354 1.000000
#BONE
@NodeName l3.R
@ParentName l2.R
@BoneIndex 19
@TopNode NO
$WorldTM 4 4
-0.298124 -0.317439 -0.900197 0.000000
0.317441 0.856430 -0.407134 0.000000
0.900196 -0.407136 -0.154554 0.000000
-0.612863 0.584064 0.081785 1.000000
$LocalTM 4 4
0.945223 0.323909 0.040449 0.000000
-0.287921 0.885686 -0.364226 0.000000
-0.153801 0.332629 0.930432 0.000000
-0.000001 -0.000000 0.174833 1.000000
#BONE
@NodeName neck2
@ParentName spine.001
@BoneIndex 20
@TopNode NO
$WorldTM 4 4
-1.000000 0.000119 -0.000496 0.000000
-0.000510 -0.233210 0.972426 0.000000
0.000000 0.972426 0.233210 0.000000
-0.000000 2.084572 -0.036814 1.000000
$LocalTM 4 4
0.999998 -0.001037 -0.001868 0.000000
-0.000803 0.627760 -0.778405 0.000000
0.001980 0.778405 0.627758 0.000000
-0.000000 0.000001 0.315964 1.000000
#BONE
@NodeName neck1
@ParentName neck2
@BoneIndex 21
@TopNode NO
$WorldTM 4 4
-0.999991 -0.003261 0.002750 0.000000
-0.000069 0.657002 0.753889 0.000000
-0.004265 0.753882 -0.656996 0.000000
-0.000000 2.290000 0.012452 1.000000
$LocalTM 4 4
0.999989 0.003945 -0.002530 0.000000
-0.000226 0.579882 0.814701 0.000000
0.004681 -0.814691 0.579877 0.000000
0.000000 -0.000000 0.211253 1.000000
#BONE
@NodeName head
@ParentName neck1
@BoneIndex 22
@TopNode NO
$WorldTM 4 4
-1.000000 0.000002 -0.000008 0.000000
-0.000007 -0.699977 0.714165 0.000000
-0.000004 0.714165 0.699977 0.000000
-0.000714 2.416221 -0.097548 1.000000
$LocalTM 4 4
0.999991 0.000065 0.004272 0.000000
0.004254 0.078515 -0.996904 0.000000
-0.000400 0.996912 0.078514 0.000000
-0.000000 -0.000000 0.167428 1.000000
#BONE
@NodeName shoulder.L
@ParentName spine.001
@BoneIndex 23
@TopNode NO
$WorldTM 4 4
-0.006548 -0.547627 -0.836696 0.000000
0.656018 0.629143 -0.416915 0.000000
0.754717 -0.551619 0.355134 0.000000
0.113499 2.101246 0.057832 1.000000
$LocalTM 4 4
0.006008 -0.997003 0.077113 0.000000
-0.654272 0.054399 0.754300 0.000000
-0.756236 -0.054985 -0.651986 0.000000
-0.113539 0.085220 0.271642 1.000000
#BONE
@NodeName arm.L
@ParentName shoulder.L
@BoneIndex 24
@TopNode NO
$WorldTM 4 4
0.322243 -0.743577 -0.585875 0.000000
0.738093 0.584882 -0.336350 0.000000
0.592772 -0.324045 0.737306 0.000000
0.236660 2.011228 0.115786 1.000000
$LocalTM 4 4
0.895294 -0.012159 0.445309 0.000000
-0.043707 0.992407 0.114971 0.000000
-0.443328 -0.122396 0.887965 0.000000
-0.000000 -0.000000 0.163189 1.000000
#BONE
@NodeName forearm.L
@ParentName arm.L
@BoneIndex 25
@TopNode NO
$WorldTM 4 4
-0.978231 -0.095326 -0.184322 0.000000
0.095332 0.582517 -0.807208 0.000000
0.184319 -0.807210 -0.560751 0.000000
0.601926 1.811552 0.570114 1.000000
$LocalTM 4 4
-0.136357 -0.715784 -0.684877 0.000000
0.070497 0.682572 -0.727408 0.000000
0.988151 -0.147470 -0.042613 0.000000
-0.000000 0.000001 0.616200 1.000000
#BONE
@NodeName hand.L
@ParentName forearm.L
@BoneIndex 26
@TopNode NO
$WorldTM 4 4
-0.997576 -0.031688 -0.061934 0.000000
0.037073 0.511178 -0.858673 0.000000
0.058869 -0.858892 -0.508767 0.000000
0.753031 1.149796 0.110407 1.000000
$LocalTM 4 4
0.990299 -0.063566 -0.123563 0.000000
0.073278 0.994434 0.075706 0.000000
0.118064 -0.084027 0.989445 0.000000
0.000001 -0.000000 0.819806 1.000000
#BONE
@NodeName s1.L
@ParentName hand.L
@BoneIndex 27
@TopNode NO
$WorldTM 4 4
-0.996632 -0.039936 -0.071603 0.000000
0.039943 0.526175 -0.849437 0.000000
0.071599 -0.849440 -0.522810 0.000000
0.751813 0.976083 -0.007008 1.000000
$LocalTM 4 4
0.999918 0.004121 0.012059 0.000000
-0.003911 0.999841 -0.017410 0.000000
-0.012129 0.017362 0.999776 0.000000
0.013992 0.011978 0.208864 1.000000
#BONE
@NodeName s2.L
@ParentName s1.L
@BoneIndex 28
@TopNode NO
$WorldTM 4 4
-0.931509 0.200275 0.303610 0.000000
-0.200268 0.414385 -0.887793 0.000000
-0.303615 -0.887794 -0.345895 0.000000
0.768063 0.783293 -0.125665 1.000000
$LocalTM 4 4
0.898637 -0.189726 -0.395545 0.000000
0.246614 0.964165 0.097813 0.000000
0.362815 -0.185446 0.913223 0.000000
0.000000 -0.000001 0.226961 1.000000
#BONE
@NodeName s3.L
@ParentName s2.L
@BoneIndex 29
@TopNode NO
$WorldTM 4 4
-0.563207 0.448999 0.693683 0.000000
-0.448994 0.538458 -0.713068 0.000000
-0.693688 -0.713067 -0.101666 0.000000
0.711593 0.618171 -0.189999 1.000000
$LocalTM 4 4
0.825166 -0.316997 -0.467561 0.000000
0.309588 0.946107 -0.095072 0.000000
0.472502 -0.066302 0.878833 0.000000
-0.000000 0.000000 0.185992 1.000000
#BONE
@NodeName F1.L
@ParentName hand.L
@BoneIndex 30
@TopNode NO
$WorldTM 4 4
-0.537533 0.043624 0.842112 0.000000
-0.043624 0.995884 -0.079436 0.000000
-0.842114 -0.079436 -0.533419 0.000000
0.696432 1.084690 0.030906 1.000000
$LocalTM 4 4
0.482693 -0.720729 -0.497549 0.000000
0.016881 0.575668 -0.817507 0.000000
0.875629 0.386208 0.290037 0.000000
0.063449 0.032886 0.093034 1.000000
#BONE
@NodeName f2.L
@ParentName F1.L
@BoneIndex 31
@TopNode NO
$WorldTM 4 4
-0.726773 0.427796 0.537392 0.000000
-0.427791 0.330197 -0.841405 0.000000
-0.537397 -0.841405 -0.056971 0.000000
0.597105 1.075319 -0.032011 1.000000
$LocalTM 4 4
0.861872 0.415053 0.291388 0.000000
-0.464202 0.414339 0.782839 0.000000
0.204188 -0.809974 0.549776 0.000000
-0.000000 -0.000001 0.117950 1.000000
#BONE
@NodeName f3.L
@ParentName f2.L
@BoneIndex 32
@TopNode NO
$WorldTM 4 4
-0.966587 0.181436 0.181076 0.000000
-0.181430 0.014783 -0.983292 0.000000
-0.181082 -0.983293 0.018629 0.000000
0.504899 0.930951 -0.041786 1.000000
$LocalTM 4 4
0.877418 0.321050 0.356463 0.000000
-0.390231 0.909844 0.141080 0.000000
-0.279033 -0.262890 0.923596 0.000000
-0.000000 -0.000000 0.171580 1.000000
#BONE
@NodeName t1.L
@ParentName hand.L
@BoneIndex 33
@TopNode NO
$WorldTM 4 4
-0.992247 0.077679 0.097000 0.000000
-0.077672 0.221640 -0.972029 0.000000
-0.097006 -0.972032 -0.213889 0.000000
0.769984 0.965755 0.033649 1.000000
$LocalTM 4 4
0.981375 -0.080369 -0.174480 0.000000
0.130662 0.945076 0.299598 0.000000
0.140820 -0.316818 0.937975 0.000000
-0.006326 -0.027539 0.198121 1.000000
#BONE
@NodeName t2.L
@ParentName t1.L
@BoneIndex 34
@TopNode NO
$WorldTM 4 4
-0.706229 0.410284 0.576981 0.000000
-0.410277 0.427001 -0.805816 0.000000
-0.576987 -0.805816 -0.133231 0.000000
0.745763 0.723055 -0.019756 1.000000
$LocalTM 4 4
0.788593 -0.415054 -0.453709 0.000000
0.362102 0.909786 -0.202903 0.000000
0.496997 -0.004281 0.867743 0.000000
0.000000 0.000001 0.249683 1.000000
#BONE
@NodeName t3.L
@ParentName t2.L
@BoneIndex 35
@TopNode NO
$WorldTM 4 4
-0.276208 0.379332 0.883071 0.000000
-0.379328 0.801197 -0.462809 0.000000
-0.883075 -0.462807 -0.077406 0.000000
0.642839 0.579312 -0.043522 1.000000
$LocalTM 4 4
0.860216 -0.436298 -0.263955 0.000000
0.329579 0.870683 -0.365088 0.000000
0.389110 0.227062 0.892770 0.000000
-0.000000 -0.000000 0.178382 1.000000
#BONE
@NodeName l1.L
@ParentName hand.L
@BoneIndex 36
@TopNode NO
$WorldTM 4 4
-0.952645 0.214204 0.215829 0.000000
-0.214196 0.031090 -0.976295 0.000000
-0.215837 -0.976296 0.016264 0.000000
0.794679 0.968089 0.083027 1.000000
$LocalTM 4 4
0.930183 -0.111147 -0.349864 0.000000
0.273158 0.846272 0.457392 0.000000
0.245244 -0.521030 0.817548 0.000000
-0.034093 -0.067830 0.172448 1.000000
#BONE
@NodeName l2.L
@ParentName l1.L
@BoneIndex 37
@TopNode NO
$WorldTM 4 4
-0.511653 0.484016 0.709887 0.000000
-0.484011 0.520281 -0.703591 0.000000
-0.709891 -0.703589 -0.031935 0.000000
0.736974 0.707072 0.087375 1.000000
$LocalTM 4 4
0.744317 -0.568418 -0.350562 0.000000
0.420682 0.806762 -0.414923 0.000000
0.518672 0.161360 0.839609 0.000000
0.000000 0.000000 0.267354 1.000000
#BONE
@NodeName l3.L
@ParentName l2.L
@BoneIndex 38
@TopNode NO
$WorldTM 4 4
-0.298136 0.317438 0.900192 0.000000
-0.317436 0.856429 -0.407138 0.000000
-0.900196 -0.407137 -0.154567 0.000000
0.612862 0.584062 0.081792 1.000000
$LocalTM 4 4
0.945222 -0.323909 -0.040449 0.000000
0.287920 0.885686 -0.364226 0.000000
0.153802 0.332630 0.930432 0.000000
0.000000 -0.000000 0.174833 1.000000
#BONE
@NodeName inner
@ParentName spine.003
@BoneIndex 39
@TopNode NO
$WorldTM 4 4
-1.000000 0.000000 0.000007 0.000000
0.000000 1.000000 0.000000 0.000000
-0.000007 0.000000 -1.000000 0.000000
0.000001 1.710000 0.022452 1.000000
$LocalTM 4 4
1.000000 0.000013 0.000003 0.000000
0.000004 -0.499809 0.866135 0.000000
0.000013 -0.866135 -0.499809 0.000000
-0.000715 -0.211243 0.296337 1.000000
#BONE
@NodeName spine.004
@ParentName Bone
@BoneIndex 40
@TopNode NO
$WorldTM 4 4
-1.000000 0.000000 -0.000007 0.000000
0.000007 -0.043727 -0.999044 0.000000
-0.000000 -0.999044 0.043727 0.000000
-0.000000 1.275285 -0.020639 1.000000
$LocalTM 4 4
1.000000 -0.000006 0.000004 0.000000
-0.000006 -0.999044 -0.043727 0.000000
0.000004 0.043727 -0.999044 0.000000
0.000000 -0.143091 0.005285 1.000000
#BONE
@NodeName spine.005
@ParentName spine.004
@BoneIndex 41
@TopNode NO
$WorldTM 4 4
-1.000000 -0.000003 -0.000009 0.000000
0.000009 -0.259679 -0.965696 0.000000
0.000001 -0.965695 0.259679 0.000000
-0.000000 0.752030 0.002263 1.000000
$LocalTM 4 4
1.000000 0.000002 0.000003 0.000000
-0.000003 0.976127 0.217204 0.000000
-0.000002 -0.217204 0.976126 0.000000
0.000000 0.000000 0.523756 1.000000
#BONE
@NodeName spine.006
@ParentName spine.005
@BoneIndex 42
@TopNode NO
$WorldTM 4 4
-1.000000 -0.000010 -0.000012 0.000000
0.000016 -0.635189 -0.772358 0.000000
0.000000 -0.772357 0.635189 0.000000
0.000000 0.411861 0.093736 1.000000
$LocalTM 4 4
1.000000 0.000005 0.000006 0.000000
-0.000007 0.910807 0.412834 0.000000
-0.000004 -0.412833 0.910806 0.000000
-0.000000 -0.000000 0.352253 1.000000
#BONE
@NodeName bone
@ParentName Armature
@BoneIndex 43
@TopNode YES
$WorldTM 4 4
-0.000003 -0.000957 1.000000 0.000000
-0.999983 0.005907 0.000003 0.000000
-0.005907 -0.999982 -0.000957 0.000000
0.002326 2.564359 1.184464 1.000000
$LocalTM 4 4
-0.000003 -0.000957 1.000000 0.000000
-0.999983 0.005907 0.000003 0.000000
-0.005907 -0.999982 -0.000957 0.000000
0.002326 2.564359 1.184464 1.000000
#BONE
@NodeName sapin
@ParentName bone
@BoneIndex 44
@TopNode NO
$WorldTM 4 4
-0.011508 -0.999534 0.028294 0.000000
-0.999681 0.012137 0.022165 0.000000
-0.022498 -0.028030 -0.999353 0.000000
0.014977 2.473255 1.206646 1.000000
$LocalTM 4 4
0.029251 0.005604 0.999557 0.000000
0.022156 0.999735 -0.006253 0.000000
-0.999326 0.022329 0.029119 0.000000
0.022269 -0.013189 0.091006 1.000000
#BONE
@NodeName Bone.001
@ParentName sapin
@BoneIndex 45
@TopNode NO
$WorldTM 4 4
-0.000053 -0.999900 0.014218 0.000000
-1.000000 0.000053 -0.000001 0.000000
-0.000000 -0.014218 -0.999898 0.000000
-1.190000 2.211706 1.190331 1.000000
$LocalTM 4 4
0.999836 -0.011768 0.013819 0.000000
0.011455 0.999681 0.022497 0.000000
-0.014080 -0.022335 0.999651 0.000000
0.274832 1.201056 0.050745 1.000000
#BONE
@NodeName ball2
@ParentName sapin
@BoneIndex 46
@TopNode NO
$WorldTM 4 4
0.000026 -0.998117 0.061352 0.000000
-1.000000 -0.000026 0.000002 0.000000
-0.000000 -0.061352 -0.998115 0.000000
-1.002590 3.156442 1.180331 1.000000
$LocalTM 4 4
0.999386 -0.010780 -0.033336 0.000000
0.011534 0.999680 0.022497 0.000000
0.033083 -0.022868 0.999191 0.000000
-0.671903 1.024950 0.030042 1.000000
#BONE
@NodeName ball3
@ParentName sapin
@BoneIndex 47
@TopNode NO
$WorldTM 4 4
0.000165 -0.995894 -0.090533 0.000000
-1.000000 -0.000164 -0.000015 0.000000
-0.000000 0.090533 -0.995892 0.000000
0.000000 3.670001 1.210330 1.000000
$LocalTM 4 4
0.992865 -0.014259 0.118386 0.000000
0.011672 0.999678 0.022518 0.000000
-0.118668 -0.020975 0.992712 0.000000
-1.195910 0.029579 -0.036889 1.000000
#BONE
@NodeName ball4
@ParentName sapin
@BoneIndex 48
@TopNode NO
$WorldTM 4 4
-0.000006 -0.998117 0.061353 0.000000
-1.000000 0.000006 -0.000000 0.000000
-0.000000 -0.061353 -0.998115 0.000000
1.009101 3.163558 1.180331 1.000000
$LocalTM 4 4
0.999387 -0.010748 -0.033336 0.000000
0.011502 0.999680 0.022498 0.000000
0.033084 -0.022868 0.999191 0.000000
-0.702166 -0.986011 -0.015417 1.000000
#BONE
@NodeName ball5
@ParentName sapin
@BoneIndex 49
@TopNode NO
$WorldTM 4 4
0.000268 -1.000001 -0.000000 0.000000
-1.000000 -0.000268 0.000000 0.000000
-0.000000 0.000000 -0.999999 0.000000
1.210000 2.210000 1.190331 1.000000
$LocalTM 4 4
0.999531 -0.012405 0.028024 0.000000
0.011776 0.999677 0.022506 0.000000
-0.028294 -0.022165 0.999354 0.000000
0.248918 -1.198198 -0.003202 1.000000
#SKIN
@NodeName bossb_low
@ParentName RootNode
@MeshName bossb+_0
@MaterialName bossb+_bone
@TopNode YES
$WorldTM 4 4
1.000000 0.000000 0.000000 0.000000
0.000000 1.000000 0.000000 0.000000
0.000000 0.000000 1.000000 0.000000
0.000000 0.000000 0.000000 1.000000
$LocalTM 4 4
1.000000 0.000000 0.000000 0.000000
0.000000 1.000000 0.000000 0.000000
0.000000 0.000000 1.000000 0.000000
0.000000 0.000000 0.000000 1.000000
$BoneOffset 50 16
-1.000000 -0.000001 -0.000004 0.000000 -0.000004 0.000000 1.000000 0.000000 -0.000001 1.000000 -0.000000 0.000000 0.000005 -0.122452 -1.270000 1.000000
-1.000000 -0.000007 0.000000 0.000000 0.000004 -0.499809 0.866135 0.000000 -0.000006 0.866135 0.499809 0.000000 -0.000721 0.623984 -1.195977 1.000000
-1.000000 -0.000008 -0.000000 0.000000 -0.000001 0.073785 0.997274 0.000000 -0.000008 0.997274 -0.073785 0.000000 -0.000713 -0.291016 -1.537510 1.000000
-0.999997 0.000717 0.002265 0.000000 0.002232 0.610542 0.791981 0.000000 -0.000815 0.791983 -0.610542 0.000000 -0.004683 -1.243561 -1.357453 1.000000
-0.006561 -0.656009 -0.754725 0.000000 0.547626 0.629146 -0.551617 0.000000 0.836698 -0.416926 0.355120 0.000000 -1.199829 -1.372337 1.052886 1.000000
0.322235 -0.738089 -0.592782 0.000000 0.743578 0.584882 -0.324045 0.000000 0.585881 -0.336361 0.737296 0.000000 -1.487079 -1.312064 0.426073 1.000000
-0.978235 -0.095320 -0.184310 0.000000 0.095326 0.582518 -0.807208 0.000000 0.184307 -0.807210 -0.560753 0.000000 -0.866595 -0.652445 1.671045 1.000000
-0.997578 -0.037060 -0.058861 0.000000 0.031688 0.511179 -0.858890 0.000000 0.061919 -0.858675 -0.508767 0.000000 -0.794480 -0.520865 0.999390 1.000000
-0.996634 -0.039931 -0.071591 0.000000 0.039936 0.526176 -0.849437 0.000000 0.071588 -0.849438 -0.522810 0.000000 -0.787761 -0.549575 0.771630 1.000000
-0.931505 0.200282 0.303619 0.000000 -0.200275 0.414386 -0.887792 0.000000 -0.303624 -0.887791 -0.345891 0.000000 -0.596737 -0.282332 0.885131 1.000000
-0.563196 0.449004 0.693689 0.000000 -0.448999 0.538460 -0.713065 0.000000 -0.693692 -0.713061 -0.101657 0.000000 -0.255015 -0.148843 0.915103 1.000000
-0.537521 0.043625 0.842121 0.000000 -0.043624 0.995885 -0.079435 0.000000 -0.842121 -0.079435 -0.533406 0.000000 -0.301012 -1.047392 0.689123 1.000000
-0.726765 0.427803 0.537397 0.000000 -0.427797 0.330198 -0.841403 0.000000 -0.537402 -0.841399 -0.056964 0.000000 0.008856 -0.126567 1.223837 1.000000
-0.966585 0.181445 0.181083 0.000000 -0.181438 0.014783 -0.983291 0.000000 -0.181090 -0.983290 0.018632 0.000000 -0.326685 0.036754 1.007604 1.000000
-0.992247 0.077687 0.097009 0.000000 -0.077679 0.221641 -0.972029 0.000000 -0.097015 -0.972029 -0.213888 0.000000 -0.685732 -0.121537 1.020632 1.000000
-0.706220 0.410289 0.576989 0.000000 -0.410284 0.427003 -0.805813 0.000000 -0.576993 -0.805810 -0.133223 0.000000 -0.241419 -0.018697 1.010312 1.000000
-0.276195 0.379335 0.883074 0.000000 -0.379332 0.801197 -0.462806 0.000000 -0.883076 -0.462803 -0.077393 0.000000 0.003762 -0.240440 0.832416 1.000000
-0.952642 0.214212 0.215836 0.000000 -0.214204 0.031090 -0.976294 0.000000 -0.215844 -0.976293 0.016267 0.000000 -0.531759 0.221179 1.115311 1.000000
-0.511642 0.484021 0.709892 0.000000 -0.484016 0.520283 -0.703586 0.000000 -0.709895 -0.703584 -0.031925 0.000000 0.027186 0.050301 1.023450 1.000000
-0.298123 0.317442 0.900196 0.000000 -0.317438 0.856431 -0.407136 0.000000 -0.900198 -0.407134 -0.154554 0.000000 0.076316 -0.272366 0.802130 1.000000
-1.000000 -0.000510 0.000000 0.000000 0.000119 -0.233210 0.972427 0.000000 -0.000496 0.972427 0.233210 0.000000 -0.000266 0.521942 -2.018508 1.000000
-0.999991 -0.000069 -0.004265 0.000000 -0.003261 0.657002 0.753882 0.000000 0.002750 0.753889 -0.656996 0.000000 0.007433 -1.513921 -1.718209 1.000000
-1.000000 -0.000007 -0.000004 0.000000 0.000002 -0.699977 0.714166 0.000000 -0.000008 0.714166 0.699977 0.000000 -0.000720 1.760966 -1.657300 1.000000
-0.006548 0.656018 0.754716 0.000000 -0.547627 0.629144 -0.551618 0.000000 -0.836697 -0.416915 0.355134 0.000000 1.199830 -1.372332 1.052888 1.000000
0.322244 0.738094 0.592770 0.000000 -0.743578 0.584882 -0.324044 0.000000 -0.585876 -0.336350 0.737304 0.000000 1.487079 -1.312064 0.426073 1.000000
-0.978232 0.095332 0.184319 0.000000 -0.095326 0.582518 -0.807208 0.000000 -0.184322 -0.807208 -0.560750 0.000000 0.866596 -0.652445 1.671045 1.000000
-0.997577 0.037073 0.058869 0.000000 -0.031688 0.511179 -0.858890 0.000000 -0.061934 -0.858675 -0.508766 0.000000 0.794479 -0.520866 0.999390 1.000000
-0.996634 0.039943 0.071599 0.000000 -0.039936 0.526176 -0.849437 0.000000 -0.071603 -0.849437 -0.522809 0.000000 0.787761 -0.549575 0.771630 1.000000
-0.931510 -0.200268 -0.303614 0.000000 0.200275 0.414385 -0.887792 0.000000 0.303610 -0.887793 -0.345895 0.000000 0.596737 -0.282331 0.885131 1.000000
-0.563207 -0.448993 -0.693688 0.000000 0.448999 0.538459 -0.713064 0.000000 0.693684 -0.713068 -0.101667 0.000000 0.255014 -0.148843 0.915104 1.000000
-0.537534 -0.043623 -0.842114 0.000000 0.043624 0.995885 -0.079435 0.000000 0.842114 -0.079435 -0.533419 0.000000 0.301011 -1.047392 0.689123 1.000000
-0.726773 -0.427791 -0.537397 0.000000 0.427797 0.330198 -0.841403 0.000000 0.537392 -0.841406 -0.056971 0.000000 -0.008857 -0.126567 1.223837 1.000000
-0.966588 -0.181430 -0.181083 0.000000 0.181437 0.014783 -0.983292 0.000000 0.181076 -0.983292 0.018629 0.000000 0.326686 0.036754 1.007605 1.000000
-0.992249 -0.077672 -0.097005 0.000000 0.077679 0.221641 -0.972029 0.000000 0.097000 -0.972030 -0.213889 0.000000 0.685733 -0.121537 1.020633 1.000000
-0.706229 -0.410278 -0.576986 0.000000 0.410284 0.427003 -0.805814 0.000000 0.576982 -0.805818 -0.133231 0.000000 0.241420 -0.018697 1.010312 1.000000
-0.276208 -0.379328 -0.883073 0.000000 0.379332 0.801197 -0.462806 0.000000 0.883072 -0.462809 -0.077406 0.000000 -0.003762 -0.240440 0.832415 1.000000
-0.952646 -0.214196 -0.215837 0.000000 0.214204 0.031090 -0.976294 0.000000 0.215829 -0.976295 0.016264 0.000000 0.531759 0.221178 1.115311 1.000000
-0.511652 -0.484010 -0.709891 0.000000 0.484015 0.520283 -0.703587 0.000000 0.709887 -0.703591 -0.031936 0.000000 -0.027187 0.050301 1.023450 1.000000
-0.298136 -0.317436 -0.900194 0.000000 0.317438 0.856430 -0.407136 0.000000 0.900194 -0.407138 -0.154567 0.000000 -0.076317 -0.272365 0.802130 1.000000
-1.000000 0.000000 -0.000007 0.000000 0.000000 1.000000 0.000000 0.000000 0.000007 0.000000 -1.000000 0.000000 0.000001 -1.710000 0.022452 1.000000
-1.000000 0.000007 -0.000000 0.000000 -0.000000 -0.043727 -0.999043 0.000000 -0.000007 -0.999043 0.043727 0.000000 -0.000000 0.035145 1.274967 1.000000
-1.000000 0.000009 0.000001 0.000000 -0.000003 -0.259679 -0.965695 0.000000 -0.000009 -0.965694 0.259679 0.000000 0.000002 0.197471 0.725644 1.000000
-1.000000 0.000016 0.000000 0.000000 -0.000010 -0.635188 -0.772357 0.000000 -0.000012 -0.772356 0.635188 0.000000 0.000005 0.334007 0.258564 1.000000
-0.000003 -0.999982 -0.005907 0.000000 -0.000957 0.005907 -0.999982 0.000000 0.999999 0.000003 -0.000957 0.000000 -1.182009 -0.012825 2.565460 1.000000
-0.011508 -0.999680 -0.022493 0.000000 -0.999534 0.012137 -0.028030 0.000000 0.028294 0.022160 -0.999354 0.000000 2.438133 -0.041785 1.275528 1.000000
-0.000053 -1.000000 -0.000000 0.000000 -0.999899 0.000053 -0.014218 0.000000 0.014218 -0.000000 -0.999899 0.000000 2.194495 -1.190117 1.221656 1.000000
0.000026 -1.000000 0.000001 0.000000 -0.998116 -0.000026 -0.061352 0.000000 0.061352 0.000001 -0.998116 0.000000 3.078107 -1.002509 1.371763 1.000000
0.000165 -1.000000 0.000004 0.000000 -0.995894 -0.000164 0.090533 0.000000 -0.090533 -0.000018 -0.995894 0.000000 3.764506 0.000624 0.873104 1.000000
-0.000006 -1.000000 -0.000000 0.000000 -0.998116 0.000006 -0.061353 0.000000 0.061353 -0.000000 -0.998116 0.000000 3.085188 1.009082 1.372202 1.000000
0.000268 -1.000000 0.000000 0.000000 -1.000000 -0.000268 0.000000 0.000000 0.000000 -0.000000 -1.000000 0.000000 2.209676 1.210592 1.190331 1.000000
&