#BONE
@ParentName Armature
@NodeName Bone
@BoneIndex 0
@TopNode YES
$WorldTM 4 4
1.000000 -0.000004 0.000008 0.000000
0.000008 -0.000000 -1.000000 0.000000
0.000004 1.000000 -0.000000 0.000000
0.000001 1.668873 -0.125613 1.000000
$LocalTM 4 4
1.000000 -0.000004 0.000008 0.000000
0.000008 -0.000000 -1.000000 0.000000
0.000004 1.000000 -0.000000 0.000000
0.000001 1.668873 -0.122452 1.000000
#BONE
@ParentName Bone
@NodeName spine.003
@BoneIndex 1
@TopNode NO
$WorldTM 4 4
1.000000 0.000003 0.000014 0.000000
0.000015 -0.260179 -0.965560 0.000000
0.000001 0.965560 -0.260179 0.000000
0.000716 1.746624 -0.060466 1.000000
$LocalTM 4 4
1.000000 -0.000006 0.000007 0.000000
0.000008 0.965560 -0.260179 0.000000
-0.000005 0.260179 0.965560 0.000000
0.000716 -0.065147 0.077751 1.000000
#BONE
@ParentName spine.003
@NodeName spine.002
@BoneIndex 2
@TopNode NO
$WorldTM 4 4
1.000000 -0.000002 0.000015 0.000000
0.000015 0.375282 -0.926911 0.000000
-0.000004 0.926911 0.375282 0.000000
0.000717 1.977430 -0.122658 1.000000
$LocalTM 4 4
1.000000 0.000001 -0.000005 0.000000
0.000002 0.797348 0.603520 0.000000
0.000005 -0.603520 0.797348 0.000000
-0.000000 0.000000 0.239038 1.000000
#BONE
@ParentName spine.002
@NodeName spine.001
@BoneIndex 3
@TopNode NO
$WorldTM 4 4
0.999997 0.001877 0.001466 0.000000
-0.000798 0.844054 -0.536257 0.000000
-0.002244 0.536254 0.844053 0.000000
0.000716 2.237250 -0.017464 1.000000
$LocalTM 4 4
0.999997 -0.000640 0.002286 0.000000
-0.000808 0.813821 0.581116 0.000000
-0.002233 -0.581116 0.813818 0.000000
-0.000000 -0.000000 0.280307 1.000000
#BONE
@ParentName spine.001
@NodeName neck2
@BoneIndex 4
@TopNode NO
$WorldTM 4 4
1.000000 -0.000053 0.000437 0.000000
0.000432 0.307063 -0.951689 0.000000
-0.000084 0.951689 0.307063 0.000000
0.000007 2.406687 0.249227 1.000000
$LocalTM 4 4
0.999998 -0.001077 -0.001904 0.000000
-0.000387 0.769527 -0.638614 0.000000
0.002153 0.638613 0.769525 0.000000
-0.000000 0.000000 0.315965 1.000000
#BONE
@ParentName neck2
@NodeName neck1
@BoneIndex 5
@TopNode NO
$WorldTM 4 4
0.999991 -0.001250 -0.004095 0.000000
-0.000044 0.953402 -0.301703 0.000000
0.004281 0.301700 0.953393 0.000000
-0.000011 2.607734 0.314095 1.000000
$LocalTM 4 4
0.999989 0.003946 -0.002530 0.000000
-0.000227 0.579882 0.814700 0.000000
0.004682 -0.814691 0.579876 0.000000
-0.000000 -0.000000 0.211253 1.000000
#BONE
@ParentName neck1
@NodeName head
@BoneIndex 6
@TopNode NO
$WorldTM 4 4
1.000000 0.000084 -0.000044 0.000000
-0.000089 0.665177 -0.746685 0.000000
-0.000034 0.746685 0.665177 0.000000
0.000706 2.658247 0.473720 1.000000
$LocalTM 4 4
0.999991 0.000049 0.004264 0.000000
0.002138 0.859459 -0.511201 0.000000
-0.003690 0.511205 0.859451 0.000000
0.000000 -0.000000 0.167429 1.000000
#BONE
@ParentName head
@NodeName head_end
@BoneIndex 7
@TopNode NO
$WorldTM 4 4
1.000000 0.000084 -0.000044 0.000000
-0.000089 0.665177 -0.746685 0.000000
-0.000034 0.746685 0.665177 0.000000
0.000702 2.739584 0.546178 1.000000
$LocalTM 4 4
1.000000 0.000000 0.000000 0.000000
-0.000000 1.000000 0.000000 0.000000
-0.000000 -0.000000 1.000000 0.000000
0.000000 0.000000 0.108930 1.000000
#BONE
@ParentName spine.001
@NodeName shoulder.L
@BoneIndex 8
@TopNode NO
$WorldTM 4 4
0.233369 -0.710866 0.663481 0.000000
-0.679310 0.369025 0.634317 0.000000
-0.695756 -0.598739 -0.396780 0.000000
-0.113500 2.454636 0.165950 1.000000
$LocalTM 4 4
0.233007 -0.955992 0.178285 0.000000
-0.677685 -0.028137 0.734813 0.000000
-0.697460 -0.292037 -0.654419 0.000000
-0.113538 0.085220 0.271642 1.000000
#BONE
@ParentName shoulder.L
@NodeName arm.L
@BoneIndex 9
@TopNode NO
$WorldTM 4 4
-0.547340 -0.084997 0.832582 0.000000
-0.637069 0.687458 -0.348629 0.000000
-0.542733 -0.721232 -0.430423 0.000000
-0.227040 2.356928 0.101200 1.000000
$LocalTM 4 4
0.485092 0.868569 0.101354 0.000000
-0.868672 0.465316 0.169966 0.000000
0.100465 -0.170493 0.980223 0.000000
-0.000000 -0.000000 0.163189 1.000000
#BONE
@ParentName arm.L
@NodeName forearm.L
@BoneIndex 10
@TopNode NO
$WorldTM 4 4
0.586122 -0.207176 -0.783286 0.000000
0.793369 -0.049398 0.606732 0.000000
-0.164394 -0.977055 0.135414 0.000000
-0.540493 1.940385 -0.147389 1.000000
$LocalTM 4 4
-0.955350 -0.242749 0.168459 0.000000
0.075110 -0.750916 -0.656112 0.000000
0.285769 -0.614164 0.735621 0.000000
0.000000 0.000000 0.577545 1.000000
#BONE
@ParentName forearm.L
@NodeName hand.L
@BoneIndex 11
@TopNode NO
$WorldTM 4 4
0.409856 -0.192107 -0.891690 0.000000
0.895916 0.268391 0.353976 0.000000
0.171320 -0.943959 0.282114 0.000000
-0.671562 1.161387 -0.039425 1.000000
$LocalTM 4 4
0.978476 -0.206360 -0.000425 0.000000
0.192248 0.912304 -0.361583 0.000000
0.075004 0.353718 0.932340 0.000000
-0.000000 0.000000 0.797291 1.000000
#BONE
@ParentName hand.L
@NodeName s1.L
@BoneIndex 12
@TopNode NO
$WorldTM 4 4
-0.357337 -0.062126 -0.931906 0.000000
0.931751 0.045099 -0.360284 0.000000
0.064411 -0.997048 0.041771 0.000000
-0.622744 0.951330 0.015423 1.000000
$LocalTM 4 4
0.696451 -0.666691 -0.265479 0.000000
0.694483 0.719344 0.015415 0.000000
0.180693 -0.195106 0.963993 0.000000
0.011455 0.006775 0.222122 1.000000
#BONE
@ParentName s1.L
@NodeName s2.L
@BoneIndex 13
@TopNode NO
$WorldTM 4 4
-0.571151 0.366454 -0.734503 0.000000
0.818488 0.186509 -0.543406 0.000000
-0.062142 -0.911550 -0.406463 0.000000
-0.607092 0.709050 0.025573 1.000000
$LocalTM 4 4
0.865817 -0.251015 -0.432842 0.000000
0.202341 0.966820 -0.155938 0.000000
0.457623 0.047432 0.887880 0.000000
-0.000000 -0.000000 0.242998 1.000000
#BONE
@ParentName s2.L
@NodeName s3.L
@BoneIndex 14
@TopNode NO
$WorldTM 4 4
-0.713086 0.566605 -0.412873 0.000000
0.700631 0.555000 -0.448430 0.000000
-0.024939 -0.609042 -0.792744 0.000000
-0.618694 0.538867 -0.050312 1.000000
$LocalTM 4 4
0.918173 -0.253618 -0.304359 0.000000
0.132589 0.920652 -0.367179 0.000000
0.373332 0.296779 0.878945 0.000000
-0.000000 0.000000 0.186697 1.000000
#BONE
@ParentName s3.L
@NodeName s3.L_end
@BoneIndex 15
@TopNode NO
$WorldTM 4 4
-0.713086 0.566605 -0.412873 0.000000
0.700631 0.555000 -0.448430 0.000000
-0.024939 -0.609042 -0.792744 0.000000
-0.627227 0.330478 -0.321557 1.000000
$LocalTM 4 4
1.000000 0.000000 0.000000 0.000000
0.000000 1.000000 0.000000 0.000000
0.000000 0.000000 1.000000 0.000000
0.000000 -0.000000 0.342159 1.000000
#BONE
@ParentName hand.L
@NodeName F1.L
@BoneIndex 16
@TopNode NO
$WorldTM 4 4
-0.594828 0.214116 -0.774810 0.000000
0.418738 0.905304 -0.071291 0.000000
0.686174 -0.366848 -0.628160 0.000000
-0.591744 1.054208 -0.055056 1.000000
$LocalTM 4 4
0.405964 -0.749715 -0.522609 0.000000
0.061276 0.592895 -0.802945 0.000000
0.911832 0.293943 0.286634 0.000000
0.067243 0.037212 0.110438 1.000000
#BONE
@ParentName F1.L
@NodeName f2.L
@BoneIndex 17
@TopNode NO
$WorldTM 4 4
-0.579221 0.355326 -0.733651 0.000000
0.814985 0.271512 -0.511936 0.000000
0.017290 -0.894440 -0.446851 0.000000
-0.515148 1.013257 -0.125176 1.000000
$LocalTM 4 4
0.989061 0.131439 -0.066948 0.000000
-0.029988 0.623563 0.781198 0.000000
0.144426 -0.770645 0.620684 0.000000
-0.000000 0.000000 0.111627 1.000000
#BONE
@ParentName f2.L
@NodeName f3.L
@BoneIndex 18
@TopNode NO
$WorldTM 4 4
-0.894491 0.238139 -0.378382 0.000000
0.401243 0.054298 -0.914359 0.000000
-0.197200 -0.969711 -0.144121 0.000000
-0.512165 0.858937 -0.202272 1.000000
$LocalTM 4 4
0.880328 -0.470633 -0.059386 0.000000
0.457707 0.809845 0.366955 0.000000
-0.124608 -0.350222 0.928341 0.000000
0.000000 -0.000000 0.172533 1.000000
#BONE
@ParentName f3.L
@NodeName f3.L_end
@BoneIndex 19
@TopNode NO
$WorldTM 4 4
-0.894491 0.238139 -0.378382 0.000000
0.401243 0.054298 -0.914359 0.000000
-0.197200 -0.969711 -0.144121 0.000000
-0.539505 0.724495 -0.222254 1.000000
$LocalTM 4 4
1.000000 -0.000000 -0.000000 0.000000
0.000000 1.000000 -0.000000 0.000000
-0.000000 -0.000000 1.000000 0.000000
-0.000000 0.000000 0.138642 1.000000
#BONE
@ParentName hand.L
@NodeName t1.L
@BoneIndex 20
@TopNode NO
$WorldTM 4 4
0.031293 -0.074862 -0.996701 0.000000
0.987057 -0.154598 0.042601 0.000000
-0.157278 -0.985136 0.069056 0.000000
-0.687639 0.929897 0.023371 1.000000
$LocalTM 4 4
0.915957 -0.344866 -0.205156 0.000000
0.396264 0.857909 0.327057 0.000000
0.063214 -0.380866 0.922467 0.000000
-0.018113 -0.054305 0.233479 1.000000
#BONE
@ParentName t1.L
@NodeName t2.L
@BoneIndex 21
@TopNode NO
$WorldTM 4 4
0.010141 0.307294 -0.951559 0.000000
0.996958 -0.076624 -0.014121 0.000000
-0.077253 -0.948524 -0.307137 0.000000
-0.721528 0.717634 0.038251 1.000000
$LocalTM 4 4
0.925736 -0.078036 -0.370033 0.000000
0.051008 0.995302 -0.082289 0.000000
0.374716 0.057303 0.925368 0.000000
-0.000000 -0.000000 0.215466 1.000000
#BONE
@ParentName t2.L
@NodeName t3.L
@BoneIndex 22
@TopNode NO
$WorldTM 4 4
0.104440 0.719655 -0.686431 0.000000
0.992943 -0.036480 0.112829 0.000000
0.056156 -0.693373 -0.718387 0.000000
-0.735301 0.548517 -0.016510 1.000000
$LocalTM 4 4
0.875387 0.058672 -0.479850 0.000000
-0.108505 0.991128 -0.076759 0.000000
0.471089 0.119260 0.873987 0.000000
-0.000000 -0.000000 0.178295 1.000000
#BONE
@ParentName t3.L
@NodeName t3.L_end
@BoneIndex 23
@TopNode NO
$WorldTM 4 4
0.104440 0.719655 -0.686431 0.000000
0.992943 -0.036480 0.112829 0.000000
0.056156 -0.693373 -0.718387 0.000000
-0.715267 0.301153 -0.272799 1.000000
$LocalTM 4 4
1.000000 0.000000 -0.000000 0.000000
0.000000 1.000000 0.000000 0.000000
-0.000000 0.000000 1.000000 0.000000
0.000000 0.000000 0.356756 1.000000
#BONE
@ParentName hand.L
@NodeName l1.L
@BoneIndex 24
@TopNode NO
$WorldTM 4 4
-0.207064 0.141048 -0.968105 0.000000
0.882077 -0.401097 -0.247102 0.000000
-0.423158 -0.905110 -0.041363 0.000000
-0.735384 0.943054 0.026235 1.000000
$LocalTM 4 4
0.751288 -0.490342 -0.441735 0.000000
0.658917 0.595149 0.460027 0.000000
0.037327 -0.636680 0.770224 0.000000
-0.042762 -0.092535 0.213688 1.000000
#BONE
@ParentName l1.L
@NodeName l2.L
@BoneIndex 25
@TopNode NO
$WorldTM 4 4
0.368688 0.264496 -0.891127 0.000000
0.892266 -0.369489 0.259491 0.000000
-0.260628 -0.890796 -0.372227 0.000000
-0.831302 0.737891 0.016859 1.000000
$LocalTM 4 4
0.823672 0.439323 -0.358552 0.000000
-0.488088 0.871130 -0.053875 0.000000
0.288677 0.219380 0.931953 0.000000
-0.000000 -0.000000 0.226672 1.000000
#BONE
@ParentName l2.L
@NodeName l3.L
@BoneIndex 26
@TopNode NO
$WorldTM 4 4
0.186054 0.639748 -0.745724 0.000000
0.977035 -0.200680 0.071603 0.000000
-0.103844 -0.741922 -0.662394 0.000000
-0.876915 0.581991 -0.048285 1.000000
$LocalTM 4 4
0.902344 -0.263880 -0.340797 0.000000
0.243336 0.964508 -0.102531 0.000000
0.355758 0.009590 0.934529 0.000000
-0.000000 -0.000000 0.175012 1.000000
#BONE
@ParentName l3.L
@NodeName l3.L_end
@BoneIndex 27
@TopNode NO
$WorldTM 4 4
0.186054 0.639748 -0.745724 0.000000
0.977035 -0.200680 0.071603 0.000000
-0.103844 -0.741922 -0.662394 0.000000
-0.907569 0.362984 -0.243816 1.000000
$LocalTM 4 4
1.000000 0.000000 -0.000000 0.000000
0.000000 1.000000 0.000000 0.000000
0.000000 -0.000000 1.000000 0.000000
0.000000 0.000000 0.295188 1.000000
#BONE
@ParentName spine.001
@NodeName shoulder.R
@BoneIndex 28
@TopNode NO
$WorldTM 4 4
0.233202 0.710916 -0.663487 0.000000
0.679361 0.369071 0.634235 0.000000
0.695762 -0.598653 -0.396901 0.000000
0.113497 2.454649 0.165937 1.000000
$LocalTM 4 4
0.233563 0.955665 -0.179311 0.000000
0.680982 -0.029139 0.731719 0.000000
0.694054 -0.293010 -0.657597 0.000000
0.113458 0.085056 0.271129 1.000000
#BONE
@ParentName shoulder.R
@NodeName arm.R
@BoneIndex 29
@TopNode NO
$WorldTM 4 4
-0.547579 0.066421 -0.834112 0.000000
0.636843 0.679682 -0.363952 0.000000
0.542758 -0.730492 -0.414480 0.000000
0.227039 2.356955 0.101167 1.000000
$LocalTM 4 4
0.472947 -0.876514 -0.089688 0.000000
0.873187 0.452667 0.180650 0.000000
-0.117744 -0.163752 0.979449 0.000000
0.000000 -0.000000 0.163190 1.000000
#BONE
@ParentName arm.R
@NodeName forearm.R
@BoneIndex 30
@TopNode NO
$WorldTM 4 4
0.586285 0.259297 0.767485 0.000000
-0.793200 -0.008782 0.608896 0.000000
0.164626 -0.965756 0.200526 0.000000
0.540506 1.935063 -0.138214 1.000000
$LocalTM 4 4
-0.943985 0.270284 -0.189312 0.000000
-0.074131 -0.732723 -0.676477 0.000000
-0.321554 -0.624550 0.711716 0.000000
0.000000 0.000000 0.577545 1.000000
#BONE
@ParentName forearm.R
@NodeName hand.R
@BoneIndex 31
@TopNode NO
$WorldTM 4 4
0.410061 0.251566 0.876676 0.000000
-0.895866 0.291405 0.335417 0.000000
-0.171088 -0.922928 0.344864 0.000000
0.671760 1.165074 0.021664 1.000000
$LocalTM 4 4
0.978481 0.206335 0.000351 0.000000
-0.192245 0.912278 -0.361650 0.000000
-0.074941 0.353800 0.932314 0.000000
-0.000000 0.000000 0.797291 1.000000
#BONE
@ParentName hand.R
@NodeName s1.R
@BoneIndex 32
@TopNode NO
$WorldTM 4 4
-0.357088 0.124389 0.925750 0.000000
-0.931865 0.020613 -0.362217 0.000000
-0.064138 -0.992018 0.108553 0.000000
0.623012 0.959156 0.090488 1.000000
$LocalTM 4 4
0.696449 0.666665 0.265550 0.000000
-0.694485 0.719341 0.015491 0.000000
-0.180694 -0.195209 0.963973 0.000000
-0.011455 0.006751 0.222123 1.000000
#BONE
@ParentName s1.R
@NodeName s2.R
@BoneIndex 33
@TopNode NO
$WorldTM 4 4
-0.570848 -0.316515 0.757594 0.000000
-0.818690 0.149454 -0.554444 0.000000
0.062265 -0.936739 -0.344443 0.000000
0.607427 0.718098 0.116866 1.000000
$LocalTM 4 4
0.865817 0.251016 0.432842 0.000000
-0.202341 0.966820 -0.155938 0.000000
-0.457623 0.047432 0.887880 0.000000
-0.000000 0.000000 0.242998 1.000000
#BONE
@ParentName s2.R
@NodeName s3.R
@BoneIndex 34
@TopNode NO
$WorldTM 4 4
-0.712821 -0.537817 0.450152 0.000000
-0.700903 0.523512 -0.484426 0.000000
0.024873 -0.660822 -0.750128 0.000000
0.619051 0.543211 0.052560 1.000000
$LocalTM 4 4
0.918174 0.253618 0.304359 0.000000
-0.132589 0.920652 -0.367179 0.000000
-0.373332 0.296779 0.878945 0.000000
0.000000 0.000000 0.186697 1.000000
#BONE
@ParentName s3.R
@NodeName s3.R_end
@BoneIndex 35
@TopNode NO
$WorldTM 4 4
-0.712821 -0.537817 0.450152 0.000000
-0.700903 0.523512 -0.484426 0.000000
0.024873 -0.660822 -0.750128 0.000000
0.627562 0.317105 -0.204103 1.000000
$LocalTM 4 4
1.000000 -0.000000 0.000000 0.000000
-0.000000 1.000000 0.000000 0.000000
0.000000 0.000000 1.000000 0.000000
-0.000000 0.000000 0.342159 1.000000
#BONE
@ParentName hand.R
@NodeName F1.R
@BoneIndex 36
@TopNode NO
$WorldTM 4 4
-0.594553 -0.161823 0.787603 0.000000
-0.418994 0.898385 -0.131709 0.000000
-0.686257 -0.408309 -0.601940 0.000000
0.591965 1.057068 0.013278 1.000000
$LocalTM 4 4
0.405961 0.749661 0.522689 0.000000
-0.061276 0.592980 -0.802882 0.000000
-0.911834 0.293911 0.286664 0.000000
-0.067243 0.037200 0.110442 1.000000
#BONE
@ParentName F1.R
@NodeName f2.R
@BoneIndex 37
@TopNode NO
$WorldTM 4 4
-0.578921 -0.305471 0.756000 0.000000
-0.815201 0.236376 -0.528745 0.000000
-0.017184 -0.922394 -0.385864 0.000000
0.515360 1.011489 -0.053915 1.000000
$LocalTM 4 4
0.989061 -0.131439 0.066949 0.000000
0.029988 0.623563 0.781198 0.000000
-0.144426 -0.770644 0.620684 0.000000
0.000000 0.000000 0.111627 1.000000
#BONE
@ParentName f2.R
@NodeName f3.R
@BoneIndex 38
@TopNode NO
$WorldTM 4 4
-0.894321 -0.212446 0.393768 0.000000
-0.401517 -0.007233 -0.915822 0.000000
0.197412 -0.977145 -0.078832 0.000000
0.512395 0.852346 -0.120489 1.000000
$LocalTM 4 4
0.880328 0.470633 0.059386 0.000000
-0.457707 0.809845 0.366955 0.000000
0.124608 -0.350222 0.928341 0.000000
0.000000 0.000000 0.172533 1.000000
#BONE
@ParentName f3.R
@NodeName f3.R_end
@BoneIndex 39
@TopNode NO
$WorldTM 4 4
-0.894321 -0.212446 0.393768 0.000000
-0.401517 -0.007233 -0.915822 0.000000
0.197412 -0.977145 -0.078832 0.000000
0.539765 0.716873 -0.131418 1.000000
$LocalTM 4 4
1.000000 0.000000 0.000000 0.000000
0.000000 1.000000 -0.000000 0.000000
0.000000 0.000000 1.000000 0.000000
0.000000 0.000000 0.138642 1.000000
#BONE
@ParentName hand.R
@NodeName t1.R
@BoneIndex 40
@TopNode NO
$WorldTM 4 4
0.031556 0.141535 0.989428 0.000000
-0.987004 -0.151632 0.053169 0.000000
0.157555 -0.978250 0.134911 0.000000
0.687916 0.938320 0.099836 1.000000
$LocalTM 4 4
0.915956 0.344846 0.205193 0.000000
-0.396266 0.857874 0.327147 0.000000
-0.063215 -0.380964 0.922426 0.000000
0.018113 -0.054330 0.233473 1.000000
#BONE
@ParentName t1.R
@NodeName t2.R
@BoneIndex 41
@TopNode NO
$WorldTM 4 4
0.010491 -0.242793 0.970020 0.000000
-0.996943 -0.077639 -0.008651 0.000000
0.077413 -0.966965 -0.242865 0.000000
0.721863 0.727540 0.128905 1.000000
$LocalTM 4 4
0.925736 0.078036 0.370033 0.000000
-0.051008 0.995303 -0.082289 0.000000
-0.374716 0.057303 0.925367 0.000000
0.000000 -0.000000 0.215466 1.000000
#BONE
@ParentName t2.R
@NodeName t3.R
@BoneIndex 42
@TopNode NO
$WorldTM 4 4
0.104822 -0.671981 0.733111 0.000000
-0.992902 -0.029072 0.115320 0.000000
-0.056180 -0.739996 -0.670259 0.000000
0.735666 0.555135 0.085603 1.000000
$LocalTM 4 4
0.875387 -0.058672 0.479850 0.000000
0.108505 0.991128 -0.076759 0.000000
-0.471089 0.119260 0.873986 0.000000
-0.000000 -0.000000 0.178295 1.000000
#BONE
@ParentName t3.R
@NodeName t3.R_end
@BoneIndex 43
@TopNode NO
$WorldTM 4 4
0.104822 -0.671981 0.733111 0.000000
-0.992902 -0.029072 0.115320 0.000000
-0.056180 -0.739996 -0.670259 0.000000
0.715623 0.291137 -0.153515 1.000000
$LocalTM 4 4
1.000000 -0.000000 0.000000 0.000000
0.000000 1.000000 0.000000 0.000000
-0.000000 0.000000 1.000000 0.000000
0.000000 0.000000 0.356756 1.000000
#BONE
@ParentName hand.R
@NodeName l1.R
@BoneIndex 44
@TopNode NO
$WorldTM 4 4
-0.206752 -0.075864 0.975446 0.000000
-0.882042 -0.416976 -0.219384 0.000000
0.423382 -0.905745 0.019295 0.000000
0.735657 0.951650 0.101797 1.000000
$LocalTM 4 4
0.751287 0.490298 0.441788 0.000000
-0.658919 0.595099 0.460089 0.000000
-0.037327 -0.636762 0.770157 0.000000
0.042762 -0.092558 0.213678 1.000000
#BONE
@ParentName l1.R
@NodeName l2.R
@BoneIndex 45
@TopNode NO
$WorldTM 4 4
0.369010 -0.204057 0.906747 0.000000
-0.892097 -0.351473 0.283952 0.000000
0.260755 -0.913688 -0.311736 0.000000
0.831626 0.746343 0.106171 1.000000
$LocalTM 4 4
0.823672 -0.439323 0.358552 0.000000
0.488088 0.871130 -0.053875 0.000000
-0.288677 0.219380 0.931954 0.000000
0.000000 0.000000 0.226672 1.000000
#BONE
@ParentName l2.R
@NodeName l3.R
@BoneIndex 46
@TopNode NO
$WorldTM 4 4
0.186431 -0.588258 0.786888 0.000000
-0.976962 -0.195662 0.085192 0.000000
0.103850 -0.784643 -0.611184 0.000000
0.877261 0.586437 0.051613 1.000000
$LocalTM 4 4
0.902343 0.263880 0.340797 0.000000
-0.243336 0.964507 -0.102531 0.000000
-0.355757 0.009590 0.934528 0.000000
0.000000 0.000000 0.175012 1.000000
#BONE
@ParentName l3.R
@NodeName l3.R_end
@BoneIndex 47
@TopNode NO
$WorldTM 4 4
0.186431 -0.588258 0.786888 0.000000
-0.976962 -0.195662 0.085192 0.000000
0.103850 -0.784643 -0.611184 0.000000
0.907916 0.354819 -0.128801 1.000000
$LocalTM 4 4
1.000000 0.000000 0.000000 0.000000
0.000000 1.000000 0.000000 0.000000
-0.000000 -0.000000 1.000000 0.000000
-0.000000 0.000000 0.295188 1.000000
#BONE
@ParentName spine.003
@NodeName inner
@BoneIndex 48
@TopNode NO
$WorldTM 4 4
1.000000 0.000002 0.000001 0.000000
-0.000003 0.966346 0.257245 0.000000
0.000000 -0.257246 0.966346 0.000000
-0.000001 2.073785 0.064630 1.000000
$LocalTM 4 4
1.000000 0.000014 0.000003 0.000000
0.000004 -0.499809 0.866136 0.000000
0.000013 -0.866136 -0.499809 0.000000
-0.000715 -0.205908 0.283346 1.000000
#BONE
@ParentName inner
@NodeName inner_end
@BoneIndex 49
@TopNode NO
$WorldTM 4 4
1.000000 0.000002 0.000001 0.000000
-0.000003 0.966346 0.257245 0.000000
0.000000 -0.257246 0.966346 0.000000
-0.000001 2.050632 0.151601 1.000000
$LocalTM 4 4
1.000000 -0.000000 0.000000 0.000000
0.000000 1.000000 0.000000 0.000000
-0.000000 0.000000 1.000000 0.000000
0.000000 0.000000 0.090000 1.000000
#BONE
@ParentName Bone
@NodeName spine.004
@BoneIndex 50
@TopNode NO
$WorldTM 4 4
1.000000 -0.000000 0.000014 0.000000
-0.000014 -0.043726 0.999044 0.000000
0.000000 -0.999043 -0.043726 0.000000
-0.000000 1.674158 0.017478 1.000000
$LocalTM 4 4
1.000000 -0.000006 0.000003 0.000000
-0.000006 -0.999044 -0.043727 0.000000
0.000004 0.043726 -0.999043 0.000000
0.000000 -0.143091 0.005285 1.000000
#BONE
@ParentName spine.004
@NodeName spine.005
@BoneIndex 51
@TopNode NO
$WorldTM 4 4
1.000000 -0.000003 0.000017 0.000000
-0.000017 -0.259678 0.965696 0.000000
0.000002 -0.965695 -0.259679 0.000000
0.000000 1.150903 -0.005424 1.000000
$LocalTM 4 4
1.000000 0.000003 0.000002 0.000000
-0.000003 0.976126 0.217204 0.000000
-0.000002 -0.217204 0.976126 0.000000
0.000000 -0.000000 0.523756 1.000000
#BONE
@ParentName spine.005
@NodeName spine.006
@BoneIndex 52
@TopNode NO
$WorldTM 4 4
1.000000 -0.000010 0.000020 0.000000
-0.000021 -0.635188 0.772358 0.000000
0.000005 -0.772357 -0.635189 0.000000
0.000001 0.810734 -0.096897 1.000000
$LocalTM 4 4
1.000000 0.000004 0.000006 0.000000
-0.000007 0.910806 0.412834 0.000000
-0.000004 -0.412834 0.910806 0.000000
-0.000000 -0.000000 0.352253 1.000000
#BONE
@ParentName spine.006
@NodeName spine.006_end
@BoneIndex 53
@TopNode NO
$WorldTM 4 4
1.000000 -0.000010 0.000020 0.000000
-0.000021 -0.635188 0.772358 0.000000
0.000005 -0.772357 -0.635189 0.000000
0.000003 0.398873 -0.435613 1.000000
$LocalTM 4 4
1.000000 -0.000000 -0.000000 0.000000
-0.000000 1.000000 -0.000000 0.000000
0.000000 -0.000000 1.000000 0.000000
-0.000000 0.000000 0.533253 1.000000
#BONE
@ParentName Bone
@NodeName bone
@BoneIndex 54
@TopNode NO
$WorldTM 4 4
0.000010 -0.000957 -0.999999 0.000000
0.999982 0.005920 0.000004 0.000000
0.005920 -0.999982 0.000957 0.000000
-0.000776 2.702248 -1.187376 1.000000
$LocalTM 4 4
0.000002 0.999999 -0.000957 0.000000
0.999982 0.000004 0.005924 0.000000
0.005924 -0.000957 -0.999982 0.000000
-0.000789 1.061762 1.033375 1.000000
#BONE
@ParentName bone
@NodeName sapin
@BoneIndex 55
@TopNode NO
$WorldTM 4 4
0.011521 -0.999533 -0.028294 0.000000
0.999681 0.012150 -0.022158 0.000000
0.022491 -0.028029 0.999354 0.000000
-0.013425 2.611143 -1.209558 1.000000
$LocalTM 4 4
0.029250 0.005603 0.999556 0.000000
0.022156 0.999735 -0.006253 0.000000
-0.999326 0.022329 0.029118 0.000000
0.022269 -0.013189 0.091007 1.000000
#BONE
@ParentName sapin
@NodeName ball1
@BoneIndex 56
@TopNode NO
$WorldTM 4 4
0.000066 -0.999899 -0.014218 0.000000
1.000000 0.000066 0.000008 0.000000
-0.000007 -0.014218 0.999899 0.000000
1.191555 2.349611 -1.193233 1.000000
$LocalTM 4 4
0.999835 -0.011768 0.013819 0.000000
0.011455 0.999681 0.022498 0.000000
-0.014079 -0.022336 0.999651 0.000000
0.274831 1.201056 0.050747 1.000000
#BONE
@ParentName ball1
@NodeName ball1_end
@BoneIndex 57
@TopNode NO
$WorldTM 4 4
0.000066 -0.999899 -0.014218 0.000000
1.000000 0.000066 0.000008 0.000000
-0.000007 -0.014218 0.999899 0.000000
1.191554 2.347905 -1.073233 1.000000
$LocalTM 4 4
1.000000 -0.000000 0.000000 0.000000
0.000000 1.000000 0.000000 0.000000
-0.000000 0.000000 1.000000 0.000000
0.000000 -0.000000 0.120012 1.000000
#BONE
@ParentName sapin
@NodeName ball2
@BoneIndex 58
@TopNode NO
$WorldTM 4 4
-0.000013 -0.998116 -0.061352 0.000000
1.000000 -0.000013 0.000006 0.000000
-0.000006 -0.061352 0.998116 0.000000
1.004133 3.294344 -1.183235 1.000000
$LocalTM 4 4
0.999386 -0.010780 -0.033336 0.000000
0.011534 0.999680 0.022497 0.000000
0.033083 -0.022868 0.999191 0.000000
-0.671903 1.024951 0.030043 1.000000
#BONE
@ParentName ball2
@NodeName ball2_end
@BoneIndex 59
@TopNode NO
$WorldTM 4 4
-0.000013 -0.998116 -0.061352 0.000000
1.000000 -0.000013 0.000006 0.000000
-0.000006 -0.061352 0.998116 0.000000
1.004132 3.286968 -1.063235 1.000000
$LocalTM 4 4
1.000000 0.000000 -0.000000 0.000000
-0.000000 1.000000 -0.000000 0.000000
0.000000 0.000000 1.000000 0.000000
0.000000 0.000000 0.120226 1.000000
#BONE
@ParentName sapin
@NodeName ball3
@BoneIndex 60
@TopNode NO
$WorldTM 4 4
-0.000152 -0.995893 0.090534 0.000000
1.000000 -0.000151 0.000022 0.000000
-0.000008 0.090534 0.995893 0.000000
0.001536 3.807889 -1.213242 1.000000
$LocalTM 4 4
0.992865 -0.014258 0.118386 0.000000
0.011671 0.999678 0.022518 0.000000
-0.118669 -0.020975 0.992712 0.000000
-1.195911 0.029578 -0.036890 1.000000
#BONE
@ParentName ball3
@NodeName ball3_end
@BoneIndex 61
@TopNode NO
$WorldTM 4 4
-0.000152 -0.995893 0.090534 0.000000
1.000000 -0.000151 0.000022 0.000000
-0.000008 0.090534 0.995893 0.000000
0.001535 3.817889 -1.103242 1.000000
$LocalTM 4 4
1.000000 0.000000 0.000000 0.000000
-0.000000 1.000000 0.000000 0.000000
-0.000000 0.000000 1.000000 0.000000
-0.000000 0.000000 0.110453 1.000000
#BONE
@ParentName sapin
@NodeName ball4
@BoneIndex 62
@TopNode NO
$WorldTM 4 4
0.000020 -0.998116 -0.061352 0.000000
1.000000 0.000020 0.000007 0.000000
-0.000005 -0.061352 0.998116 0.000000
-1.007558 3.301435 -1.183249 1.000000
$LocalTM 4 4
0.999386 -0.010747 -0.033335 0.000000
0.011501 0.999681 0.022497 0.000000
0.033083 -0.022867 0.999191 0.000000
-0.702166 -0.986011 -0.015416 1.000000
#BONE
@ParentName ball4
@NodeName ball4_end
@BoneIndex 63
@TopNode NO
$WorldTM 4 4
0.000020 -0.998116 -0.061352 0.000000
1.000000 0.000020 0.000007 0.000000
-0.000005 -0.061352 0.998116 0.000000
-1.007559 3.294058 -1.063250 1.000000
$LocalTM 4 4
1.000000 0.000000 0.000000 0.000000
-0.000000 1.000000 0.000000 0.000000
-0.000000 -0.000000 1.000000 0.000000
0.000000 0.000000 0.120226 1.000000
#BONE
@ParentName sapin
@NodeName ball5
@BoneIndex 64
@TopNode NO
$WorldTM 4 4
-0.000255 -1.000000 0.000000 0.000000
1.000000 -0.000255 0.000008 0.000000
-0.000008 0.000000 1.000000 0.000000
-1.208445 2.347873 -1.193251 1.000000
$LocalTM 4 4
0.999530 -0.012405 0.028024 0.000000
0.011775 0.999677 0.022506 0.000000
-0.028294 -0.022165 0.999354 0.000000
0.248918 -1.198198 -0.003201 1.000000
#BONE
@ParentName ball5
@NodeName ball5_end
@BoneIndex 65
@TopNode NO
$WorldTM 4 4
-0.000255 -1.000000 0.000000 0.000000
1.000000 -0.000255 0.000008 0.000000
-0.000008 0.000000 1.000000 0.000000
-1.208446 2.347873 -1.083251 1.000000
$LocalTM 4 4
1.000000 0.000000 0.000000 0.000000
0.000000 1.000000 0.000000 0.000000
0.000000 0.000000 1.000000 0.000000
0.000000 0.000000 0.110000 1.000000
#SKIN
@ParentName RootNode
@NodeName weapon
@MeshName BossB+_0
@MaterialName BossB+_waphon.001
@TopNode YES
$WorldTM 4 4
1.000000 0.000000 0.000000 0.000000
0.000000 1.000000 0.000000 0.000000
0.000000 0.000000 1.000000 0.000000
-0.000000 -0.000000 -0.003161 1.000000
$LocalTM 4 4
1.000000 0.000000 0.000000 0.000000
0.000000 1.000000 0.000000 0.000000
0.000000 0.000000 1.000000 0.000000
-0.000000 -0.000000 -0.003161 1.000000
$BoneOffset 66 16
1.000000 0.000008 0.000004 0.000000 -0.000004 -0.000000 1.000000 0.000000 0.000008 -1.000000 -0.000000 0.000000 0.000006 -0.122452 -1.670000 1.000000
1.000000 0.000014 0.000003 0.000000 0.000004 -0.499809 0.866136 0.000000 0.000014 -0.866136 -0.499809 0.000000 -0.000723 0.823908 -1.542431 1.000000
1.000000 0.000016 -0.000001 0.000000 -0.000001 0.073785 0.997274 0.000000 0.000016 -0.997274 0.073785 0.000000 -0.000713 -0.320531 -1.936419 1.000000
0.999997 -0.000711 -0.002270 0.000000 0.002232 0.610542 0.791981 0.000000 0.000823 -0.791984 0.610542 0.000000 -0.005576 -1.487779 -1.674246 1.000000
1.000000 0.000518 0.000002 0.000000 0.000119 -0.233210 0.972426 0.000000 0.000504 -0.972426 -0.233210 0.000000 -0.000314 0.615227 -2.407477 1.000000
0.999991 0.000075 0.004261 0.000000 -0.003261 0.657002 0.753882 0.000000 -0.002743 -0.753889 0.656996 0.000000 0.008739 -1.776723 -2.019761 1.000000
1.000000 0.000022 0.000014 0.000000 -0.000014 0.022511 0.999747 0.000000 0.000022 -0.999747 0.022511 0.000000 -0.000676 0.034127 -2.817703 1.000000
1.000000 0.000000 0.000000 0.000000 0.000000 1.000000 0.000000 0.000000 0.000000 0.000000 1.000000 0.000000 0.000000 0.000000 0.000000 1.000000
0.006542 -0.656021 -0.754714 0.000000 -0.547627 0.629144 -0.551619 0.000000 0.836697 0.416910 -0.355139 0.000000 1.418880 -1.623989 1.273536 1.000000
-0.778768 -0.202953 -0.593574 0.000000 0.016980 0.939052 -0.343356 0.000000 0.627082 -0.277474 -0.727858 0.000000 -0.152639 -2.344427 0.603157 1.000000
0.828561 0.511933 -0.226741 0.000000 -0.438219 0.340875 -0.831726 0.000000 -0.348497 0.788498 0.506775 0.000000 1.263027 -0.034919 1.980867 1.000000
0.999438 -0.030948 -0.012848 0.000000 0.008297 0.600039 -0.799928 0.000000 0.032466 0.799372 0.599958 0.000000 0.751257 -0.847860 1.309219 1.000000
0.941946 0.333788 -0.036371 0.000000 -0.186018 0.428602 -0.884136 0.000000 -0.279525 0.839575 0.465810 0.000000 0.966108 -0.344744 1.186030 1.000000
0.913652 0.300406 0.273853 0.000000 0.126257 0.430655 -0.893641 0.000000 -0.386391 0.851054 0.355541 0.000000 0.594805 -0.373901 1.203299 1.000000
0.618198 0.338888 0.709214 0.000000 0.569187 0.429259 -0.701257 0.000000 -0.542085 0.837192 0.072476 0.000000 -0.026225 -0.342622 1.187012 1.000000
1.000000 0.000000 0.000000 0.000000 0.000000 1.000000 0.000000 0.000000 0.000000 0.000000 1.000000 0.000000 0.000000 0.000000 0.000000 1.000000
0.453400 0.051560 0.889814 0.000000 0.051560 0.995136 -0.083935 0.000000 -0.889814 0.083935 0.448537 0.000000 0.211706 -1.438967 0.758177 1.000000
0.461550 0.700486 0.544325 0.000000 0.217990 0.505221 -0.835004 0.000000 -0.859914 0.504054 0.080486 0.000000 -0.029537 -0.336756 1.555376 1.000000
0.110156 0.979027 0.171384 0.000000 0.004029 0.171992 -0.985090 0.000000 -0.993906 0.109204 0.015001 0.000000 0.082908 0.260064 1.397150 1.000000
1.000000 0.000000 0.000000 0.000000 0.000000 1.000000 0.000000 0.000000 0.000000 0.000000 1.000000 0.000000 0.000000 0.000000 0.000000 1.000000
0.956057 0.245872 0.159692 0.000000 0.094940 0.255697 -0.962084 0.000000 -0.277382 0.934968 0.221118 0.000000 0.609627 -0.114781 1.412436 1.000000
0.789450 0.208631 0.577271 0.000000 0.510496 0.299039 -0.806207 0.000000 -0.340826 0.931155 0.129571 0.000000 0.019429 -0.191184 1.334401 1.000000
0.466996 0.046474 0.883037 0.000000 0.850050 0.251484 -0.462786 0.000000 -0.243577 0.966745 0.077937 0.000000 -0.523775 -0.250093 1.018147 1.000000
1.000000 0.000000 0.000000 0.000000 0.000000 1.000000 0.000000 0.000000 0.000000 0.000000 1.000000 0.000000 0.000000 0.000000 0.000000 1.000000
0.864060 0.408863 0.293652 0.000000 0.299789 0.050662 -0.952659 0.000000 -0.404384 0.911188 -0.078798 0.000000 0.265777 0.333396 1.490126 1.000000
0.668843 -0.223008 0.709166 0.000000 0.695503 -0.149174 -0.702867 0.000000 0.262534 0.963335 0.055329 0.000000 -0.251651 0.094001 1.306117 1.000000
0.397406 -0.190919 0.897562 0.000000 0.913877 -0.006178 -0.405944 0.000000 0.083047 0.981586 0.172021 0.000000 -0.648526 -0.025461 0.964536 1.000000
1.000000 0.000000 0.000000 0.000000 0.000000 1.000000 0.000000 0.000000 0.000000 0.000000 1.000000 0.000000 0.000000 0.000000 0.000000 1.000000
0.006552 0.656030 0.754706 0.000000 0.547658 0.629118 -0.551617 0.000000 -0.836676 0.416935 -0.355159 0.000000 -1.418956 -1.623927 1.273532 1.000000
-0.778768 0.202953 0.593574 0.000000 -0.016980 0.939052 -0.343356 0.000000 -0.627082 -0.277474 -0.727857 0.000000 0.152638 -2.344426 0.603157 1.000000
0.828561 -0.511933 0.226741 0.000000 0.438220 0.340875 -0.831726 0.000000 0.348498 0.788498 0.506775 0.000000 -1.263027 -0.034918 1.980868 1.000000
0.999439 0.030949 0.012853 0.000000 -0.008298 0.600124 -0.799864 0.000000 -0.032468 0.799309 0.600043 0.000000 -0.751257 -0.848001 1.309129 1.000000
0.941946 -0.333788 0.036371 0.000000 0.186019 0.428602 -0.884137 0.000000 0.279526 0.839575 0.465811 0.000000 -0.966108 -0.344744 1.186031 1.000000
0.913653 -0.300406 -0.273853 0.000000 -0.126257 0.430655 -0.893642 0.000000 0.386392 0.851054 0.355541 0.000000 -0.594806 -0.373901 1.203299 1.000000
0.618199 -0.338889 -0.709214 0.000000 -0.569187 0.429260 -0.701258 0.000000 0.542085 0.837192 0.072477 0.000000 0.026225 -0.342622 1.187012 1.000000
1.000000 0.000000 0.000000 0.000000 0.000000 1.000000 0.000000 0.000000 0.000000 0.000000 1.000000 0.000000 0.000000 0.000000 0.000000 1.000000
0.453400 -0.051560 -0.889815 0.000000 -0.051560 0.995136 -0.083935 0.000000 0.889815 0.083935 0.448536 0.000000 -0.211706 -1.438967 0.758177 1.000000
0.461550 -0.700487 -0.544325 0.000000 -0.217990 0.505221 -0.835004 0.000000 0.859914 0.504053 0.080486 0.000000 0.029537 -0.336756 1.555377 1.000000
0.110155 -0.979027 -0.171384 0.000000 -0.004029 0.171992 -0.985090 0.000000 0.993906 0.109204 0.015001 0.000000 -0.082908 0.260064 1.397150 1.000000
1.000000 0.000000 0.000000 0.000000 0.000000 1.000000 0.000000 0.000000 0.000000 0.000000 1.000000 0.000000 0.000000 0.000000 0.000000 1.000000
0.956057 -0.245872 -0.159692 0.000000 -0.094940 0.255698 -0.962084 0.000000 0.277382 0.934968 0.221118 0.000000 -0.609627 -0.114781 1.412436 1.000000
0.789450 -0.208631 -0.577271 0.000000 -0.510496 0.299039 -0.806207 0.000000 0.340826 0.931155 0.129571 0.000000 -0.019429 -0.191184 1.334402 1.000000
0.466996 -0.046474 -0.883038 0.000000 -0.850050 0.251484 -0.462786 0.000000 0.243577 0.966745 0.077937 0.000000 0.523776 -0.250093 1.018148 1.000000
1.000000 0.000000 0.000000 0.000000 0.000000 1.000000 0.000000 0.000000 0.000000 0.000000 1.000000 0.000000 0.000000 0.000000 0.000000 1.000000
0.864060 -0.408864 -0.293652 0.000000 -0.299790 0.050662 -0.952659 0.000000 0.404385 0.911188 -0.078798 0.000000 -0.265777 0.333397 1.490127 1.000000
0.668843 0.223008 -0.709166 0.000000 -0.695504 -0.149174 -0.702867 0.000000 -0.262534 0.963335 0.055329 0.000000 0.251652 0.094001 1.306118 1.000000
0.397406 0.190919 -0.897563 0.000000 -0.913877 -0.006178 -0.405944 0.000000 -0.083047 0.981587 0.172021 0.000000 0.648526 -0.025461 0.964536 1.000000
1.000000 0.000000 0.000000 0.000000 0.000000 1.000000 0.000000 0.000000 0.000000 0.000000 1.000000 0.000000 0.000000 0.000000 0.000000 1.000000
1.000000 0.000000 -0.000001 0.000000 -0.000000 1.000000 0.000000 0.000000 0.000001 -0.000000 1.000000 0.000000 0.000001 -2.110000 0.022452 1.000000
1.000000 0.000000 0.000000 0.000000 0.000000 1.000000 0.000000 0.000000 0.000000 0.000000 1.000000 0.000000 0.000000 0.000000 0.000000 1.000000
1.000000 -0.000014 0.000000 0.000000 -0.000000 -0.043727 -0.999044 0.000000 0.000014 0.999043 -0.043727 0.000000 0.000000 0.052635 1.674586 1.000000
1.000000 -0.000017 0.000002 0.000000 -0.000003 -0.259678 -0.965695 0.000000 0.000017 0.965694 -0.259678 0.000000 0.000003 0.301343 1.111922 1.000000
1.000000 -0.000021 0.000005 0.000000 -0.000010 -0.635188 -0.772357 0.000000 0.000020 0.772357 -0.635188 0.000000 0.000009 0.588082 0.567507 1.000000
1.000000 0.000000 0.000000 0.000000 0.000000 1.000000 0.000000 0.000000 0.000000 0.000000 1.000000 0.000000 0.000000 0.000000 0.000000 1.000000
0.000010 0.999983 0.005907 0.000000 -0.000957 0.005907 -0.999982 0.000000 -1.000000 0.000004 0.000957 0.000000 -1.181628 -0.015188 2.965453 1.000000
0.011508 0.999681 0.022492 0.000000 -0.999533 0.012137 -0.028030 0.000000 -0.028294 -0.022159 0.999354 0.000000 2.837945 -0.046646 1.286741 1.000000
0.000053 1.000000 -0.000007 0.000000 -0.999899 0.000053 -0.014219 0.000000 -0.014219 0.000008 0.999899 0.000000 2.594455 -1.190137 1.227345 1.000000
1.000000 0.000000 0.000000 0.000000 0.000000 1.000000 0.000000 0.000000 0.000000 0.000000 1.000000 0.000000 0.000000 0.000000 0.000000 1.000000
-0.000026 1.000000 -0.000007 0.000000 -0.998116 -0.000026 -0.061353 0.000000 -0.061353 0.000006 0.998116 0.000000 3.477351 -1.002500 1.396305 1.000000
1.000000 0.000000 0.000000 0.000000 0.000000 1.000000 0.000000 0.000000 0.000000 0.000000 1.000000 0.000000 0.000000 0.000000 0.000000 1.000000
-0.000165 1.000000 -0.000007 0.000000 -0.995894 -0.000164 0.090533 0.000000 0.090533 0.000022 0.995894 0.000000 4.162863 0.000685 0.836890 1.000000
1.000000 0.000000 0.000000 0.000000 0.000000 1.000000 0.000000 0.000000 0.000000 0.000000 1.000000 0.000000 0.000000 0.000000 0.000000 1.000000
0.000007 1.000000 -0.000006 0.000000 -0.998116 0.000007 -0.061352 0.000000 -0.061352 0.000007 0.998116 0.000000 3.484436 1.009076 1.396741 1.000000
1.000000 0.000000 0.000000 0.000000 0.000000 1.000000 0.000000 0.000000 0.000000 0.000000 1.000000 0.000000 0.000000 0.000000 0.000000 1.000000
-0.000268 1.000000 -0.000324 0.000000 -1.000000 -0.000268 -0.000000 0.000000 -0.000000 0.000324 1.000000 0.000000 2.609676 1.211076 1.189949 1.000000
1.000000 0.000000 0.000000 0.000000 0.000000 1.000000 0.000000 0.000000 0.000000 0.000000 1.000000 0.000000 0.000000 0.000000 0.000000 1.000000
#SKIN
@ParentName RootNode
@NodeName body
@MeshName BossB+_1
@MaterialName BossB+_body
@TopNode YES
$WorldTM 4 4
1.000000 0.000000 0.000000 0.000000
0.000000 1.000000 0.000000 0.000000
0.000000 0.000000 1.000000 0.000000
-0.000000 -0.000000 -0.006322 1.000000
$LocalTM 4 4
1.000000 0.000000 0.000000 0.000000
0.000000 1.000000 0.000000 0.000000
0.000000 0.000000 1.000000 0.000000
-0.000000 -0.000000 -0.006322 1.000000
$BoneOffset 66 16
1.000000 0.000008 0.000004 0.000000 -0.000004 -0.000000 1.000000 0.000000 0.000008 -1.000000 -0.000000 0.000000 0.000006 -0.119291 -1.670000 1.000000
1.000000 0.000014 0.000003 0.000000 0.000004 -0.499809 0.866136 0.000000 0.000014 -0.866136 -0.499809 0.000000 -0.000723 0.826646 -1.540851 1.000000
1.000000 0.000016 -0.000001 0.000000 -0.000001 0.073785 0.997274 0.000000 0.000016 -0.997274 0.073785 0.000000 -0.000713 -0.317379 -1.936652 1.000000
0.999997 -0.000711 -0.002270 0.000000 0.002232 0.610542 0.791981 0.000000 0.000823 -0.791984 0.610542 0.000000 -0.005579 -1.485275 -1.676176 1.000000
1.000000 0.000518 0.000002 0.000000 0.000119 -0.233210 0.972426 0.000000 0.000504 -0.972426 -0.233210 0.000000 -0.000316 0.618301 -2.406740 1.000000
0.999991 0.000075 0.004261 0.000000 -0.003261 0.657002 0.753882 0.000000 -0.002743 -0.753889 0.656996 0.000000 0.008748 -1.774340 -2.021838 1.000000
1.000000 0.000022 0.000014 0.000000 -0.000014 0.022511 0.999747 0.000000 0.000022 -0.999747 0.022511 0.000000 -0.000676 0.037287 -2.817775 1.000000
1.000000 0.000000 0.000000 0.000000 0.000000 1.000000 0.000000 0.000000 0.000000 0.000000 1.000000 0.000000 0.000000 0.000000 0.000000 1.000000
0.006542 -0.656021 -0.754714 0.000000 -0.547627 0.629144 -0.551619 0.000000 0.836697 0.416910 -0.355139 0.000000 1.416235 -1.625307 1.274659 1.000000
-0.778768 -0.202953 -0.593574 0.000000 0.016980 0.939052 -0.343356 0.000000 0.627082 -0.277474 -0.727858 0.000000 -0.154621 -2.343550 0.605458 1.000000
0.828561 0.511933 -0.226741 0.000000 -0.438219 0.340875 -0.831726 0.000000 -0.348497 0.788498 0.506775 0.000000 1.264128 -0.037412 1.979265 1.000000
0.999438 -0.030948 -0.012848 0.000000 0.008297 0.600039 -0.799928 0.000000 0.032466 0.799372 0.599958 0.000000 0.751154 -0.850387 1.307323 1.000000
0.941946 0.333788 -0.036371 0.000000 -0.186018 0.428602 -0.884136 0.000000 -0.279525 0.839575 0.465810 0.000000 0.966991 -0.347398 1.184557 1.000000
0.913652 0.300406 0.273853 0.000000 0.126257 0.430655 -0.893641 0.000000 -0.386391 0.851054 0.355541 0.000000 0.596027 -0.376591 1.202175 1.000000
0.618198 0.338888 0.709214 0.000000 0.569187 0.429259 -0.701257 0.000000 -0.542085 0.837192 0.072476 0.000000 -0.024511 -0.345268 1.186782 1.000000
1.000000 0.000000 0.000000 0.000000 0.000000 1.000000 0.000000 0.000000 0.000000 0.000000 1.000000 0.000000 0.000000 0.000000 0.000000 1.000000
0.453400 0.051560 0.889814 0.000000 0.051560 0.995136 -0.083935 0.000000 -0.889814 0.083935 0.448537 0.000000 0.214519 -1.439232 0.756759 1.000000
0.461550 0.700486 0.544325 0.000000 0.217990 0.505221 -0.835004 0.000000 -0.859914 0.504054 0.080486 0.000000 -0.026819 -0.338350 1.555122 1.000000
0.110156 0.979027 0.171384 0.000000 0.004029 0.171992 -0.985090 0.000000 -0.993906 0.109204 0.015001 0.000000 0.086050 0.259719 1.397102 1.000000
1.000000 0.000000 0.000000 0.000000 0.000000 1.000000 0.000000 0.000000 0.000000 0.000000 1.000000 0.000000 0.000000 0.000000 0.000000 1.000000
0.956057 0.245872 0.159692 0.000000 0.094940 0.255697 -0.962084 0.000000 -0.277382 0.934968 0.221118 0.000000 0.610503 -0.117736 1.411737 1.000000
0.789450 0.208631 0.577271 0.000000 0.510496 0.299039 -0.806207 0.000000 -0.340826 0.931155 0.129571 0.000000 0.020507 -0.194127 1.333992 1.000000
0.466996 0.046474 0.883037 0.000000 0.850050 0.251484 -0.462786 0.000000 -0.243577 0.966745 0.077937 0.000000 -0.523005 -0.253149 1.017901 1.000000
