#BONE
@ParentName Armature
@NodeName Bone
@BoneIndex 0
@TopNode YES
$WorldTM 4 4
-1.000000 -0.000004 -0.000016 0.000000
-0.000016 -0.000000 1.000000 0.000000
-0.000004 1.000000 0.000000 0.000000
-0.000002 1.670000 0.119291 1.000000
$LocalTM 4 4
-1.000000 -0.000004 -0.000016 0.000000
-0.000016 -0.000000 1.000000 0.000000
-0.000004 1.000000 0.000000 0.000000
-0.000002 1.670000 0.119291 1.000000
#BONE
@ParentName Bone
@NodeName spine.003
@BoneIndex 1
@TopNode NO
$WorldTM 4 4
-1.000000 0.000004 -0.000021 0.000000
-0.000021 -0.499809 0.866136 0.000000
-0.000007 0.866136 0.499809 0.000000
-0.000717 1.747751 0.054144 1.000000
$LocalTM 4 4
1.000000 -0.000006 0.000008 0.000000
0.000009 0.866136 -0.499809 0.000000
-0.000004 0.499809 0.866136 0.000000
0.000716 -0.065147 0.077751 1.000000
#BONE
@ParentName spine.003
@NodeName spine.002
@BoneIndex 2
@TopNode NO
$WorldTM 4 4
-1.000000 -0.000001 -0.000023 0.000000
-0.000023 0.173345 0.984861 0.000000
0.000003 0.984861 -0.173345 0.000000
-0.000719 1.954791 0.173617 1.000000
$LocalTM 4 4
1.000000 0.000001 -0.000005 0.000000
0.000002 0.766384 0.642383 0.000000
0.000004 -0.642383 0.766384 0.000000
-0.000000 0.000000 0.239038 1.000000
#BONE
@ParentName spine.002
@NodeName spine.001
@BoneIndex 3
@TopNode NO
$WorldTM 4 4
-0.999997 0.002140 -0.001050 0.000000
0.000707 0.686829 0.726819 0.000000
0.002277 0.726816 -0.686829 0.000000
-0.000718 2.230855 0.125027 1.000000
$LocalTM 4 4
0.999997 -0.000640 0.002286 0.000000
-0.000724 0.834874 0.550441 0.000000
-0.002261 -0.550441 0.834871 0.000000
-0.000000 0.000000 0.280307 1.000000
#BONE
@ParentName spine.001
@NodeName neck2
@BoneIndex 4
@TopNode NO
$WorldTM 4 4
-1.000000 0.000020 -0.000525 0.000000
-0.000525 -0.037516 0.999296 0.000000
0.000000 0.999296 0.037516 0.000000
0.000002 2.460503 -0.091987 1.000000
$LocalTM 4 4
0.999998 -0.001075 -0.001902 0.000000
-0.000604 0.700539 -0.713614 0.000000
0.002099 0.713613 0.700537 0.000000
-0.000000 0.000000 0.315965 1.000000
#BONE
@ParentName neck2
@NodeName neck1
@BoneIndex 5
@TopNode NO
$WorldTM 4 4
-0.999991 -0.002656 0.003323 0.000000
-0.000078 0.792372 0.610038 0.000000
-0.004253 0.610032 -0.792365 0.000000
0.000002 2.671607 -0.084061 1.000000
$LocalTM 4 4
0.999989 0.003945 -0.002530 0.000000
-0.000227 0.579882 0.814701 0.000000
0.004681 -0.814691 0.579876 0.000000
0.000000 -0.000000 0.211253 1.000000
#BONE
@ParentName neck1
@NodeName head
@BoneIndex 6
@TopNode NO
$WorldTM 4 4
-1.000000 -0.000016 -0.000026 0.000000
-0.000030 0.489538 0.871982 0.000000
-0.000001 0.871982 -0.489538 0.000000
-0.000710 2.773744 -0.216726 1.000000
$LocalTM 4 4
0.999991 0.000050 0.004264 0.000000
0.001627 0.919838 -0.392294 0.000000
-0.003942 0.392298 0.919830 0.000000
0.000000 0.000000 0.167429 1.000000
#BONE
@ParentName head
@NodeName head_end
@BoneIndex 7
@TopNode NO
$WorldTM 4 4
-1.000000 -0.000016 -0.000026 0.000000
-0.000030 0.489538 0.871982 0.000000
-0.000001 0.871982 -0.489538 0.000000
-0.000710 2.868729 -0.270051 1.000000
$LocalTM 4 4
1.000000 -0.000000 0.000000 0.000000
0.000000 1.000000 0.000000 0.000000
0.000000 -0.000000 1.000000 0.000000
0.000000 0.000000 0.108930 1.000000
#BONE
@ParentName spine.001
@NodeName shoulder.L
@BoneIndex 8
@TopNode NO
$WorldTM 4 4
-0.006537 -0.628711 -0.777611 0.000000
0.656026 0.584200 -0.477850 0.000000
0.754710 -0.513257 0.408632 0.000000
0.113499 2.486577 0.000514 1.000000
$LocalTM 4 4
0.006008 -0.997004 0.077114 0.000000
-0.654272 0.054399 0.754300 0.000000
-0.756235 -0.054985 -0.651985 0.000000
-0.113538 0.085220 0.271642 1.000000
#BONE
@ParentName shoulder.L
@NodeName arm.L
@BoneIndex 9
@TopNode NO
$WorldTM 4 4
0.778773 -0.012624 -0.627179 0.000000
0.294398 0.890212 0.347638 0.000000
0.553933 -0.455371 0.696990 0.000000
0.236660 2.402819 0.067198 1.000000
$LocalTM 4 4
0.490547 0.803218 0.337942 0.000000
-0.831938 0.547075 -0.092666 0.000000
-0.259311 -0.235690 0.936594 0.000000
0.000000 0.000000 0.163189 1.000000
#BONE
@ParentName arm.L
@NodeName forearm.L
@BoneIndex 10
@TopNode NO
$WorldTM 4 4
-0.893008 -0.440883 0.090324 0.000000
-0.148412 0.099023 -0.983955 0.000000
0.424865 -0.892086 -0.153860 0.000000
0.556581 2.139822 0.469741 1.000000
$LocalTM 4 4
-0.746535 -0.623979 -0.230946 0.000000
0.500287 -0.297601 -0.813109 0.000000
0.438633 -0.722554 0.534338 0.000000
0.000000 0.000000 0.577545 1.000000
#BONE
@ParentName forearm.L
@NodeName hand.L
@BoneIndex 11
@TopNode NO
$WorldTM 4 4
-0.610573 -0.331930 -0.719042 0.000000
0.456058 0.594909 -0.661887 0.000000
0.647465 -0.732056 -0.211856 0.000000
0.895322 1.428570 0.347070 1.000000
$LocalTM 4 4
0.626642 0.765253 0.147331 0.000000
-0.729333 0.642493 -0.235108 0.000000
-0.274576 0.039876 0.960738 0.000000
-0.000000 0.000000 0.797291 1.000000
#BONE
@ParentName hand.L
@NodeName s1.L
@BoneIndex 12
@TopNode NO
$WorldTM 4 4
-0.754817 -0.503270 -0.420678 0.000000
0.273964 0.340833 -0.899320 0.000000
0.595982 -0.794073 -0.119389 0.000000
1.035234 1.266192 0.287292 1.000000
$LocalTM 4 4
0.930407 -0.365199 -0.031172 0.000000
0.366242 0.922956 0.118400 0.000000
-0.014469 -0.121576 0.992477 0.000000
0.011455 0.006775 0.222122 1.000000
#BONE
@ParentName s1.L
@NodeName s2.L
@BoneIndex 13
@TopNode NO
$WorldTM 4 4
-0.897731 -0.206150 -0.389332 0.000000
0.293643 0.378795 -0.877660 0.000000
0.328406 -0.902228 -0.279522 0.000000
1.180057 1.073234 0.258280 1.000000
$LocalTM 4 4
0.945156 0.033926 -0.324852 0.000000
-0.043071 0.998851 -0.021002 0.000000
0.323767 0.033842 0.945531 0.000000
-0.000000 -0.000000 0.242998 1.000000
#BONE
@ParentName s2.L
@NodeName s3.L
@BoneIndex 14
@TopNode NO
$WorldTM 4 4
-0.921432 0.371913 -0.112444 0.000000
0.262018 0.381098 -0.886628 0.000000
-0.286896 -0.846430 -0.448604 0.000000
1.241369 0.904791 0.206095 1.000000
$LocalTM 4 4
0.794308 -0.031006 -0.606725 0.000000
0.031408 0.999457 -0.009958 0.000000
0.606704 -0.011147 0.794850 0.000000
-0.000000 0.000000 0.186697 1.000000
#BONE
@ParentName s3.L
@NodeName s3.L_end
@BoneIndex 15
@TopNode NO
$WorldTM 4 4
-0.921432 0.371913 -0.112444 0.000000
0.262018 0.381098 -0.886628 0.000000
-0.286896 -0.846430 -0.448604 0.000000
1.143205 0.615177 0.052601 1.000000
$LocalTM 4 4
1.000000 0.000000 0.000000 0.000000
0.000000 1.000000 0.000000 0.000000
0.000000 0.000000 1.000000 0.000000
-0.000000 0.000000 0.342159 1.000000
#BONE
@ParentName hand.L
@NodeName F1.L
@BoneIndex 16
@TopNode NO
$WorldTM 4 4
-0.928155 -0.198184 0.315039 0.000000
-0.192714 0.980043 0.048757 0.000000
-0.318415 -0.015459 -0.947825 0.000000
0.942741 1.347540 0.250692 1.000000
$LocalTM 4 4
0.405964 -0.749715 -0.522610 0.000000
-0.242698 0.462876 -0.852551 0.000000
0.881074 0.472941 0.005957 0.000000
0.067243 0.037212 0.110438 1.000000
#BONE
@ParentName F1.L
@NodeName f2.L
@BoneIndex 17
@TopNode NO
$WorldTM 4 4
-0.922015 -0.066166 0.381457 0.000000
-0.261645 0.832717 -0.487979 0.000000
-0.285358 -0.549731 -0.785090 0.000000
0.907197 1.345815 0.144890 1.000000
$LocalTM 4 4
0.989061 0.131438 -0.066948 0.000000
-0.075917 0.842729 0.532958 0.000000
0.126470 -0.522046 0.843489 0.000000
0.000000 0.000000 0.111627 1.000000
#BONE
@ParentName f2.L
@NodeName f3.L
@BoneIndex 18
@TopNode NO
$WorldTM 4 4
-0.666230 -0.417859 0.617680 0.000000
-0.734040 0.513622 -0.444272 0.000000
-0.131611 -0.749390 -0.648916 0.000000
0.857964 1.250968 0.009436 1.000000
$LocalTM 4 4
0.877542 -0.475059 -0.065110 0.000000
0.473342 0.836555 0.275904 0.000000
-0.076602 -0.272936 0.958977 0.000000
-0.000000 0.000000 0.172533 1.000000
#BONE
@ParentName f3.L
@NodeName f3.L_end
@BoneIndex 19
@TopNode NO
$WorldTM 4 4
-0.666230 -0.417859 0.617680 0.000000
-0.734040 0.513622 -0.444272 0.000000
-0.131611 -0.749390 -0.648916 0.000000
0.839717 1.147072 -0.080531 1.000000
$LocalTM 4 4
1.000000 -0.000000 -0.000000 0.000000
0.000000 1.000000 0.000000 0.000000
0.000000 0.000000 1.000000 0.000000
0.000000 0.000000 0.138642 1.000000
#BONE
@ParentName hand.L
@NodeName t1.L
@BoneIndex 20
@TopNode NO
$WorldTM 4 4
-0.846467 -0.249320 -0.470459 0.000000
0.439480 0.171655 -0.881697 0.000000
0.300582 -0.953086 -0.035730 0.000000
1.032785 1.231356 0.346574 1.000000
$LocalTM 4 4
0.937867 -0.222970 -0.265872 0.000000
0.308666 0.886132 0.345680 0.000000
0.158522 -0.406268 0.899898 0.000000
-0.018113 -0.054305 0.233479 1.000000
#BONE
@ParentName t1.L
@NodeName t2.L
@BoneIndex 21
@TopNode NO
$WorldTM 4 4
-0.899592 0.191845 -0.392337 0.000000
0.429755 0.228952 -0.873436 0.000000
-0.077738 -0.954346 -0.288411 0.000000
1.097550 1.025998 0.338876 1.000000
$LocalTM 4 4
0.898224 -0.016499 -0.439228 0.000000
-0.009941 0.998277 -0.057827 0.000000
0.439426 0.056308 0.896513 0.000000
-0.000000 0.000000 0.215466 1.000000
#BONE
@ParentName t2.L
@NodeName t3.L
@BoneIndex 22
@TopNode NO
$WorldTM 4 4
-0.677171 0.686211 -0.265621 0.000000
0.563424 0.251367 -0.786998 0.000000
-0.473278 -0.682590 -0.556847 0.000000
1.083690 0.855843 0.287454 1.000000
$LocalTM 4 4
0.845037 0.098095 -0.525633 0.000000
-0.149860 0.987079 -0.056712 0.000000
0.513278 0.126695 0.848819 0.000000
-0.000000 -0.000000 0.178295 1.000000
#BONE
@ParentName t3.L
@NodeName t3.L_end
@BoneIndex 23
@TopNode NO
$WorldTM 4 4
-0.677171 0.686211 -0.265621 0.000000
0.563424 0.251367 -0.786998 0.000000
-0.473278 -0.682590 -0.556847 0.000000
0.914845 0.612325 0.088795 1.000000
$LocalTM 4 4
1.000000 0.000000 0.000000 0.000000
0.000000 1.000000 -0.000000 0.000000
0.000000 0.000000 1.000000 0.000000
-0.000000 0.000000 0.356756 1.000000
#BONE
@ParentName hand.L
@NodeName l1.L
@BoneIndex 24
@TopNode NO
$WorldTM 4 4
-0.940756 -0.018735 -0.338563 0.000000
0.336998 -0.162185 -0.927431 0.000000
-0.037534 -0.986582 0.158890 0.000000
1.017586 1.231282 0.393795 1.000000
$LocalTM 4 4
0.824062 -0.216095 -0.523665 0.000000
0.514935 0.671060 0.533405 0.000000
0.236145 -0.709211 0.664270 0.000000
-0.042763 -0.092535 0.213688 1.000000
#BONE
@ParentName l1.L
@NodeName l2.L
@BoneIndex 25
@TopNode NO
$WorldTM 4 4
-0.465100 0.405437 -0.786958 0.000000
0.829156 -0.111918 -0.547699 0.000000
-0.310132 -0.907246 -0.284118 0.000000
1.009078 1.007652 0.429811 1.000000
$LocalTM 4 4
0.696385 0.507356 -0.507580 0.000000
-0.592507 0.805529 -0.007729 0.000000
0.404949 0.306127 0.861570 0.000000
0.000000 0.000000 0.226672 1.000000
#BONE
@ParentName l2.L
@NodeName l3.L
@BoneIndex 26
@TopNode NO
$WorldTM 4 4
-0.411404 0.784143 -0.464613 0.000000
0.767336 0.022883 -0.640836 0.000000
-0.491876 -0.620157 -0.611116 0.000000
0.954801 0.848873 0.380087 1.000000
$LocalTM 4 4
0.874896 -0.174409 -0.451816 0.000000
0.156701 0.984666 -0.076664 0.000000
0.458259 -0.003727 0.888811 0.000000
-0.000000 -0.000000 0.175012 1.000000
#BONE
@ParentName l3.L
@NodeName l3.L_end
@BoneIndex 27
@TopNode NO
$WorldTM 4 4
-0.411404 0.784143 -0.464613 0.000000
0.767336 0.022883 -0.640836 0.000000
-0.491876 -0.620157 -0.611116 0.000000
0.809605 0.665810 0.199693 1.000000
$LocalTM 4 4
1.000000 0.000000 0.000000 0.000000
0.000000 1.000000 0.000000 0.000000
0.000000 0.000000 1.000000 0.000000
-0.000000 0.000000 0.295188 1.000000
#BONE
@ParentName spine.001
@NodeName shoulder.R
@BoneIndex 28
@TopNode NO
$WorldTM 4 4
-0.006557 0.628740 0.777588 0.000000
-0.656027 0.584173 -0.477881 0.000000
-0.754709 -0.513251 0.408640 0.000000
-0.113498 2.486577 0.000509 1.000000
$LocalTM 4 4
0.007086 0.996998 -0.077106 0.000000
0.657777 0.053430 0.751315 0.000000
0.753180 -0.056042 -0.655423 0.000000
0.113458 0.085056 0.271129 1.000000
#BONE
@ParentName shoulder.R
@NodeName arm.R
@BoneIndex 29
@TopNode NO
$WorldTM 4 4
0.778764 0.012622 0.627190 0.000000
-0.294401 0.890213 0.347634 0.000000
-0.553944 -0.455370 0.696982 0.000000
-0.236659 2.402820 0.067195 1.000000
$LocalTM 4 4
0.490525 -0.803239 -0.337924 0.000000
0.831959 0.547046 -0.092658 0.000000
0.259287 -0.235688 0.936601 0.000000
-0.000000 -0.000000 0.163190 1.000000
#BONE
@ParentName arm.R
@NodeName forearm.R
@BoneIndex 30
@TopNode NO
$WorldTM 4 4
-0.893006 0.440885 -0.090337 0.000000
0.148426 0.099022 -0.983953 0.000000
-0.424865 -0.892084 -0.153866 0.000000
-0.556587 2.139822 0.469733 1.000000
$LocalTM 4 4
-0.746535 0.623979 0.230946 0.000000
-0.500287 -0.297602 -0.813109 0.000000
-0.438633 -0.722553 0.534338 0.000000
0.000000 -0.000000 0.577545 1.000000
#BONE
@ParentName forearm.R
@NodeName hand.R
@BoneIndex 31
@TopNode NO
$WorldTM 4 4
-0.610574 0.331890 0.719060 0.000000
-0.456014 0.594994 -0.661841 0.000000
-0.647495 -0.732005 -0.211941 0.000000
-0.895328 1.428571 0.347057 1.000000
$LocalTM 4 4
0.626614 -0.765282 -0.147302 0.000000
0.729337 0.642454 -0.235205 0.000000
0.274633 0.039950 0.960719 0.000000
0.000000 0.000000 0.797291 1.000000
#BONE
@ParentName hand.R
@NodeName s1.R
@BoneIndex 32
@TopNode NO
$WorldTM 4 4
-0.770811 0.480598 0.418180 0.000000
-0.274782 0.341403 -0.898854 0.000000
-0.574756 -0.807755 -0.131097 0.000000
-1.035236 1.266191 0.287275 1.000000
$LocalTM 4 4
0.930841 0.360685 0.058666 0.000000
-0.365247 0.923336 0.118516 0.000000
-0.011422 -0.131747 0.991217 0.000000
-0.011455 0.006751 0.222123 1.000000
#BONE
@ParentName s1.R
@NodeName s2.R
@BoneIndex 33
@TopNode NO
$WorldTM 4 4
-0.911467 0.162309 0.377997 0.000000
-0.296170 0.378800 -0.876809 0.000000
-0.285499 -0.911134 -0.297193 0.000000
-1.174901 1.069909 0.255419 1.000000
$LocalTM 4 4
0.938646 -0.033897 0.343211 0.000000
0.043677 0.998829 -0.020805 0.000000
-0.342104 0.034519 0.939028 0.000000
0.000000 -0.000000 0.242998 1.000000
#BONE
@ParentName s2.R
@NodeName s3.R
@BoneIndex 34
@TopNode NO
$WorldTM 4 4
-0.901710 -0.423522 0.086871 0.000000
-0.264905 0.382434 -0.885194 0.000000
0.341677 -0.821202 -0.457038 0.000000
-1.228202 0.899803 0.199934 1.000000
$LocalTM 4 4
0.785976 0.030460 0.617506 0.000000
-0.031077 0.999469 -0.009746 0.000000
-0.617475 -0.011530 0.786506 0.000000
0.000000 0.000000 0.186697 1.000000
#BONE
@ParentName s3.R
@NodeName s3.R_end
@BoneIndex 35
@TopNode NO
$WorldTM 4 4
-0.901710 -0.423522 0.086871 0.000000
-0.264905 0.382434 -0.885194 0.000000
0.341677 -0.821202 -0.457038 0.000000
-1.111295 0.618821 0.043554 1.000000
$LocalTM 4 4
1.000000 -0.000000 0.000000 0.000000
0.000000 1.000000 0.000000 0.000000
-0.000000 0.000000 1.000000 0.000000
-0.000000 0.000000 0.342159 1.000000
#BONE
@ParentName hand.R
@NodeName F1.R
@BoneIndex 36
@TopNode NO
$WorldTM 4 4
-0.918705 0.191723 -0.345287 0.000000
0.186689 0.981240 0.048117 0.000000
0.348034 -0.020256 -0.937263 0.000000
-0.942746 1.347544 0.250678 1.000000
$LocalTM 4 4
0.376287 0.761542 0.527696 0.000000
0.246276 0.466853 -0.849350 0.000000
-0.893172 0.449558 -0.011879 0.000000
-0.067243 0.037200 0.110442 1.000000
#BONE
@ParentName F1.R
@NodeName f2.R
@BoneIndex 37
@TopNode NO
$WorldTM 4 4
-0.901118 0.036706 -0.432018 0.000000
0.267189 0.831737 -0.486645 0.000000
0.341462 -0.553955 -0.759300 0.000000
-0.903896 1.345283 0.146054 1.000000
$LocalTM 4 4
0.984069 -0.152999 0.090551 0.000000
0.082027 0.842599 0.532258 0.000000
-0.157733 -0.516351 0.841726 0.000000
0.000000 0.000000 0.111627 1.000000
#BONE
@ParentName f2.R
@NodeName f3.R
@BoneIndex 38
@TopNode NO
$WorldTM 4 4
-0.637697 0.370281 -0.675451 0.000000
0.743019 0.526941 -0.412620 0.000000
0.203138 -0.765000 -0.611155 0.000000
-0.844982 1.249707 0.015050 1.000000
$LocalTM 4 4
0.880038 0.466296 0.090001 0.000000
-0.471947 0.837603 0.275114 0.000000
0.052899 -0.284587 0.957190 0.000000
-0.000000 -0.000000 0.172533 1.000000
#BONE
@ParentName f3.R
@NodeName f3.R_end
@BoneIndex 39
@TopNode NO
$WorldTM 4 4
-0.637697 0.370281 -0.675451 0.000000
0.743019 0.526941 -0.412620 0.000000
0.203138 -0.765000 -0.611155 0.000000
-0.816819 1.143646 -0.069682 1.000000
$LocalTM 4 4
1.000000 0.000000 0.000000 0.000000
-0.000000 1.000000 -0.000000 0.000000
0.000000 0.000000 1.000000 0.000000
0.000000 0.000000 0.138642 1.000000
#BONE
@ParentName hand.R
@NodeName t1.R
@BoneIndex 40
@TopNode NO
$WorldTM 4 4
-0.854527 0.222654 0.469263 0.000000
-0.439213 0.172520 -0.881662 0.000000
-0.277263 -0.959511 -0.049630 0.000000
-1.032785 1.231354 0.346557 1.000000
$LocalTM 4 4
0.933077 0.211576 0.290862 0.000000
-0.308538 0.886456 0.344963 0.000000
-0.184850 -0.411620 0.892412 0.000000
0.018113 -0.054329 0.233473 1.000000
#BONE
@ParentName t1.R
@NodeName t2.R
@BoneIndex 41
@TopNode NO
$WorldTM 4 4
-0.894430 -0.237048 0.379213 0.000000
-0.430964 0.230429 -0.872451 0.000000
0.119431 -0.943774 -0.308262 0.000000
-1.092526 1.024612 0.335863 1.000000
$LocalTM 4 4
0.889487 0.017612 0.456622 0.000000
0.010167 0.998247 -0.058309 0.000000
-0.456848 0.056508 0.887748 0.000000
-0.000000 0.000000 0.215466 1.000000
#BONE
@ParentName t2.R
@NodeName t3.R
@BoneIndex 42
@TopNode NO
$WorldTM 4 4
-0.643827 -0.727797 0.236216 0.000000
-0.566357 0.245684 -0.786688 0.000000
0.514515 -0.640274 -0.570371 0.000000
-1.071232 0.856342 0.280901 1.000000
$LocalTM 4 4
0.837958 -0.096326 0.537168 0.000000
0.150006 0.987040 -0.057004 0.000000
-0.524715 0.128345 0.841547 0.000000
0.000000 0.000000 0.178295 1.000000
#BONE
@ParentName t3.R
@NodeName t3.R_end
@BoneIndex 43
@TopNode NO
$WorldTM 4 4
-0.643827 -0.727797 0.236216 0.000000
-0.566357 0.245684 -0.786688 0.000000
0.514515 -0.640274 -0.570371 0.000000
-0.887676 0.627920 0.077418 1.000000
$LocalTM 4 4
1.000000 0.000000 -0.000000 0.000000
0.000000 1.000000 -0.000000 0.000000
0.000000 0.000000 1.000000 0.000000
-0.000000 0.000000 0.356756 1.000000
#BONE
@ParentName hand.R
@NodeName l1.R
@BoneIndex 44
@TopNode NO
$WorldTM 4 4
-0.940030 -0.014865 0.340766 0.000000
-0.334169 -0.160108 -0.928814 0.000000
0.068366 -0.986987 0.145539 0.000000
-1.017586 1.231279 0.393777 1.000000
$LocalTM 4 4
0.814057 0.194290 0.547323 0.000000
-0.516977 0.671850 0.530426 0.000000
-0.264663 -0.714751 0.647367 0.000000
0.042763 -0.092557 0.213678 1.000000
#BONE
@ParentName l1.R
@NodeName l2.R
@BoneIndex 45
@TopNode NO
$WorldTM 4 4
-0.443372 -0.451194 0.774496 0.000000
-0.826532 -0.128506 -0.548024 0.000000
0.346793 -0.883125 -0.315950 0.000000
-1.002089 1.007557 0.426767 1.000000
$LocalTM 4 4
0.687413 -0.498963 0.527731 0.000000
0.592127 0.805789 -0.009431 0.000000
-0.420534 0.318967 0.849360 0.000000
0.000000 -0.000000 0.226672 1.000000
#BONE
@ParentName l2.R
@NodeName l3.R
@BoneIndex 46
@TopNode NO
$WorldTM 4 4
-0.367531 -0.825582 0.428175 0.000000
-0.771000 0.013017 -0.636702 0.000000
0.520077 -0.564131 -0.641308 0.000000
-0.941396 0.852999 0.371472 1.000000
$LocalTM 4 4
0.867071 0.175218 0.466353 0.000000
-0.157156 0.984512 -0.077706 0.000000
-0.472746 -0.005913 0.881179 0.000000
0.000000 -0.000000 0.175012 1.000000
#BONE
@ParentName l3.R
@NodeName l3.R_end
@BoneIndex 47
@TopNode NO
$WorldTM 4 4
-0.367531 -0.825582 0.428175 0.000000
-0.771000 0.013017 -0.636702 0.000000
0.520077 -0.564131 -0.641308 0.000000
-0.787876 0.686475 0.182165 1.000000
$LocalTM 4 4
1.000000 0.000000 -0.000000 0.000000
-0.000000 1.000000 -0.000000 0.000000
-0.000000 0.000000 1.000000 0.000000
0.000000 0.000000 0.295188 1.000000
#BONE
@ParentName spine.003
@NodeName inner
@BoneIndex 48
@TopNode NO
$WorldTM 4 4
-1.000000 -0.000000 -0.000008 0.000000
-0.000000 1.000000 -0.000000 0.000000
0.000008 -0.000000 -1.000000 0.000000
0.000000 2.096082 0.017418 1.000000
$LocalTM 4 4
1.000000 0.000013 0.000003 0.000000
0.000004 -0.499809 0.866135 0.000000
0.000013 -0.866135 -0.499809 0.000000
-0.000715 -0.205908 0.283346 1.000000
#BONE
@ParentName inner
@NodeName inner_end
@BoneIndex 49
@TopNode NO
$WorldTM 4 4
-1.000000 -0.000000 -0.000008 0.000000
-0.000000 1.000000 -0.000000 0.000000
0.000008 -0.000000 -1.000000 0.000000
0.000001 2.096082 -0.072582 1.000000
$LocalTM 4 4
1.000000 0.000000 0.000000 0.000000
0.000000 1.000000 0.000000 0.000000
-0.000000 0.000000 1.000000 0.000000
0.000000 0.000000 0.090000 1.000000
#BONE
@ParentName Bone
@NodeName spine.004
@BoneIndex 50
@TopNode NO
$WorldTM 4 4
-1.000000 -0.000000 -0.000022 0.000000
0.000022 -0.043726 -0.999044 0.000000
-0.000001 -0.999043 0.043726 0.000000
0.000000 1.675285 -0.023800 1.000000
$LocalTM 4 4
1.000000 -0.000006 0.000003 0.000000
-0.000006 -0.999044 -0.043727 0.000000
0.000004 0.043726 -0.999043 0.000000
0.000000 -0.143091 0.005285 1.000000
#BONE
@ParentName spine.004
@NodeName spine.005
@BoneIndex 51
@TopNode NO
$WorldTM 4 4
-1.000000 -0.000003 -0.000024 0.000000
0.000024 -0.259678 -0.965696 0.000000
-0.000004 -0.965695 0.259679 0.000000
-0.000000 1.152030 -0.000898 1.000000
$LocalTM 4 4
1.000000 0.000003 0.000002 0.000000
-0.000003 0.976126 0.217204 0.000000
-0.000002 -0.217204 0.976126 0.000000
-0.000000 0.000000 0.523756 1.000000
#BONE
@ParentName spine.005
@NodeName spine.006
@BoneIndex 52
@TopNode NO
$WorldTM 4 4
-1.000000 -0.000010 -0.000027 0.000000
0.000027 -0.635188 -0.772358 0.000000
-0.000009 -0.772357 0.635189 0.000000
-0.000001 0.811861 0.090575 1.000000
$LocalTM 4 4
1.000000 0.000004 0.000006 0.000000
-0.000007 0.910806 0.412834 0.000000
-0.000004 -0.412834 0.910806 0.000000
-0.000000 0.000000 0.352253 1.000000
#BONE
@ParentName spine.006
@NodeName spine.006_end
@BoneIndex 53
@TopNode NO
$WorldTM 4 4
-1.000000 -0.000010 -0.000027 0.000000
0.000027 -0.635188 -0.772358 0.000000
-0.000009 -0.772357 0.635189 0.000000
-0.000006 0.400000 0.429291 1.000000
$LocalTM 4 4
1.000000 -0.000000 -0.000000 0.000000
-0.000000 1.000000 0.000000 0.000000
0.000000 -0.000000 1.000000 0.000000
0.000000 0.000000 0.533253 1.000000
#BONE
@ParentName Bone
@NodeName bone
@BoneIndex 54
@TopNode NO
$WorldTM 4 4
-0.000017 -0.000957 1.000000 0.000000
-0.999985 0.005568 -0.000012 0.000000
-0.005568 -0.999984 -0.000957 0.000000
0.002308 2.964359 1.181303 1.000000
$LocalTM 4 4
0.000002 1.000000 -0.000957 0.000000
0.999985 0.000004 0.005571 0.000000
0.005571 -0.000957 -0.999984 0.000000
-0.002332 1.062012 1.294359 1.000000
#BONE
@ParentName bone
@NodeName sapin
@BoneIndex 55
@TopNode NO
$WorldTM 4 4
-0.011170 -0.999537 0.028294 0.000000
-0.999685 0.011799 0.022150 0.000000
-0.022474 -0.028037 -0.999354 0.000000
0.014990 2.873259 1.203485 1.000000
$LocalTM 4 4
0.029250 0.005605 0.999556 0.000000
0.022156 0.999735 -0.006254 0.000000
-0.999326 0.022329 0.029118 0.000000
0.022269 -0.013189 0.091007 1.000000
#BONE
@ParentName sapin
@NodeName ball1
@BoneIndex 56
@TopNode NO
$WorldTM 4 4
0.000251 -0.999899 0.014218 0.000000
-1.000000 -0.000251 -0.000018 0.000000
0.000021 -0.014218 -0.999899 0.000000
-1.189898 2.611302 1.187151 1.000000
$LocalTM 4 4
0.999836 -0.011734 0.013820 0.000000
0.011421 0.999682 0.022498 0.000000
-0.014080 -0.022337 0.999651 0.000000
0.274833 1.201056 0.050746 1.000000
#BONE
@ParentName ball1
@NodeName ball1_end
@BoneIndex 57
@TopNode NO
$WorldTM 4 4
0.000251 -0.999899 0.014218 0.000000
-1.000000 -0.000251 -0.000018 0.000000
0.000021 -0.014218 -0.999899 0.000000
-1.189896 2.609595 1.067151 1.000000
$LocalTM 4 4
1.000000 0.000000 0.000000 0.000000
0.000000 1.000000 0.000000 0.000000
0.000000 -0.000000 1.000000 0.000000
0.000000 0.000000 0.120012 1.000000
#BONE
@ParentName sapin
@NodeName ball2
@BoneIndex 58
@TopNode NO
$WorldTM 4 4
0.000363 -0.998116 0.061352 0.000000
-1.000000 -0.000365 -0.000012 0.000000
0.000035 -0.061352 -0.998116 0.000000
-1.002809 3.556100 1.177154 1.000000
$LocalTM 4 4
0.999386 -0.010781 -0.033336 0.000000
0.011535 0.999680 0.022496 0.000000
0.033083 -0.022867 0.999191 0.000000
-0.671901 1.024952 0.030043 1.000000
#BONE
@ParentName ball2
@NodeName ball2_end
@BoneIndex 59
@TopNode NO
$WorldTM 4 4
0.000363 -0.998116 0.061352 0.000000
-1.000000 -0.000365 -0.000012 0.000000
0.000035 -0.061352 -0.998116 0.000000
-1.002804 3.548724 1.057154 1.000000
$LocalTM 4 4
1.000000 0.000000 0.000000 0.000000
0.000000 1.000000 0.000000 0.000000
-0.000000 -0.000000 1.000000 0.000000
0.000000 -0.000000 0.120226 1.000000
#BONE
@ParentName sapin
@NodeName ball3
@BoneIndex 60
@TopNode NO
$WorldTM 4 4
0.000504 -0.995893 -0.090534 0.000000
-1.000000 -0.000503 -0.000030 0.000000
-0.000016 0.090534 -0.995893 0.000000
-0.000393 4.069999 1.207170 1.000000
$LocalTM 4 4
0.992865 -0.014260 0.118386 0.000000
0.011673 0.999678 0.022518 0.000000
-0.118669 -0.020975 0.992712 0.000000
-1.195910 0.029580 -0.036889 1.000000
#BONE
@ParentName ball3
@NodeName ball3_end
@BoneIndex 61
@TopNode NO
$WorldTM 4 4
0.000504 -0.995893 -0.090534 0.000000
-1.000000 -0.000503 -0.000030 0.000000
-0.000016 0.090534 -0.995893 0.000000
-0.000395 4.079998 1.097170 1.000000
$LocalTM 4 4
1.000000 -0.000000 0.000000 0.000000
0.000000 1.000000 0.000000 0.000000
0.000000 0.000000 1.000000 0.000000
0.000000 0.000000 0.110453 1.000000
#BONE
@ParentName sapin
@NodeName ball4
@BoneIndex 62
@TopNode NO
$WorldTM 4 4
0.000331 -0.998116 0.061352 0.000000
-1.000000 -0.000332 -0.000014 0.000000
0.000035 -0.061352 -0.998116 0.000000
1.008880 3.563900 1.177185 1.000000
$LocalTM 4 4
0.999386 -0.010748 -0.033335 0.000000
0.011502 0.999681 0.022497 0.000000
0.033083 -0.022867 0.999191 0.000000
-0.702168 -0.986010 -0.015416 1.000000
#BONE
@ParentName ball4
@NodeName ball4_end
@BoneIndex 63
@TopNode NO
$WorldTM 4 4
0.000331 -0.998116 0.061352 0.000000
-1.000000 -0.000332 -0.000014 0.000000
0.000035 -0.061352 -0.998116 0.000000
1.008884 3.556524 1.057185 1.000000
$LocalTM 4 4
1.000000 -0.000000 0.000000 0.000000
-0.000000 1.000000 -0.000000 0.000000
0.000000 -0.000000 1.000000 0.000000
0.000000 0.000000 0.120226 1.000000
#BONE
@ParentName sapin
@NodeName ball5
@BoneIndex 64
@TopNode NO
$WorldTM 4 4
0.000607 -1.000000 -0.000000 0.000000
-1.000000 -0.000607 -0.000015 0.000000
0.000015 0.000000 -1.000000 0.000000
1.210102 2.610410 1.187187 1.000000
$LocalTM 4 4
0.999530 -0.012406 0.028024 0.000000
0.011777 0.999677 0.022506 0.000000
-0.028294 -0.022165 0.999354 0.000000
0.248917 -1.198198 -0.003201 1.000000
#BONE
@ParentName ball5
@NodeName ball5_end
@BoneIndex 65
@TopNode NO
$WorldTM 4 4
0.000607 -1.000000 -0.000000 0.000000
-1.000000 -0.000607 -0.000015 0.000000
0.000015 0.000000 -1.000000 0.000000
1.210104 2.610410 1.077188 1.000000
$LocalTM 4 4
1.000000 -0.000000 0.000000 0.000000
0.000000 1.000000 0.000000 0.000000
0.000000 0.000000 1.000000 0.000000
0.000000 0.000000 0.110000 1.000000
#SKIN
@ParentName RootNode
@NodeName weapon
@MeshName BossB+_0
@MaterialName BossB+_weapon
@TopNode YES
$WorldTM 4 4
1.000000 0.000000 0.000000 0.000000
0.000000 1.000000 0.000000 0.000000
0.000000 0.000000 1.000000 0.000000
0.000000 0.000000 0.000000 1.000000
$LocalTM 4 4
1.000000 0.000000 0.000000 0.000000
0.000000 1.000000 0.000000 0.000000
0.000000 0.000000 1.000000 0.000000
0.000000 0.000000 0.000000 1.000000
$BoneOffset 66 16
-1.000000 -0.000016 -0.000004 0.000000 -0.000004 -0.000000 1.000000 0.000000 -0.000016 1.000000 0.000000 0.000000 0.000006 -0.119291 -1.670000 1.000000
-1.000000 -0.000021 -0.000007 0.000000 0.000004 -0.499809 0.866136 0.000000 -0.000021 0.866136 0.499809 0.000000 -0.000723 0.826646 -1.540851 1.000000
-1.000000 -0.000023 0.000001 0.000000 -0.000001 0.073785 0.997274 0.000000 -0.000023 0.997274 -0.073785 0.000000 -0.000713 -0.317379 -1.936652 1.000000
-0.999997 0.000705 0.002275 0.000000 0.002232 0.610542 0.791981 0.000000 -0.000830 0.791984 -0.610542 0.000000 -0.005579 -1.485275 -1.676176 1.000000
-1.000000 -0.000525 -0.000003 0.000000 0.000119 -0.233210 0.972426 0.000000 -0.000511 0.972426 0.233210 0.000000 -0.000316 0.618301 -2.406741 1.000000
-0.999991 -0.000081 -0.004256 0.000000 -0.003261 0.657002 0.753882 0.000000 0.002735 0.753889 -0.656996 0.000000 0.008748 -1.774340 -2.021838 1.000000
-1.000000 -0.000029 -0.000013 0.000000 -0.000014 0.022511 0.999747 0.000000 -0.000029 0.999747 -0.022511 0.000000 -0.000676 0.037287 -2.817775 1.000000
1.000000 0.000000 0.000000 0.000000 0.000000 1.000000 0.000000 0.000000 0.000000 0.000000 1.000000 0.000000 0.000000 0.000000 0.000000 1.000000
-0.006536 0.656024 0.754711 0.000000 -0.547627 0.629144 -0.551619 0.000000 -0.836697 -0.416906 0.355145 0.000000 1.416236 -1.625308 1.274660 1.000000
0.778773 0.202951 0.593569 0.000000 0.016981 0.939052 -0.343356 0.000000 -0.627076 0.277475 0.727862 0.000000 -0.154621 -2.343550 0.605458 1.000000
-0.828564 -0.511927 0.226744 0.000000 -0.438219 0.340875 -0.831726 0.000000 0.348491 -0.788501 -0.506773 0.000000 1.264129 -0.037412 1.979265 1.000000
-0.999438 0.030954 0.012852 0.000000 0.008297 0.600039 -0.799928 0.000000 -0.032473 -0.799372 -0.599959 0.000000 0.751154 -0.850388 1.307323 1.000000
-0.941949 -0.333782 0.036375 0.000000 -0.186018 0.428602 -0.884137 0.000000 0.279519 -0.839578 -0.465810 0.000000 0.966992 -0.347398 1.184558 1.000000
-0.913655 -0.300399 -0.273851 0.000000 0.126258 0.430655 -0.893641 0.000000 0.386385 -0.851056 -0.355543 0.000000 0.596027 -0.376591 1.202175 1.000000
-0.618203 -0.338882 -0.709214 0.000000 0.569187 0.429259 -0.701258 0.000000 0.542080 -0.837195 -0.072482 0.000000 -0.024511 -0.345269 1.186783 1.000000
1.000000 0.000000 0.000000 0.000000 0.000000 1.000000 0.000000 0.000000 0.000000 0.000000 1.000000 0.000000 0.000000 0.000000 0.000000 1.000000
-0.453407 -0.051559 -0.889811 0.000000 0.051560 0.995136 -0.083935 0.000000 0.889811 -0.083936 -0.448543 0.000000 0.214519 -1.439233 0.756759 1.000000
-0.461557 -0.700483 -0.544325 0.000000 0.217990 0.505221 -0.835004 0.000000 0.859910 -0.504059 -0.080490 0.000000 -0.026819 -0.338350 1.555122 1.000000
-0.110163 -0.979026 -0.171383 0.000000 0.004029 0.171991 -0.985090 0.000000 0.993905 -0.109211 -0.015002 0.000000 0.086050 0.259719 1.397102 1.000000
1.000000 0.000000 0.000000 0.000000 0.000000 1.000000 0.000000 0.000000 0.000000 0.000000 1.000000 0.000000 0.000000 0.000000 0.000000 1.000000
-0.956060 -0.245865 -0.159690 0.000000 0.094940 0.255698 -0.962084 0.000000 0.277375 -0.934970 -0.221120 0.000000 0.610503 -0.117737 1.411737 1.000000
-0.789453 -0.208624 -0.577270 0.000000 0.510496 0.299039 -0.806207 0.000000 0.340820 -0.931156 -0.129575 0.000000 0.020507 -0.194128 1.333992 1.000000
-0.466998 -0.046467 -0.883037 0.000000 0.850050 0.251484 -0.462786 0.000000 0.243573 -0.966745 -0.077943 0.000000 -0.523005 -0.253149 1.017902 1.000000
1.000000 0.000000 0.000000 0.000000 0.000000 1.000000 0.000000 0.000000 0.000000 0.000000 1.000000 0.000000 0.000000 0.000000 0.000000 1.000000
-0.864063 -0.408856 -0.293652 0.000000 0.299789 0.050662 -0.952659 0.000000 0.404378 -0.911191 0.078795 0.000000 0.267055 0.330516 1.490376 1.000000
-0.668841 0.223015 -0.709166 0.000000 0.695504 -0.149174 -0.702867 0.000000 -0.262539 -0.963333 -0.055334 0.000000 -0.252481 0.090956 1.305943 1.000000
-0.397406 0.190926 -0.897561 0.000000 0.913877 -0.006178 -0.405944 0.000000 -0.083051 -0.981585 -0.172028 0.000000 -0.648789 -0.028564 0.963992 1.000000
1.000000 0.000000 0.000000 0.000000 0.000000 1.000000 0.000000 0.000000 0.000000 0.000000 1.000000 0.000000 0.000000 0.000000 0.000000 1.000000
-0.006558 -0.656027 -0.754709 0.000000 0.547658 0.629118 -0.551617 0.000000 0.836676 -0.416940 0.355153 0.000000 -1.416312 -1.625245 1.274655 1.000000
0.778763 -0.202955 -0.593580 0.000000 -0.016980 0.939052 -0.343356 0.000000 0.627088 0.277472 0.727853 0.000000 0.154620 -2.343550 0.605458 1.000000
-0.828558 0.511939 -0.226737 0.000000 0.438220 0.340875 -0.831726 0.000000 -0.348504 -0.788494 -0.506777 0.000000 -1.264129 -0.037411 1.979266 1.000000
-0.999439 -0.030944 -0.012848 0.000000 -0.008298 0.600124 -0.799865 0.000000 0.032461 -0.799309 -0.600044 0.000000 -0.751154 -0.850528 1.307232 1.000000
-0.941944 0.333794 -0.036368 0.000000 0.186019 0.428602 -0.884137 0.000000 -0.279532 -0.839572 -0.465811 0.000000 -0.966992 -0.347398 1.184559 1.000000
-0.913650 0.300412 0.273856 0.000000 -0.126257 0.430655 -0.893642 0.000000 -0.386399 -0.851052 -0.355539 0.000000 -0.596028 -0.376591 1.202175 1.000000
-0.618195 0.338894 0.709215 0.000000 -0.569187 0.429259 -0.701258 0.000000 -0.542090 -0.837190 -0.072472 0.000000 0.024511 -0.345268 1.186783 1.000000
1.000000 0.000000 0.000000 0.000000 0.000000 1.000000 0.000000 0.000000 0.000000 0.000000 1.000000 0.000000 0.000000 0.000000 0.000000 1.000000
-0.453393 0.051560 0.889818 0.000000 -0.051560 0.995136 -0.083935 0.000000 -0.889818 -0.083934 -0.448530 0.000000 -0.214520 -1.439233 0.756759 1.000000
-0.461544 0.700490 0.544326 0.000000 -0.217990 0.505221 -0.835004 0.000000 -0.859918 -0.504048 -0.080482 0.000000 0.026819 -0.338350 1.555123 1.000000
-0.110148 0.979028 0.171384 0.000000 -0.004029 0.171992 -0.985090 0.000000 -0.993907 -0.109197 -0.015000 0.000000 -0.086051 0.259719 1.397103 1.000000
1.000000 0.000000 0.000000 0.000000 0.000000 1.000000 0.000000 0.000000 0.000000 0.000000 1.000000 0.000000 0.000000 0.000000 0.000000 1.000000
-0.956055 0.245879 0.159693 0.000000 -0.094940 0.255698 -0.962084 0.000000 -0.277389 -0.934967 -0.221118 0.000000 -0.610504 -0.117737 1.411737 1.000000
-0.789448 0.208638 0.577272 0.000000 -0.510496 0.299039 -0.806207 0.000000 -0.340832 -0.931153 -0.129567 0.000000 -0.020507 -0.194128 1.333992 1.000000
-0.466994 0.046480 0.883038 0.000000 -0.850050 0.251483 -0.462786 0.000000 -0.243580 -0.966745 -0.077930 0.000000 0.523006 -0.253149 1.017901 1.000000
1.000000 0.000000 0.000000 0.000000 0.000000 1.000000 0.000000 0.000000 0.000000 0.000000 1.000000 0.000000 0.000000 0.000000 0.000000 1.000000
-0.864057 0.408870 0.293651 0.000000 -0.299789 0.050662 -0.952659 0.000000 -0.404391 -0.911185 0.078800 0.000000 -0.267056 0.330516 1.490376 1.000000
-0.668845 -0.223002 0.709166 0.000000 -0.695503 -0.149174 -0.702867 0.000000 0.262530 -0.963337 -0.055324 0.000000 0.252481 0.090955 1.305943 1.000000
-0.397407 -0.190913 0.897563 0.000000 -0.913877 -0.006178 -0.405944 0.000000 0.083045 -0.981588 -0.172016 0.000000 0.648789 -0.028565 0.963992 1.000000
1.000000 0.000000 0.000000 0.000000 0.000000 1.000000 0.000000 0.000000 0.000000 0.000000 1.000000 0.000000 0.000000 0.000000 0.000000 1.000000
-1.000000 -0.000000 0.000008 0.000000 -0.000000 1.000000 0.000000 0.000000 -0.000008 0.000000 -1.000000 0.000000 0.000001 -2.110000 0.019291 1.000000
1.000000 0.000000 0.000000 0.000000 0.000000 1.000000 0.000000 0.000000 0.000000 0.000000 1.000000 0.000000 0.000000 0.000000 0.000000 1.000000
-1.000000 0.000022 -0.000001 0.000000 -0.000000 -0.043726 -0.999044 0.000000 -0.000022 -0.999043 0.043727 0.000000 0.000000 0.049477 1.674724 1.000000
-1.000000 0.000024 -0.000004 0.000000 -0.000003 -0.259678 -0.965695 0.000000 -0.000024 -0.965694 0.259678 0.000000 0.000003 0.298290 1.112743 1.000000
-1.000000 0.000027 -0.000010 0.000000 -0.000010 -0.635188 -0.772357 0.000000 -0.000027 -0.772357 0.635188 0.000000 0.000009 0.585641 0.569515 1.000000
1.000000 0.000000 0.000000 0.000000 0.000000 1.000000 0.000000 0.000000 0.000000 0.000000 1.000000 0.000000 0.000000 0.000000 0.000000 1.000000
-0.000018 -0.999983 -0.005907 0.000000 -0.000957 0.005907 -0.999982 0.000000 1.000000 -0.000012 -0.000957 0.000000 -1.178467 -0.015188 2.965451 1.000000
-0.011510 -0.999681 -0.022483 0.000000 -0.999533 0.012138 -0.028030 0.000000 0.028294 0.022150 -0.999354 0.000000 2.838035 -0.046579 1.283582 1.000000
-0.000088 -1.000000 0.000016 0.000000 -0.999899 0.000088 -0.014218 0.000000 0.014218 -0.000017 -0.999899 0.000000 2.594459 -1.190227 1.224184 1.000000
1.000000 0.000000 0.000000 0.000000 0.000000 1.000000 0.000000 0.000000 0.000000 0.000000 1.000000 0.000000 0.000000 0.000000 0.000000 1.000000
0.000025 -1.000000 0.000014 0.000000 -0.998116 -0.000026 -0.061352 0.000000 0.061352 -0.000012 -0.998116 0.000000 3.477546 -1.002502 1.393146 1.000000
1.000000 0.000000 0.000000 0.000000 0.000000 1.000000 0.000000 0.000000 0.000000 0.000000 1.000000 0.000000 0.000000 0.000000 0.000000 1.000000
0.000166 -1.000000 0.000015 0.000000 -0.995894 -0.000164 0.090533 0.000000 -0.090533 -0.000030 -0.995894 0.000000 4.162576 0.000685 0.833741 1.000000
1.000000 0.000000 0.000000 0.000000 0.000000 1.000000 0.000000 0.000000 0.000000 0.000000 1.000000 0.000000 0.000000 0.000000 0.000000 1.000000
-0.000008 -1.000000 0.000014 0.000000 -0.998116 0.000007 -0.061352 0.000000 0.061352 -0.000014 -0.998116 0.000000 3.484630 1.009074 1.393585 1.000000
1.000000 0.000000 0.000000 0.000000 0.000000 1.000000 0.000000 0.000000 0.000000 0.000000 1.000000 0.000000 0.000000 0.000000 0.000000 1.000000
0.000268 -1.000000 -0.000120 0.000000 -1.000000 -0.000268 0.000000 0.000000 -0.000000 0.000120 -1.000000 0.000000 2.609676 1.210540 1.187333 1.000000
1.000000 0.000000 0.000000 0.000000 0.000000 1.000000 0.000000 0.000000 0.000000 0.000000 1.000000 0.000000 0.000000 0.000000 0.000000 1.000000
#SKIN
@ParentName RootNode
@NodeName body
@MeshName BossB+_1
@MaterialName BossB+_body
@TopNode YES
$WorldTM 4 4
1.000000 0.000000 0.000000 0.000000
0.000000 1.000000 0.000000 0.000000
0.000000 0.000000 1.000000 0.000000
0.000000 0.000000 0.000000 1.000000
$LocalTM 4 4
1.000000 0.000000 0.000000 0.000000
0.000000 1.000000 0.000000 0.000000
0.000000 0.000000 1.000000 0.000000
0.000000 0.000000 0.000000 1.000000
$BoneOffset 66 16
-1.000000 -0.000016 -0.000004 0.000000 -0.000004 -0.000000 1.000000 0.000000 -0.000016 1.000000 0.000000 0.000000 0.000006 -0.119291 -1.670000 1.000000
-1.000000 -0.000021 -0.000007 0.000000 0.000004 -0.499809 0.866136 0.000000 -0.000021 0.866136 0.499809 0.000000 -0.000723 0.826646 -1.540851 1.000000
-1.000000 -0.000023 0.000001 0.000000 -0.000001 0.073785 0.997274 0.000000 -0.000023 0.997274 -0.073785 0.000000 -0.000713 -0.317379 -1.936652 1.000000
-0.999997 0.000705 0.002275 0.000000 0.002232 0.610542 0.791981 0.000000 -0.000830 0.791984 -0.610542 0.000000 -0.005579 -1.485275 -1.676176 1.000000
-1.000000 -0.000525 -0.000003 0.000000 0.000119 -0.233210 0.972426 0.000000 -0.000511 0.972426 0.233210 0.000000 -0.000316 0.618301 -2.406741 1.000000
-0.999991 -0.000081 -0.004256 0.000000 -0.003261 0.657002 0.753882 0.000000 0.002735 0.753889 -0.656996 0.000000 0.008748 -1.774340 -2.021838 1.000000
-1.000000 -0.000029 -0.000013 0.000000 -0.000014 0.022511 0.999747 0.000000 -0.000029 0.999747 -0.022511 0.000000 -0.000676 0.037287 -2.817775 1.000000
1.000000 0.000000 0.000000 0.000000 0.000000 1.000000 0.000000 0.000000 0.000000 0.000000 1.000000 0.000000 0.000000 0.000000 0.000000 1.000000
-0.006536 0.656024 0.754711 0.000000 -0.547627 0.629144 -0.551619 0.000000 -0.836697 -0.416906 0.355145 0.000000 1.416236 -1.625308 1.274660 1.000000
0.778773 0.202951 0.593569 0.000000 0.016981 0.939052 -0.343356 0.000000 -0.627076 0.277475 0.727862 0.000000 -0.154621 -2.343550 0.605458 1.000000
-0.828564 -0.511927 0.226744 0.000000 -0.438219 0.340875 -0.831726 0.000000 0.348491 -0.788501 -0.506773 0.000000 1.264129 -0.037412 1.979265 1.000000
-0.999438 0.030954 0.012852 0.000000 0.008297 0.600039 -0.799928 0.000000 -0.032473 -0.799372 -0.599959 0.000000 0.751154 -0.850388 1.307323 1.000000
-0.941949 -0.333782 0.036375 0.000000 -0.186018 0.428602 -0.884137 0.000000 0.279519 -0.839578 -0.465810 0.000000 0.966992 -0.347398 1.184558 1.000000
-0.913655 -0.300399 -0.273851 0.000000 0.126258 0.430655 -0.893641 0.000000 0.386385 -0.851056 -0.355543 0.000000 0.596027 -0.376591 1.202175 1.000000
-0.618203 -0.338882 -0.709214 0.000000 0.569187 0.429259 -0.701258 0.000000 0.542080 -0.837195 -0.072482 0.000000 -0.024511 -0.345269 1.186783 1.000000
1.000000 0.000000 0.000000 0.000000 0.000000 1.000000 0.000000 0.000000 0.000000 0.000000 1.000000 0.000000 0.000000 0.000000 0.000000 1.000000
-0.453407 -0.051559 -0.889811 0.000000 0.051560 0.995136 -0.083935 0.000000 0.889811 -0.083936 -0.448543 0.000000 0.214519 -1.439233 0.756759 1.000000
-0.461557 -0.700483 -0.544325 0.000000 0.217990 0.505221 -0.835004 0.000000 0.859910 -0.504059 -0.080490 0.000000 -0.026819 -0.338350 1.555122 1.000000
-0.110163 -0.979026 -0.171383 0.000000 0.004029 0.171991 -0.985090 0.000000 0.993905 -0.109211 -0.015002 0.000000 0.086050 0.259719 1.397102 1.000000
1.000000 0.000000 0.000000 0.000000 0.000000 1.000000 0.000000 0.000000 0.000000 0.000000 1.000000 0.000000 0.000000 0.000000 0.000000 1.000000
-0.956060 -0.245865 -0.159690 0.000000 0.094940 0.255698 -0.962084 0.000000 0.277375 -0.934970 -0.221120 0.000000 0.610503 -0.117737 1.411737 1.000000
-0.789453 -0.208624 -0.577270 0.000000 0.510496 0.299039 -0.806207 0.000000 0.340820 -0.931156 -0.129575 0.000000 0.020507 -0.194128 1.333992 1.000000
