#BONE
@ParentName Armature
@NodeName Bone
@BoneIndex 0
@TopNode YES
$WorldTM 4 4
-10.000000 -0.000000 -0.000029 0.000000
0.000000 -10.000000 0.000000 0.000000
-0.000029 0.000000 10.000000 0.000000
0.000000 -1.224520 12.736690 1.000000
$LocalTM 4 4
-1.000000 -0.000003 0.000000 0.000000
0.000000 0.000000 1.000000 0.000000
-0.000003 1.000000 -0.000000 0.000000
0.000000 1.273669 0.122452 1.000000
#BONE
@ParentName Bone
@NodeName spine_003
@BoneIndex 1
@TopNode NO
$WorldTM 4 4
-10.000000 0.000050 0.000051 0.000000
-0.000069 -8.664280 -4.993010 0.000000
0.000019 -4.993010 8.664280 0.000000
-0.007160 -0.573050 13.514210 1.000000
$LocalTM 4 4
1.000000 -0.000005 0.000008 0.000000
0.000008 0.866428 -0.499301 0.000000
-0.000004 0.499301 0.866428 0.000000
0.000716 -0.065147 0.077752 1.000000
#BONE
@ParentName spine_003
@NodeName inner
@BoneIndex 2
@TopNode NO
$WorldTM 4 4
-10.000000 -0.000079 0.000011 0.000000
0.000011 0.005863 10.000000 0.000000
-0.000079 10.000000 -0.005863 0.000000
0.000010 -0.203750 17.003599 1.000000
$LocalTM 4 4
1.000000 0.000013 0.000003 0.000000
0.000004 -0.499810 0.866136 0.000000
0.000013 -0.866136 -0.499810 0.000000
-0.000715 -0.206223 0.283892 1.000000
#BONE
@ParentName spine_003
@NodeName spine_002
@BoneIndex 3
@TopNode NO
$WorldTM 4 4
-10.000000 0.000070 0.000001 0.000000
-0.000070 -9.972310 0.743689 0.000000
0.000006 0.743689 9.972310 0.000000
-0.007158 -1.766570 15.585299 1.000000
$LocalTM 4 4
1.000000 0.000001 -0.000005 0.000000
0.000002 0.826897 0.562354 0.000000
0.000005 -0.562354 0.826897 0.000000
0.000000 0.000000 0.239038 1.000000
#BONE
@ParentName spine_002
@NodeName spine_001
@BoneIndex 4
@TopNode NO
$WorldTM 4 4
-9.999969 0.008160 0.022331 0.000000
0.006970 -7.973622 6.035006 0.000000
0.022731 6.035004 7.973594 0.000000
-0.007156 -1.558100 18.380610 1.000000
$LocalTM 4 4
0.999997 -0.000641 0.002287 0.000000
-0.000703 0.840036 0.542530 0.000000
-0.002269 -0.542530 0.840033 0.000000
0.000000 -0.000001 0.280307 1.000000
#BONE
@ParentName spine_001
@NodeName neck2
@BoneIndex 5
@TopNode NO
$WorldTM 4 4
-10.000000 0.005250 0.000681 0.000000
-0.005294 -9.892498 -1.462324 0.000000
-0.000094 -1.462325 9.892500 0.000000
0.000027 0.348738 20.899990 1.000000
$LocalTM 4 4
0.999998 -0.001075 -0.001902 0.000000
-0.000604 0.700539 -0.713614 0.000000
0.002099 0.713613 0.700536 0.000000
-0.000000 0.000001 0.315965 1.000000
#BONE
@ParentName neck2
@NodeName neck1
@BoneIndex 6
@TopNode NO
$WorldTM 4 4
-9.999910 -0.030229 -0.029969 0.000000
-0.000636 -6.933447 7.206064 0.000000
-0.042562 7.205998 6.933381 0.000000
0.000011 0.039827 22.989811 1.000000
$LocalTM 4 4
0.999989 0.003958 -0.002513 0.000000
-0.000251 0.580516 0.814250 0.000000
0.004682 -0.814240 0.580510 0.000000
-0.000000 -0.000001 0.211253 1.000000
#BONE
@ParentName neck1
@NodeName head
@BoneIndex 7
@TopNode NO
$WorldTM 4 4
-10.000001 0.000111 0.000120 0.000000
-0.000162 -7.727291 -6.347360 0.000000
0.000022 -6.347360 7.727291 0.000000
-0.007120 1.246316 24.150650 1.000000
$LocalTM 4 4
0.999991 0.000065 0.004273 0.000000
0.004254 0.078373 -0.996915 0.000000
-0.000399 0.996924 0.078372 0.000000
0.000000 -0.000000 0.167428 1.000000
#BONE
@ParentName spine_001
@NodeName shoulder_L
@BoneIndex 8
@TopNode NO
$WorldTM 4 4
-0.065271 8.415172 -5.401917 0.000000
6.560333 4.113057 6.328103 0.000000
7.547041 -3.502531 -5.547476 0.000000
1.135478 -0.600051 21.063658 1.000000
$LocalTM 4 4
0.006007 -0.997005 0.077114 0.000000
-0.654283 0.054399 0.754292 0.000000
-0.756227 -0.054986 -0.651996 0.000000
-0.113586 0.085611 0.272014 1.000000
#BONE
@ParentName shoulder_L
@NodeName arm_L
@BoneIndex 9
@TopNode NO
$WorldTM 4 4
3.236216 5.931716 -7.371671 0.000000
7.375071 3.299365 5.892589 0.000000
5.927500 -7.343632 -3.306938 0.000000
2.367072 -1.171629 20.158363 1.000000
$LocalTM 4 4
0.895263 -0.010205 0.445420 0.000000
-0.045479 0.992422 0.114148 0.000000
-0.443210 -0.122450 0.888015 0.000000
0.000000 -0.000001 0.163190 1.000000
#BONE
@ParentName arm_L
@NodeName forearm_L
@BoneIndex 10
@TopNode NO
$WorldTM 4 4
-9.096360 4.114757 -0.570190 0.000000
2.921270 7.312152 6.164300 0.000000
2.953388 5.440698 -7.853426 0.000000
6.019600 -5.696775 18.120634 1.000000
$LocalTM 4 4
-0.008270 -0.568701 -0.822503 0.000000
0.073863 0.819936 -0.567669 0.000000
0.997235 -0.065447 0.035225 0.000000
-0.000000 0.000001 0.616200 1.000000
#BONE
@ParentName forearm_L
@NodeName hand_L
@BoneIndex 11
@TopNode NO
$WorldTM 4 4
-8.893849 4.099875 -2.022501 0.000000
2.432176 7.989448 5.500290 0.000000
3.870918 4.399969 -8.102860 0.000000
8.440799 -1.236463 11.682345 1.000000
$LocalTM 4 4
0.989247 -0.084697 0.119227 0.000000
0.076145 0.994306 0.074552 0.000000
-0.124863 -0.064672 0.990064 0.000000
0.000000 -0.000001 0.819806 1.000000
#BONE
@ParentName hand_L
@NodeName F1_L
@BoneIndex 12
@TopNode NO
$WorldTM 4 4
-6.930886 -7.041025 1.544889 0.000000
2.326609 -0.156584 9.724321 0.000000
-6.822734 7.099252 1.746696 0.000000
8.316616 -0.304232 10.981057 1.000000
$LocalTM 4 4
0.296504 -0.646137 -0.703272 0.000000
-0.410019 0.578943 -0.704776 0.000000
0.862537 0.497324 -0.093270 0.000000
0.063448 0.032887 0.093035 1.000000
#BONE
@ParentName F1_L
@NodeName f2_L
@BoneIndex 13
@TopNode NO
$WorldTM 4 4
-5.581313 -2.577519 7.887040 0.000000
3.199915 8.101392 4.912018 0.000000
-7.655686 5.265341 -3.696861 0.000000
7.511876 0.533124 11.187077 1.000000
$LocalTM 4 4
0.690165 0.641141 0.335576 0.000000
-0.716319 0.539425 0.442615 0.000000
0.102761 -0.545857 0.831554 0.000000
-0.000000 -0.000000 0.117950 1.000000
#BONE
@ParentName f2_L
@NodeName f3_L
@BoneIndex 14
@TopNode NO
$WorldTM 4 4
-4.260447 3.352071 8.403110 0.000000
7.523553 6.471123 1.233115 0.000000
-5.024415 6.847490 -5.278944 0.000000
6.198305 1.436554 10.552772 1.000000
$LocalTM 4 4
0.814144 0.547996 0.192013 0.000000
-0.489451 0.825570 -0.280839 0.000000
-0.312419 0.134663 0.940351 0.000000
0.000001 0.000000 0.171581 1.000000
#BONE
@ParentName hand_L
@NodeName l1_L
@BoneIndex 15
@TopNode NO
$WorldTM 4 4
-9.852960 1.406078 0.970703 0.000000
1.375877 9.897914 -0.371664 0.000000
-1.013051 -0.232637 -9.945837 0.000000
9.247957 -1.159349 9.973445 1.000000
$LocalTM 4 4
0.914322 -0.073912 -0.398187 0.000000
0.290950 0.803810 0.518879 0.000000
0.281716 -0.590276 0.756446 0.000000
-0.034063 -0.068202 0.173107 1.000000
#BONE
@ParentName l1_L
@NodeName l2_L
@BoneIndex 16
@TopNode NO
$WorldTM 4 4
-7.398126 -4.578898 4.929663 0.000000
-3.045520 8.812366 3.614832 0.000000
-5.999392 1.172962 -7.914004 0.000000
8.977112 -1.221548 7.314378 1.000000
$LocalTM 4 4
0.712403 -0.573327 -0.404697 0.000000
0.459071 0.816904 -0.349174 0.000000
0.530788 0.062968 0.845162 0.000000
0.000000 -0.000000 0.267355 1.000000
#BONE
@ParentName l2_L
@NodeName l3_L
@BoneIndex 17
@TopNode NO
$WorldTM 4 4
-5.280113 -7.393185 4.178661 0.000000
-3.226655 6.297983 7.065702 0.000000
-7.855525 2.382463 -5.710928 0.000000
7.928224 -1.016471 5.930753 1.000000
$LocalTM 4 4
0.935149 -0.339657 -0.100644 0.000000
0.298648 0.908683 -0.291728 0.000000
0.190541 0.242752 0.951192 0.000000
-0.000000 0.000000 0.174833 1.000000
#BONE
@ParentName hand_L
@NodeName s1_L
@BoneIndex 18
@TopNode NO
$WorldTM 4 4
-8.829652 4.184283 -2.128166 0.000000
2.007357 7.463404 6.345715 0.000000
4.243559 5.175841 -7.429858 0.000000
9.138395 -0.167569 10.036997 1.000000
$LocalTM 4 4
0.999888 0.002493 0.014761 0.000000
-0.000883 0.994140 -0.108094 0.000000
-0.014944 0.108068 0.994030 0.000000
0.015057 0.011867 0.207355 1.000000
#BONE
@ParentName s1_L
@NodeName s2_L
@BoneIndex 19
@TopNode NO
$WorldTM 4 4
-9.993460 0.295238 -0.209035 0.000000
0.125984 8.257245 5.639324 0.000000
0.339095 5.632999 -8.255564 0.000000
10.101520 1.007145 8.350703 1.000000
$LocalTM 4 4
0.899189 -0.191834 -0.393267 0.000000
0.214368 0.976656 0.013735 0.000000
0.381452 -0.096654 0.919322 0.000000
-0.000000 -0.000000 0.226961 1.000000
#BONE
@ParentName s2_L
@NodeName s3_L
@BoneIndex 20
@TopNode NO
$WorldTM 4 4
-8.451512 -5.007852 1.869034 0.000000
-2.608171 6.915630 6.735838 0.000000
-4.665777 5.205331 -7.150895 0.000000
10.164594 2.054845 6.815233 1.000000
$LocalTM 4 4
0.825906 -0.318758 -0.465051 0.000000
0.266983 0.947611 -0.175368 0.000000
0.496588 0.020677 0.867741 0.000000
-0.000000 0.000000 0.185993 1.000000
#BONE
@ParentName hand_L
@NodeName t1_L
@BoneIndex 21
@TopNode NO
$WorldTM 4 4
-9.667870 2.527802 -0.377491 0.000000
2.341701 9.352523 2.654539 0.000000
1.024066 2.477982 -9.633843 0.000000
9.201131 -0.580139 9.959705 1.000000
$LocalTM 4 4
0.971117 -0.053945 -0.232425 0.000000
0.121486 0.950177 0.287060 0.000000
0.205360 -0.307005 0.929287 0.000000
-0.005874 -0.023821 0.197893 1.000000
#BONE
@ParentName t1_L
@NodeName t2_L
@BoneIndex 22
@TopNode NO
$WorldTM 4 4
-8.799676 -3.166484 3.541051 0.000000
-1.454806 8.892522 4.336640 0.000000
-4.522079 3.300953 -8.285800 0.000000
9.456822 0.038569 7.554292 1.000000
$LocalTM 4 4
0.757332 -0.408210 -0.509718 0.000000
0.349064 0.912727 -0.212328 0.000000
0.551908 -0.017121 0.833729 0.000000
0.000000 -0.000000 0.249684 1.000000
#BONE
@ParentName t2_L
@NodeName t3_L
@BoneIndex 23
@TopNode NO
$WorldTM 4 4
-5.245157 -7.664540 3.707168 0.000000
-2.359772 5.492322 8.016588 0.000000
-8.180455 3.330027 -4.689475 0.000000
8.650167 0.627405 6.076263 1.000000
$LocalTM 4 4
0.835526 -0.444499 -0.322981 0.000000
0.317610 0.870388 -0.376229 0.000000
0.448352 0.211767 0.868410 0.000000
-0.000000 0.000001 0.178381 1.000000
#BONE
@ParentName spine_001
@NodeName shoulder_R
@BoneIndex 24
@TopNode NO
$WorldTM 4 4
-0.065822 -8.415161 5.401917 0.000000
-6.559955 4.113530 6.328166 0.000000
-7.547355 -3.501984 -5.547390 0.000000
-1.135462 -0.599993 21.063641 1.000000
$LocalTM 4 4
0.007102 0.996995 -0.077143 0.000000
0.657743 0.053451 0.751343 0.000000
0.753209 -0.056076 -0.655387 0.000000
0.113508 0.085447 0.271499 1.000000
#BONE
@ParentName shoulder_R
@NodeName arm_R
@BoneIndex 25
@TopNode NO
$WorldTM 4 4
3.235864 -5.931952 7.371643 0.000000
-7.374774 3.299881 5.892649 0.000000
-5.928057 -7.343212 -3.306889 0.000000
-2.367116 -1.171486 20.158363 1.000000
$LocalTM 4 4
0.895264 0.010206 -0.445420 0.000000
0.045480 0.992422 0.114151 0.000000
0.443210 -0.122453 0.888016 0.000000
0.000000 0.000000 0.163190 1.000000
#BONE
@ParentName arm_R
@NodeName forearm_R
@BoneIndex 26
@TopNode NO
$WorldTM 4 4
-9.096644 -4.114111 0.570254 0.000000
-2.920692 7.312364 6.164329 0.000000
-2.953066 5.440917 -7.853404 0.000000
-6.019989 -5.696372 18.120661 1.000000
$LocalTM 4 4
-0.008271 0.568700 0.822503 0.000000
-0.073863 0.819938 -0.567669 0.000000
-0.997235 -0.065448 0.035225 0.000000
-0.000000 0.000001 0.616200 1.000000
#BONE
@ParentName forearm_R
@NodeName hand_R
@BoneIndex 27
@TopNode NO
$WorldTM 4 4
-8.845306 -4.130465 2.167892 0.000000
-2.393594 8.007681 5.490694 0.000000
-4.003895 4.337784 -8.071714 0.000000
-8.440927 -1.235870 11.682391 1.000000
$LocalTM 4 4
0.986920 0.089947 -0.133781 0.000000
-0.080396 0.993924 0.075169 0.000000
0.139729 -0.063431 0.988156 0.000000
-0.000001 0.000000 0.819806 1.000000
#BONE
@ParentName hand_R
@NodeName F1_R
@BoneIndex 28
@TopNode NO
$WorldTM 4 4
-6.985119 7.000018 -1.485878 0.000000
-2.190508 -0.114884 9.756458 0.000000
6.812472 7.140498 1.613617 0.000000
-8.330917 -0.306890 10.974462 1.000000
$LocalTM 4 4
0.296511 0.646150 0.703258 0.000000
0.410013 0.578930 -0.704790 0.000000
-0.862538 0.497323 -0.093271 0.000000
-0.063449 0.032886 0.093035 1.000000
#BONE
@ParentName F1_R
@NodeName f2_R
@BoneIndex 29
@TopNode NO
$WorldTM 4 4
-5.702602 2.508804 -7.822178 0.000000
-3.169771 8.112721 4.912857 0.000000
7.578447 5.281071 -3.831116 0.000000
-7.527389 0.535325 11.164783 1.000000
$LocalTM 4 4
0.690178 -0.641133 -0.335566 0.000000
0.716306 0.539435 0.442622 0.000000
-0.102763 -0.545856 0.831553 0.000000
-0.000000 -0.000000 0.117949 1.000000
#BONE
@ParentName f2_R
@NodeName f3_R
@BoneIndex 30
@TopNode NO
$WorldTM 4 4
-4.361020 -3.417104 -8.324965 0.000000
-7.536255 6.442497 1.303421 0.000000
4.917959 6.842343 -5.384799 0.000000
-6.227079 1.441456 10.507440 1.000000
$LocalTM 4 4
0.814154 -0.547979 -0.192017 0.000000
0.489436 0.825581 -0.280835 0.000000
0.312417 0.134663 0.940351 0.000000
0.000000 0.000000 0.171580 1.000000
#BONE
@ParentName hand_R
@NodeName l1_R
@BoneIndex 31
@TopNode NO
$WorldTM 4 4
-9.865707 -1.411476 -0.821905 0.000000
-1.380148 9.895120 -0.426473 0.000000
0.873466 -0.307307 -9.957042 0.000000
-9.272076 -1.171813 9.984381 1.000000
$LocalTM 4 4
0.913135 0.077992 0.400127 0.000000
-0.295881 0.801988 0.518912 0.000000
-0.280427 -0.592227 0.755400 0.000000
0.034061 -0.068209 0.173115 1.000000
#BONE
@ParentName l1_R
@NodeName l2_R
@BoneIndex 32
@TopNode NO
$WorldTM 4 4
-7.455291 4.583423 -4.838481 0.000000
3.145787 8.820251 3.508172 0.000000
5.875592 1.093368 -8.017602 0.000000
-9.038548 -1.253972 7.322328 1.000000
$LocalTM 4 4
0.710591 0.577064 0.402563 0.000000
-0.463683 0.814396 -0.348938 0.000000
-0.529206 0.061290 0.846277 0.000000
-0.000000 0.000000 0.267354 1.000000
#BONE
@ParentName l2_R
@NodeName l3_R
@BoneIndex 33
@TopNode NO
$WorldTM 4 4
-5.301014 7.419909 -4.104182 0.000000
3.414852 6.298458 6.976266 0.000000
7.761310 2.296617 -5.872604 0.000000
-8.011304 -1.062808 5.920587 1.000000
$LocalTM 4 4
0.933872 0.343714 0.098717 0.000000
-0.303447 0.907702 -0.289821 0.000000
-0.189221 0.240700 0.951976 0.000000
0.000001 0.000001 0.174833 1.000000
#BONE
@ParentName hand_R
@NodeName s1_R
@BoneIndex 34
@TopNode NO
$WorldTM 4 4
-8.779246 -4.214005 2.273111 0.000000
-1.954591 7.488230 6.332933 0.000000
-4.370857 5.115533 -7.397768 0.000000
-9.166367 -0.179194 10.041201 1.000000
$LocalTM 4 4
0.999888 -0.002494 -0.014762 0.000000
0.000883 0.994141 -0.108093 0.000000
0.014945 0.108068 0.994031 0.000000
-0.015058 0.011867 0.207354 1.000000
#BONE
@ParentName s1_R
@NodeName s2_R
@BoneIndex 35
@TopNode NO
$WorldTM 4 4
-9.988070 -0.340917 0.349547 0.000000
-0.086996 8.287031 5.596201 0.000000
-0.480456 5.586486 -8.280110 0.000000
-10.158387 0.981834 8.362192 1.000000
$LocalTM 4 4
0.899189 0.191835 0.393266 0.000000
-0.214369 0.976655 0.013735 0.000000
-0.381450 -0.096654 0.919322 0.000000
0.000000 -0.000000 0.226962 1.000000
#BONE
@ParentName s2_R
@NodeName s3_R
@BoneIndex 36
@TopNode NO
$WorldTM 4 4
-8.500384 4.957984 -1.778145 0.000000
2.668458 6.964207 6.661770 0.000000
4.541232 5.188276 -7.242855 0.000000
-10.247748 2.020875 6.822154 1.000000
$LocalTM 4 4
0.825907 0.318757 0.465050 0.000000
-0.266983 0.947611 -0.175369 0.000000
-0.496587 0.020678 0.867741 0.000000
-0.000000 -0.000000 0.185992 1.000000
#BONE
@ParentName hand_R
@NodeName t1_R
@BoneIndex 37
@TopNode NO
$WorldTM 4 4
-9.662371 -2.519500 0.539052 0.000000
-2.296225 9.369655 2.633787 0.000000
-1.168668 2.421090 -9.631857 0.000000
-9.228201 -0.592473 9.966990 1.000000
$LocalTM 4 4
0.970420 0.059124 0.234070 0.000000
-0.126803 0.949868 0.285782 0.000000
-0.205439 -0.307010 0.929269 0.000000
0.005873 -0.023822 0.197893 1.000000
#BONE
@ParentName t1_R
@NodeName t2_R
@BoneIndex 38
@TopNode NO
$WorldTM 4 4
-8.841804 3.199838 -3.403455 0.000000
1.573562 8.899952 4.279582 0.000000
4.398438 3.248374 -8.372679 0.000000
-9.519996 0.012029 7.562084 1.000000
$LocalTM 4 4
0.755363 0.413203 0.508617 0.000000
-0.353208 0.910478 -0.215117 0.000000
-0.551971 -0.017156 0.833687 0.000000
-0.000000 -0.000000 0.249683 1.000000
#BONE
@ParentName t2_R
@NodeName t3_R
@BoneIndex 39
@TopNode NO
$WorldTM 4 4
-5.252934 7.709045 -3.602395 0.000000
2.551842 5.465842 7.975764 0.000000
8.117549 3.270351 -4.838390 0.000000
-8.735390 0.591485 6.068555 1.000000
$LocalTM 4 4
0.833737 0.449276 0.320987 0.000000
-0.322181 0.867941 -0.377993 0.000000
-0.448421 0.211731 0.868383 0.000000
-0.000000 0.000001 0.178382 1.000000
#BONE
@ParentName Bone
@NodeName spine_004
@BoneIndex 40
@TopNode NO
$WorldTM 4 4
-10.000000 0.000060 0.000009 0.000000
0.000060 9.990440 -0.437269 0.000000
-0.000012 -0.437269 -9.990440 0.000000
-0.000001 0.206390 12.789549 1.000000
$LocalTM 4 4
1.000000 -0.000006 0.000004 0.000000
-0.000006 -0.999044 -0.043727 0.000000
0.000004 0.043727 -0.999044 0.000000
0.000000 -0.143091 0.005286 1.000000
#BONE
@ParentName spine_004
@NodeName spine_005
@BoneIndex 41
@TopNode NO
$WorldTM 4 4
-10.000000 0.000080 -0.000021 0.000000
0.000083 9.656960 -2.596790 0.000000
-0.000001 -2.596787 -9.656951 0.000000
-0.000008 -0.022630 7.556990 1.000000
$LocalTM 4 4
1.000000 0.000002 0.000003 0.000000
-0.000003 0.976127 0.217204 0.000000
-0.000002 -0.217203 0.976126 0.000000
0.000000 0.000000 0.523757 1.000000
#BONE
@ParentName spine_005
@NodeName spine_006
@BoneIndex 42
@TopNode NO
$WorldTM 4 4
-10.000000 0.000110 -0.000091 0.000000
0.000143 7.723581 -6.351890 0.000000
-0.000000 -6.351889 -7.723569 0.000000
-0.000008 -0.937359 4.155309 1.000000
$LocalTM 4 4
1.000000 0.000005 0.000006 0.000000
-0.000007 0.910807 0.412834 0.000000
-0.000004 -0.412834 0.910806 0.000000
-0.000000 -0.000001 0.352252 1.000000
#BONE
@ParentName Armature
@NodeName bone
@BoneIndex 43
@TopNode YES
$WorldTM 4 4
-0.000031 -10.000000 -0.009570 0.000000
-9.999830 -0.000026 0.059070 0.000000
-0.059070 0.009570 -9.999820 0.000000
0.023330 -11.844650 25.654968 1.000000
$LocalTM 4 4
-0.000003 -0.000957 1.000000 0.000000
-0.999983 0.005907 0.000003 0.000000
-0.005907 -0.999982 -0.000957 0.000000
0.002333 2.565497 1.184465 1.000000
#BONE
@ParentName bone
@NodeName sapin
@BoneIndex 44
@TopNode NO
$WorldTM 4 4
-0.115080 -0.282939 -9.995330 0.000000
-9.996810 -0.221648 0.121371 0.000000
-0.224978 9.993541 -0.280298 0.000000
0.149840 -12.066480 24.743917 1.000000
$LocalTM 4 4
0.029250 0.005604 0.999556 0.000000
0.022156 0.999735 -0.006253 0.000000
-0.999326 0.022329 0.029119 0.000000
0.022270 -0.013189 0.091007 1.000000
#BONE
@ParentName sapin
@NodeName ball2
@BoneIndex 45
@TopNode NO
$WorldTM 4 4
0.000262 -0.613519 -9.981160 0.000000
-10.000000 -0.000016 -0.000262 0.000000
0.000001 9.981161 -0.613518 0.000000
-10.032030 -11.802778 31.584469 1.000000
$LocalTM 4 4
0.999386 -0.010781 -0.033336 0.000000
0.011534 0.999680 0.022497 0.000000
0.033083 -0.022868 0.999191 0.000000
-0.672765 1.025579 0.030086 1.000000
#BONE
@ParentName sapin
@NodeName ball3
@BoneIndex 46
@TopNode NO
$WorldTM 4 4
0.001652 0.905332 -9.958930 0.000000
-10.000000 0.000156 -0.001645 0.000000
0.000006 9.958930 0.905331 0.000000
0.000070 -12.104072 36.719639 1.000000
$LocalTM 4 4
0.992865 -0.014259 0.118386 0.000000
0.011672 0.999678 0.022518 0.000000
-0.118669 -0.020976 0.992712 0.000000
-1.196735 0.029591 -0.036987 1.000000
#BONE
@ParentName sapin
@NodeName ball4
@BoneIndex 47
@TopNode NO
$WorldTM 4 4
-0.000057 -0.613529 -9.981159 0.000000
-10.000000 0.000003 0.000057 0.000000
-0.000000 9.981161 -0.613528 0.000000
10.098340 -11.803373 31.646006 1.000000
$LocalTM 4 4
0.999387 -0.010749 -0.033336 0.000000
0.011502 0.999680 0.022498 0.000000
0.033084 -0.022868 0.999191 0.000000
-0.702080 -0.986738 -0.015435 1.000000
#BONE
@ParentName sapin
@NodeName ball5
@BoneIndex 48
@TopNode NO
$WorldTM 4 4
0.002680 -0.000000 -10.000000 0.000000
-10.000000 0.000002 -0.002680 0.000000
0.000003 10.000001 -0.000000 0.000000
12.101240 -11.903322 22.107866 1.000000
$LocalTM 4 4
0.999531 -0.012405 0.028024 0.000000
0.011776 0.999677 0.022506 0.000000
-0.028294 -0.022165 0.999354 0.000000
0.249267 -1.198319 -0.003194 1.000000
#BONE
@ParentName sapin
@NodeName Bone_001
@BoneIndex 49
@TopNode NO
$WorldTM 4 4
-0.000529 -0.142179 -9.998990 0.000000
-10.000000 0.000007 0.000529 0.000000
-0.000001 9.998990 -0.142179 0.000000
-11.932909 -11.903316 22.128439 1.000000
$LocalTM 4 4
0.999836 -0.011768 0.013819 0.000000
0.011455 0.999681 0.022497 0.000000
-0.014080 -0.022335 0.999651 0.000000
0.274869 1.204352 0.050820 1.000000
#SKIN
@ParentName bossb_idle
@NodeName bossb_low
@MeshName bossb+_0
@MaterialName bossb+_bone
@TopNode YES
$WorldTM 4 4
10.000000 0.000000 0.000000 0.000000
0.000000 0.000000 10.000000 0.000000
0.000000 -10.000000 0.000000 0.000000
0.000000 0.000000 0.000000 1.000000
$LocalTM 4 4
1.000000 0.000000 0.000000 0.000000
0.000000 0.000000 1.000000 0.000000
0.000000 -1.000000 0.000000 0.000000
0.000000 0.000000 0.000000 1.000000
$BoneOffset 50 16
-1.000000 -0.000001 -0.000004 0.000000 -0.000004 0.000000 1.000000 0.000000 -0.000001 1.000000 -0.000000 0.000000 0.000005 -0.122452 -1.270000 1.000000
-1.000000 -0.000007 0.000000 0.000000 0.000004 -0.499809 0.866135 0.000000 -0.000006 0.866135 0.499809 0.000000 -0.000721 0.623984 -1.195977 1.000000
-1.000000 0.000000 -0.000007 0.000000 0.000000 1.000000 -0.000000 0.000000 0.000007 -0.000000 -1.000000 0.000000 0.000001 -1.710000 0.022452 1.000000
-1.000000 -0.000008 -0.000000 0.000000 -0.000001 0.073785 0.997274 0.000000 -0.000008 0.997274 -0.073785 0.000000 -0.000713 -0.291017 -1.537510 1.000000
-0.999997 0.000717 0.002265 0.000000 0.002232 0.610542 0.791981 0.000000 -0.000815 0.791983 -0.610542 0.000000 -0.004683 -1.243562 -1.357453 1.000000
-1.000000 -0.000510 0.000000 0.000000 0.000119 -0.233210 0.972427 0.000000 -0.000496 0.972427 0.233210 0.000000 -0.000266 0.521942 -2.018508 1.000000
-0.999991 -0.000069 -0.004265 0.000000 -0.003261 0.657002 0.753882 0.000000 0.002750 0.753889 -0.656996 0.000000 0.007433 -1.513922 -1.718209 1.000000
-1.000000 -0.000007 -0.000004 0.000000 0.000002 -0.699977 0.714165 0.000000 -0.000008 0.714166 0.699977 0.000000 -0.000720 1.760965 -1.657300 1.000000
-0.006548 0.656018 0.754716 0.000000 -0.547627 0.629144 -0.551618 0.000000 -0.836697 -0.416915 0.355134 0.000000 1.199831 -1.372332 1.052888 1.000000
0.322244 0.738094 0.592770 0.000000 -0.743578 0.584882 -0.324044 0.000000 -0.585876 -0.336350 0.737304 0.000000 1.487079 -1.312063 0.426072 1.000000
-0.978233 0.095332 0.184319 0.000000 -0.095326 0.582518 -0.807209 0.000000 -0.184322 -0.807208 -0.560750 0.000000 0.866596 -0.652444 1.671045 1.000000
-0.997577 0.037073 0.058869 0.000000 -0.031688 0.511179 -0.858890 0.000000 -0.061934 -0.858675 -0.508766 0.000000 0.794479 -0.520865 0.999390 1.000000
-0.537533 -0.043623 -0.842114 0.000000 0.043624 0.995885 -0.079435 0.000000 0.842114 -0.079435 -0.533418 0.000000 0.301010 -1.047392 0.689123 1.000000
-0.726773 -0.427791 -0.537397 0.000000 0.427798 0.330198 -0.841403 0.000000 0.537392 -0.841406 -0.056971 0.000000 -0.008857 -0.126567 1.223837 1.000000
-0.966588 -0.181431 -0.181083 0.000000 0.181437 0.014783 -0.983291 0.000000 0.181076 -0.983293 0.018629 0.000000 0.326686 0.036754 1.007605 1.000000
-0.952646 -0.214196 -0.215837 0.000000 0.214204 0.031090 -0.976294 0.000000 0.215829 -0.976295 0.016264 0.000000 0.531760 0.221179 1.115311 1.000000
-0.511652 -0.484010 -0.709892 0.000000 0.484016 0.520282 -0.703587 0.000000 0.709887 -0.703591 -0.031935 0.000000 -0.027187 0.050301 1.023450 1.000000
-0.298136 -0.317435 -0.900195 0.000000 0.317439 0.856430 -0.407135 0.000000 0.900193 -0.407138 -0.154567 0.000000 -0.076317 -0.272365 0.802131 1.000000
-0.996634 0.039943 0.071599 0.000000 -0.039936 0.526176 -0.849437 0.000000 -0.071603 -0.849437 -0.522809 0.000000 0.787762 -0.549575 0.771631 1.000000
-0.931510 -0.200268 -0.303614 0.000000 0.200275 0.414385 -0.887792 0.000000 0.303610 -0.887793 -0.345895 0.000000 0.596737 -0.282331 0.885131 1.000000
-0.563207 -0.448993 -0.693688 0.000000 0.448999 0.538459 -0.713065 0.000000 0.693684 -0.713068 -0.101667 0.000000 0.255014 -0.148842 0.915104 1.000000
-0.992249 -0.077672 -0.097006 0.000000 0.077679 0.221641 -0.972029 0.000000 0.097000 -0.972030 -0.213889 0.000000 0.685733 -0.121536 1.020633 1.000000
-0.706228 -0.410277 -0.576987 0.000000 0.410284 0.427003 -0.805814 0.000000 0.576982 -0.805817 -0.133231 0.000000 0.241419 -0.018697 1.010313 1.000000
-0.276208 -0.379327 -0.883074 0.000000 0.379332 0.801197 -0.462805 0.000000 0.883072 -0.462808 -0.077406 0.000000 -0.003762 -0.240440 0.832416 1.000000
-0.006561 -0.656009 -0.754725 0.000000 0.547627 0.629146 -0.551617 0.000000 0.836698 -0.416926 0.355120 0.000000 -1.199829 -1.372337 1.052885 1.000000
0.322235 -0.738089 -0.592782 0.000000 0.743578 0.584882 -0.324045 0.000000 0.585881 -0.336361 0.737296 0.000000 -1.487079 -1.312064 0.426073 1.000000
-0.978235 -0.095320 -0.184310 0.000000 0.095326 0.582518 -0.807208 0.000000 0.184307 -0.807209 -0.560753 0.000000 -0.866596 -0.652444 1.671045 1.000000
-0.997578 -0.037060 -0.058862 0.000000 0.031688 0.511178 -0.858890 0.000000 0.061919 -0.858675 -0.508766 0.000000 -0.794480 -0.520864 0.999390 1.000000
-0.537521 0.043625 0.842121 0.000000 -0.043624 0.995885 -0.079435 0.000000 -0.842121 -0.079435 -0.533406 0.000000 -0.301012 -1.047391 0.689124 1.000000
-0.726765 0.427803 0.537397 0.000000 -0.427797 0.330198 -0.841403 0.000000 -0.537402 -0.841399 -0.056964 0.000000 0.008855 -0.126566 1.223837 1.000000
-0.966585 0.181445 0.181083 0.000000 -0.181438 0.014783 -0.983291 0.000000 -0.181090 -0.983290 0.018632 0.000000 -0.326686 0.036754 1.007604 1.000000
-0.952643 0.214212 0.215836 0.000000 -0.214204 0.031090 -0.976294 0.000000 -0.215844 -0.976293 0.016268 0.000000 -0.531760 0.221179 1.115310 1.000000
-0.511642 0.484021 0.709891 0.000000 -0.484016 0.520282 -0.703587 0.000000 -0.709895 -0.703584 -0.031924 0.000000 0.027186 0.050302 1.023450 1.000000
-0.298124 0.317443 0.900195 0.000000 -0.317439 0.856431 -0.407137 0.000000 -0.900198 -0.407134 -0.154553 0.000000 0.076316 -0.272364 0.802131 1.000000
-0.996634 -0.039930 -0.071591 0.000000 0.039936 0.526175 -0.849437 0.000000 0.071588 -0.849438 -0.522810 0.000000 -0.787762 -0.549574 0.771630 1.000000
-0.931505 0.200282 0.303619 0.000000 -0.200275 0.414385 -0.887792 0.000000 -0.303624 -0.887791 -0.345891 0.000000 -0.596738 -0.282332 0.885131 1.000000
-0.563196 0.449005 0.693689 0.000000 -0.448999 0.538459 -0.713065 0.000000 -0.693692 -0.713061 -0.101656 0.000000 -0.255016 -0.148842 0.915103 1.000000
-0.992247 0.077687 0.097008 0.000000 -0.077679 0.221641 -0.972029 0.000000 -0.097015 -0.972029 -0.213887 0.000000 -0.685733 -0.121537 1.020632 1.000000
-0.706220 0.410290 0.576989 0.000000 -0.410284 0.427002 -0.805813 0.000000 -0.576993 -0.805810 -0.133222 0.000000 -0.241420 -0.018696 1.010312 1.000000
-0.276195 0.379335 0.883075 0.000000 -0.379332 0.801197 -0.462806 0.000000 -0.883076 -0.462803 -0.077393 0.000000 0.003762 -0.240439 0.832416 1.000000
-1.000000 0.000007 -0.000000 0.000000 -0.000000 -0.043727 -0.999043 0.000000 -0.000007 -0.999043 0.043727 0.000000 -0.000000 0.035145 1.274967 1.000000
-1.000000 0.000009 0.000001 0.000000 -0.000003 -0.259679 -0.965695 0.000000 -0.000009 -0.965694 0.259679 0.000000 0.000002 0.197471 0.725644 1.000000
-1.000000 0.000016 0.000000 0.000000 -0.000010 -0.635188 -0.772357 0.000000 -0.000012 -0.772356 0.635188 0.000000 0.000005 0.334007 0.258564 1.000000
-0.000003 -0.999982 -0.005907 0.000000 -0.000957 0.005907 -0.999982 0.000000 0.999999 0.000003 -0.000957 0.000000 -1.182009 -0.012825 2.565461 1.000000
-0.011508 -0.999680 -0.022493 0.000000 -0.999534 0.012137 -0.028030 0.000000 0.028294 0.022160 -0.999354 0.000000 2.438133 -0.041785 1.275529 1.000000
0.000026 -1.000000 0.000001 0.000000 -0.998116 -0.000026 -0.061352 0.000000 0.061352 0.000001 -0.998116 0.000000 3.078107 -1.002509 1.371763 1.000000
0.000165 -1.000000 0.000004 0.000000 -0.995894 -0.000164 0.090533 0.000000 -0.090533 -0.000018 -0.995894 0.000000 3.764505 0.000624 0.873104 1.000000
-0.000006 -1.000000 -0.000000 0.000000 -0.998116 0.000006 -0.061353 0.000000 0.061353 -0.000000 -0.998116 0.000000 3.085188 1.009082 1.372202 1.000000
0.000268 -1.000000 -0.000000 0.000000 -1.000000 -0.000268 -0.000000 0.000000 0.000000 0.000000 -1.000000 0.000000 2.209676 1.210592 1.190331 1.000000
-0.000053 -1.000000 -0.000000 0.000000 -0.999899 0.000053 -0.014218 0.000000 0.014218 -0.000000 -0.999899 0.000000 2.194496 -1.190116 1.221656 1.000000
&