#BONE
@ParentName Armature
@NodeName Bone
@BoneIndex 0
@IsCull 1
@TopNode YES
@IsActive 1
@IsShadow 1
$WorldTM 4 4
1.000000 -0.000004 0.000016 0.000000
0.000016 -0.000000 -1.000000 0.000000
0.000004 1.000000 -0.000000 0.000000
0.000002 1.670000 -0.119291 1.000000
$LocalTM 4 4
-1.000000 -0.000004 -0.000016 0.000000
-0.000016 -0.000000 1.000000 0.000000
-0.000004 1.000000 0.000000 0.000000
-0.000002 1.670000 0.119291 1.000000
#BONE
@ParentName Bone
@NodeName spine.003
@BoneIndex 1
@IsCull 1
@TopNode NO
@IsActive 1
@IsShadow 1
$WorldTM 4 4
1.000000 0.000004 0.000021 0.000000
0.000021 -0.499809 -0.866136 0.000000
0.000007 0.866136 -0.499809 0.000000
0.000717 1.747751 -0.054144 1.000000
$LocalTM 4 4
1.000000 -0.000006 0.000008 0.000000
0.000009 0.866136 -0.499809 0.000000
-0.000004 0.499809 0.866136 0.000000
0.000716 -0.065147 0.077751 1.000000
#BONE
@ParentName spine.003
@NodeName spine.002
@BoneIndex 2
@IsCull 1
@TopNode NO
@IsActive 1
@IsShadow 1
$WorldTM 4 4
1.000000 -0.000001 0.000023 0.000000
0.000023 0.073785 -0.997274 0.000000
-0.000001 0.997274 0.073785 0.000000
0.000719 1.954791 -0.173617 1.000000
$LocalTM 4 4
1.000000 0.000001 -0.000005 0.000000
0.000002 0.826896 0.562355 0.000000
0.000005 -0.562355 0.826896 0.000000
-0.000000 0.000000 0.239038 1.000000
#BONE
@ParentName spine.002
@NodeName spine.001
@BoneIndex 3
@IsCull 1
@TopNode NO
@IsActive 1
@IsShadow 1
$WorldTM 4 4
0.999997 0.002232 0.000830 0.000000
-0.000705 0.610542 -0.791984 0.000000
-0.002275 0.791981 0.610541 0.000000
0.000718 2.234334 -0.152934 1.000000
$LocalTM 4 4
0.999997 -0.000640 0.002286 0.000000
-0.000724 0.834874 0.550440 0.000000
-0.002261 -0.550440 0.834871 0.000000
0.000000 -0.000000 0.280307 1.000000
#BONE
@ParentName spine.001
@NodeName neck2
@BoneIndex 4
@IsCull 1
@TopNode NO
@IsActive 1
@IsShadow 1
$WorldTM 4 4
1.000000 0.000070 0.000520 0.000000
0.000525 -0.137461 -0.990507 0.000000
0.000002 0.990507 -0.137461 0.000000
-0.000001 2.484572 0.039975 1.000000
$LocalTM 4 4
0.999998 -0.001075 -0.001902 0.000000
-0.000604 0.700539 -0.713613 0.000000
0.002099 0.713613 0.700537 0.000000
-0.000000 0.000000 0.315965 1.000000
#BONE
@ParentName neck2
@NodeName neck1
@BoneIndex 5
@IsCull 1
@TopNode NO
@IsActive 1
@IsShadow 1
$WorldTM 4 4
0.999991 -0.002978 -0.003040 0.000000
0.000080 0.727255 -0.686367 0.000000
0.004255 0.686360 0.727249 0.000000
-0.000000 2.693820 0.010936 1.000000
$LocalTM 4 4
0.999989 0.003945 -0.002530 0.000000
-0.000227 0.579882 0.814701 0.000000
0.004682 -0.814691 0.579876 0.000000
0.000000 -0.000000 0.211253 1.000000
#BONE
@ParentName neck1
@NodeName head
@BoneIndex 6
@IsCull 1
@TopNode NO
@IsActive 1
@IsShadow 1
$WorldTM 4 4
1.000000 -0.000015 0.000028 0.000000
0.000029 0.119705 -0.992809 0.000000
0.000012 0.992809 0.119705 0.000000
0.000712 2.808736 0.132698 1.000000
$LocalTM 4 4
0.999991 0.000049 0.004264 0.000000
0.002691 0.768488 -0.639859 0.000000
-0.003309 0.639865 0.768480 0.000000
-0.000000 -0.000000 0.167429 1.000000
#BONE
@ParentName head
@NodeName head_end
@BoneIndex 7
@IsCull 1
@TopNode NO
@IsActive 1
@IsShadow 1
$WorldTM 4 4
1.000000 -0.000015 0.000028 0.000000
0.000029 0.119705 -0.992809 0.000000
0.000012 0.992809 0.119705 0.000000
0.000714 2.916883 0.145738 1.000000
$LocalTM 4 4
1.000000 -0.000000 0.000000 0.000000
0.000000 1.000000 0.000000 0.000000
0.000000 0.000000 1.000000 0.000000
0.000000 0.000000 0.108930 1.000000
#BONE
@ParentName spine.001
@NodeName shoulder.L
@BoneIndex 8
@IsCull 1
@TopNode NO
@IsActive 1
@IsShadow 1
$WorldTM 4 4
0.006536 -0.547626 0.836697 0.000000
-0.656025 0.629143 0.416905 0.000000
-0.754710 -0.551619 -0.355145 0.000000
-0.113498 2.501247 -0.054673 1.000000
$LocalTM 4 4
0.006008 -0.997004 0.077114 0.000000
-0.654273 0.054399 0.754299 0.000000
-0.756235 -0.054985 -0.651986 0.000000
-0.113538 0.085220 0.271642 1.000000
#BONE
@ParentName shoulder.L
@NodeName arm.L
@BoneIndex 9
@IsCull 1
@TopNode NO
@IsActive 1
@IsShadow 1
$WorldTM 4 4
-0.778774 0.050287 0.625286 0.000000
-0.294396 0.850897 -0.435092 0.000000
-0.553933 -0.522920 -0.647852 0.000000
-0.236659 2.411228 -0.112629 1.000000
$LocalTM 4 4
0.490547 0.803218 0.337942 0.000000
-0.831938 0.547075 -0.092666 0.000000
-0.259311 -0.235690 0.936594 0.000000
0.000000 0.000000 0.163189 1.000000
#BONE
@ParentName arm.L
@NodeName forearm.L
@BoneIndex 10
@IsCull 1
@TopNode NO
@IsActive 1
@IsShadow 1
$WorldTM 4 4
0.893008 -0.447716 -0.045691 0.000000
0.148411 0.197121 0.969080 0.000000
-0.424866 -0.872177 0.242477 0.000000
-0.556580 2.109218 -0.486792 1.000000
$LocalTM 4 4
-0.746535 -0.623979 -0.230946 0.000000
0.500287 -0.297601 -0.813109 0.000000
0.438633 -0.722554 0.534338 0.000000
-0.000000 -0.000000 0.577545 1.000000
#BONE
@ParentName forearm.L
@NodeName hand.L
@BoneIndex 11
@IsCull 1
@TopNode NO
@IsActive 1
@IsShadow 1
$WorldTM 4 4
0.610573 -0.258209 0.748684 0.000000
-0.456057 0.658239 0.598943 0.000000
-0.647466 -0.707141 0.284145 0.000000
-0.895322 1.413838 -0.293468 1.000000
$LocalTM 4 4
0.626643 0.765253 0.147331 0.000000
-0.729333 0.642493 -0.235108 0.000000
-0.274576 0.039876 0.960738 0.000000
0.000000 0.000000 0.797291 1.000000
#BONE
@ParentName hand.L
@NodeName s1.L
@BoneIndex 12
@IsCull 1
@TopNode NO
@IsActive 1
@IsShadow 1
$WorldTM 4 4
0.754816 -0.458585 0.468991 0.000000
-0.273964 0.429234 0.860640 0.000000
-0.595983 -0.778112 0.198357 0.000000
-1.035235 1.258268 -0.217719 1.000000
$LocalTM 4 4
0.930407 -0.365199 -0.031172 0.000000
0.366242 0.922956 0.118400 0.000000
-0.014469 -0.121576 0.992477 0.000000
0.011455 0.006775 0.222122 1.000000
#BONE
@ParentName s1.L
@NodeName s2.L
@BoneIndex 13
@IsCull 1
@TopNode NO
@IsActive 1
@IsShadow 1
$WorldTM 4 4
0.897731 -0.166101 0.408030 0.000000
-0.293643 0.464834 0.835285 0.000000
-0.328408 -0.869677 0.368522 0.000000
-1.180058 1.069189 -0.169519 1.000000
$LocalTM 4 4
0.945156 0.033926 -0.324852 0.000000
-0.043071 0.998851 -0.021002 0.000000
0.323767 0.033842 0.945531 0.000000
-0.000000 -0.000000 0.242998 1.000000
#BONE
@ParentName s2.L
@NodeName s3.L
@BoneIndex 14
@IsCull 1
@TopNode NO
@IsActive 1
@IsShadow 1
$WorldTM 4 4
0.921432 0.381307 0.074611 0.000000
-0.262018 0.468025 0.843977 0.000000
0.286895 -0.797218 0.531163 0.000000
-1.241370 0.906823 -0.100717 1.000000
$LocalTM 4 4
0.794307 -0.031006 -0.606724 0.000000
0.031408 0.999457 -0.009958 0.000000
0.606704 -0.011146 0.794850 0.000000
-0.000000 -0.000000 0.186697 1.000000
#BONE
@ParentName s3.L
@NodeName s3.L_end
@BoneIndex 15
@IsCull 1
@TopNode NO
@IsActive 1
@IsShadow 1
$WorldTM 4 4
0.921432 0.381307 0.074611 0.000000
-0.262018 0.468025 0.843977 0.000000
0.286895 -0.797218 0.531163 0.000000
-1.143207 0.634048 0.081025 1.000000
$LocalTM 4 4
1.000000 0.000000 0.000000 0.000000
-0.000000 1.000000 -0.000000 0.000000
0.000000 -0.000000 1.000000 0.000000
-0.000000 0.000000 0.342159 1.000000
#BONE
@ParentName hand.L
@NodeName F1.L
@BoneIndex 16
@IsCull 1
@TopNode NO
@IsActive 1
@IsShadow 1
$WorldTM 4 4
0.928155 -0.228756 -0.293594 0.000000
0.192716 0.970224 -0.146716 0.000000
0.318414 0.079595 0.944604 0.000000
-0.942741 1.342875 -0.189456 1.000000
$LocalTM 4 4
0.405964 -0.749715 -0.522609 0.000000
-0.242698 0.462876 -0.852551 0.000000
0.881074 0.472941 0.005957 0.000000
0.067243 0.037212 0.110438 1.000000
#BONE
@ParentName F1.L
@NodeName f2.L
@BoneIndex 17
@IsCull 1
@TopNode NO
@IsActive 1
@IsShadow 1
$WorldTM 4 4
0.922016 -0.104058 -0.372906 0.000000
0.261646 0.877423 0.402082 0.000000
0.285357 -0.468295 0.836224 0.000000
-0.907198 1.351760 -0.084012 1.000000
$LocalTM 4 4
0.989061 0.131439 -0.066948 0.000000
-0.075917 0.842729 0.532959 0.000000
0.126471 -0.522046 0.843489 0.000000
-0.000000 -0.000000 0.111627 1.000000
#BONE
@ParentName f2.L
@NodeName f3.L
@BoneIndex 18
@IsCull 1
@TopNode NO
@IsActive 1
@IsShadow 1
$WorldTM 4 4
0.666230 -0.477652 -0.572700 0.000000
0.734040 0.555553 0.390569 0.000000
0.131609 -0.680594 0.720742 0.000000
-0.857965 1.270963 0.060263 1.000000
$LocalTM 4 4
0.877542 -0.475059 -0.065110 0.000000
0.473341 0.836555 0.275904 0.000000
-0.076602 -0.272936 0.958977 0.000000
0.000000 -0.000000 0.172533 1.000000
#BONE
@ParentName f3.L
@NodeName f3.L_end
@BoneIndex 19
@IsCull 1
@TopNode NO
@IsActive 1
@IsShadow 1
$WorldTM 4 4
0.666230 -0.477652 -0.572700 0.000000
0.734040 0.555553 0.390569 0.000000
0.131609 -0.680594 0.720742 0.000000
-0.839718 1.176605 0.160188 1.000000
$LocalTM 4 4
1.000000 0.000000 -0.000000 0.000000
0.000000 1.000000 0.000000 0.000000
-0.000000 0.000000 1.000000 0.000000
0.000000 0.000000 0.138642 1.000000
#BONE
@ParentName hand.L
@NodeName t1.L
@BoneIndex 20
@IsCull 1
@TopNode NO
@IsActive 1
@IsShadow 1
$WorldTM 4 4
0.846466 -0.200924 0.493074 0.000000
-0.439480 0.259142 0.860059 0.000000
-0.300583 -0.944708 0.131053 0.000000
-1.032785 1.217667 -0.273213 1.000000
$LocalTM 4 4
0.937867 -0.222970 -0.265872 0.000000
0.308666 0.886132 0.345680 0.000000
0.158522 -0.406268 0.899898 0.000000
-0.018113 -0.054305 0.233479 1.000000
#BONE
@ParentName t1.L
@NodeName t2.L
@BoneIndex 21
@IsCull 1
@TopNode NO
@IsActive 1
@IsShadow 1
$WorldTM 4 4
0.899592 0.230192 0.371139 0.000000
-0.429756 0.315323 0.846097 0.000000
0.077736 -0.920642 0.382588 0.000000
-1.097551 1.014115 -0.244975 1.000000
$LocalTM 4 4
0.898224 -0.016499 -0.439228 0.000000
-0.009941 0.998277 -0.057827 0.000000
0.439426 0.056308 0.896513 0.000000
0.000000 -0.000000 0.215466 1.000000
#BONE
@ParentName t2.L
@NodeName t3.L
@BoneIndex 22
@IsCull 1
@TopNode NO
@IsActive 1
@IsShadow 1
$WorldTM 4 4
0.677171 0.709373 0.195523 0.000000
-0.563424 0.328964 0.757849 0.000000
0.473277 -0.623356 0.622443 0.000000
-1.083691 0.849969 -0.176762 1.000000
$LocalTM 4 4
0.845037 0.098095 -0.525633 0.000000
-0.149860 0.987079 -0.056713 0.000000
0.513278 0.126696 0.848819 0.000000
-0.000000 -0.000000 0.178295 1.000000
#BONE
@ParentName t3.L
@NodeName t3.L_end
@BoneIndex 23
@IsCull 1
@TopNode NO
@IsActive 1
@IsShadow 1
$WorldTM 4 4
0.677171 0.709373 0.195523 0.000000
-0.563424 0.328964 0.757849 0.000000
0.473277 -0.623356 0.622443 0.000000
-0.914846 0.627583 0.045298 1.000000
$LocalTM 4 4
1.000000 0.000000 -0.000000 0.000000
-0.000000 1.000000 -0.000000 0.000000
0.000000 0.000000 1.000000 0.000000
0.000000 0.000000 0.356756 1.000000
#BONE
@ParentName hand.L
@NodeName l1.L
@BoneIndex 24
@IsCull 1
@TopNode NO
@IsActive 1
@IsShadow 1
$WorldTM 4 4
0.940757 0.015283 0.338737 0.000000
-0.336998 -0.068435 0.939014 0.000000
0.037533 -0.997538 -0.059230 0.000000
-1.017586 1.212862 -0.320188 1.000000
$LocalTM 4 4
0.824062 -0.216095 -0.523665 0.000000
0.514935 0.671060 0.533405 0.000000
0.236145 -0.709212 0.664270 0.000000
-0.042763 -0.092535 0.213688 1.000000
#BONE
@ParentName l1.L
@NodeName l2.L
@BoneIndex 25
@IsCull 1
@TopNode NO
@IsActive 1
@IsShadow 1
$WorldTM 4 4
0.465100 0.482253 0.742370 0.000000
-0.829157 -0.056472 0.556156 0.000000
0.310131 -0.874209 0.373598 0.000000
-1.009079 0.986748 -0.333614 1.000000
$LocalTM 4 4
0.696385 0.507356 -0.507580 0.000000
-0.592507 0.805529 -0.007729 0.000000
0.404949 0.306127 0.861570 0.000000
0.000000 0.000000 0.226672 1.000000
#BONE
@ParentName l2.L
@NodeName l3.L
@BoneIndex 26
@IsCull 1
@TopNode NO
@IsActive 1
@IsShadow 1
$WorldTM 4 4
0.411405 0.826752 0.383700 0.000000
-0.767336 0.086984 0.635318 0.000000
0.491875 -0.555800 0.670183 0.000000
-0.954802 0.833751 -0.268230 1.000000
$LocalTM 4 4
0.874896 -0.174410 -0.451816 0.000000
0.156702 0.984666 -0.076664 0.000000
0.458259 -0.003728 0.888811 0.000000
0.000000 -0.000000 0.175012 1.000000
#BONE
@ParentName l3.L
@NodeName l3.L_end
@BoneIndex 27
@IsCull 1
@TopNode NO
@IsActive 1
@IsShadow 1
$WorldTM 4 4
0.411405 0.826752 0.383700 0.000000
-0.767336 0.086984 0.635318 0.000000
0.491875 -0.555800 0.670183 0.000000
-0.809607 0.669686 -0.070400 1.000000
$LocalTM 4 4
1.000000 -0.000000 -0.000000 0.000000
0.000000 1.000000 -0.000000 0.000000
0.000000 -0.000000 1.000000 0.000000
-0.000000 0.000000 0.295188 1.000000
#BONE
@ParentName spine.001
@NodeName shoulder.R
@BoneIndex 28
@IsCull 1
@TopNode NO
@IsActive 1
@IsShadow 1
$WorldTM 4 4
0.006558 0.547658 -0.836677 0.000000
0.656029 0.629117 0.416939 0.000000
0.754707 -0.551619 -0.355154 0.000000
0.113499 2.501247 -0.054668 1.000000
$LocalTM 4 4
0.007086 0.996998 -0.077106 0.000000
0.657778 0.053430 0.751314 0.000000
0.753179 -0.056042 -0.655424 0.000000
0.113458 0.085056 0.271129 1.000000
#BONE
@ParentName shoulder.R
@NodeName arm.R
@BoneIndex 29
@IsCull 1
@TopNode NO
@IsActive 1
@IsShadow 1
$WorldTM 4 4
-0.778765 -0.050286 -0.625297 0.000000
0.294404 0.850897 -0.435088 0.000000
0.553942 -0.522921 -0.647844 0.000000
0.236660 2.411228 -0.112626 1.000000
$LocalTM 4 4
0.490525 -0.803239 -0.337924 0.000000
0.831959 0.547046 -0.092659 0.000000
0.259287 -0.235687 0.936601 0.000000
0.000000 -0.000000 0.163190 1.000000
#BONE
@ParentName arm.R
@NodeName forearm.R
@BoneIndex 30
@IsCull 1
@TopNode NO
@IsActive 1
@IsShadow 1
$WorldTM 4 4
0.893007 0.447715 0.045703 0.000000
-0.148425 0.197121 0.969079 0.000000
0.424862 -0.872178 0.242483 0.000000
0.556586 2.109217 -0.486785 1.000000
$LocalTM 4 4
-0.746535 0.623979 0.230946 0.000000
-0.500287 -0.297602 -0.813109 0.000000
-0.438633 -0.722554 0.534339 0.000000
-0.000000 -0.000000 0.577545 1.000000
#BONE
@ParentName forearm.R
@NodeName hand.R
@BoneIndex 31
@IsCull 1
@TopNode NO
@IsActive 1
@IsShadow 1
$WorldTM 4 4
0.610575 0.258165 -0.748699 0.000000
0.456017 0.658317 0.598889 0.000000
0.647493 -0.707086 0.284224 0.000000
0.895325 1.413837 -0.293455 1.000000
$LocalTM 4 4
0.626614 -0.765282 -0.147302 0.000000
0.729336 0.642454 -0.235205 0.000000
0.274633 0.039951 0.960719 0.000000
0.000000 0.000000 0.797291 1.000000
#BONE
@ParentName hand.R
@NodeName s1.R
@BoneIndex 32
@IsCull 1
@TopNode NO
@IsActive 1
@IsShadow 1
$WorldTM 4 4
0.770813 0.436274 -0.464234 0.000000
0.274784 0.429753 0.860120 0.000000
0.574753 -0.790556 0.211378 0.000000
1.035232 1.258264 -0.217703 1.000000
$LocalTM 4 4
0.930841 0.360685 0.058666 0.000000
-0.365247 0.923336 0.118516 0.000000
-0.011422 -0.131747 0.991218 0.000000
-0.011455 0.006751 0.222123 1.000000
#BONE
@ParentName s1.R
@NodeName s2.R
@BoneIndex 33
@IsCull 1
@TopNode NO
@IsActive 1
@IsShadow 1
$WorldTM 4 4
0.911468 0.123612 -0.392360 0.000000
0.296172 0.464752 0.834439 0.000000
0.285496 -0.876770 0.386997 0.000000
1.174896 1.066161 -0.166339 1.000000
$LocalTM 4 4
0.938646 -0.033897 0.343212 0.000000
0.043677 0.998829 -0.020805 0.000000
-0.342104 0.034519 0.939028 0.000000
-0.000000 -0.000000 0.242998 1.000000
#BONE
@ParentName s2.R
@NodeName s3.R
@BoneIndex 34
@IsCull 1
@TopNode NO
@IsActive 1
@IsShadow 1
$WorldTM 4 4
0.901710 -0.430099 -0.043996 0.000000
0.264906 0.469209 0.842418 0.000000
-0.341679 -0.771271 0.537027 0.000000
1.228197 0.902471 -0.094088 1.000000
$LocalTM 4 4
0.785977 0.030460 0.617506 0.000000
-0.031077 0.999470 -0.009746 0.000000
-0.617475 -0.011530 0.786506 0.000000
-0.000000 -0.000000 0.186697 1.000000
#BONE
@ParentName s3.R
@NodeName s3.R_end
@BoneIndex 35
@IsCull 1
@TopNode NO
@IsActive 1
@IsShadow 1
$WorldTM 4 4
0.901710 -0.430099 -0.043996 0.000000
0.264906 0.469209 0.842418 0.000000
-0.341679 -0.771271 0.537027 0.000000
1.111289 0.638573 0.089661 1.000000
$LocalTM 4 4
1.000000 0.000000 0.000000 0.000000
-0.000000 1.000000 0.000000 0.000000
0.000000 0.000000 1.000000 0.000000
0.000000 0.000000 0.342159 1.000000
#BONE
@ParentName hand.R
@NodeName F1.R
@BoneIndex 36
@IsCull 1
@TopNode NO
@IsActive 1
@IsShadow 1
$WorldTM 4 4
0.918706 0.225354 0.324337 0.000000
-0.186685 0.971481 -0.146199 0.000000
-0.348034 0.073765 0.934576 0.000000
0.942742 1.342875 -0.189442 1.000000
$LocalTM 4 4
0.376287 0.761542 0.527696 0.000000
0.246276 0.466853 -0.849350 0.000000
-0.893172 0.449558 -0.011878 0.000000
-0.067243 0.037200 0.110442 1.000000
#BONE
@ParentName F1.R
@NodeName f2.R
@BoneIndex 37
@IsCull 1
@TopNode NO
@IsActive 1
@IsShadow 1
$WorldTM 4 4
0.901118 0.079807 0.426165 0.000000
-0.267186 0.876316 0.400852 0.000000
-0.341464 -0.475081 0.810988 0.000000
0.903892 1.351109 -0.085118 1.000000
$LocalTM 4 4
0.984069 -0.152999 0.090550 0.000000
0.082027 0.842599 0.532258 0.000000
-0.157733 -0.516351 0.841726 0.000000
0.000000 -0.000000 0.111627 1.000000
#BONE
@ParentName f2.R
@NodeName f3.R
@BoneIndex 38
@IsCull 1
@TopNode NO
@IsActive 1
@IsShadow 1
$WorldTM 4 4
0.637699 0.436098 0.634947 0.000000
-0.743017 0.565638 0.357742 0.000000
-0.203140 -0.699908 0.684736 0.000000
0.844979 1.269142 0.054804 1.000000
$LocalTM 4 4
0.880038 0.466296 0.090001 0.000000
-0.471947 0.837603 0.275114 0.000000
0.052899 -0.284586 0.957190 0.000000
0.000000 -0.000000 0.172533 1.000000
#BONE
@ParentName f3.R
@NodeName f3.R_end
@BoneIndex 39
@IsCull 1
@TopNode NO
@IsActive 1
@IsShadow 1
$WorldTM 4 4
0.637699 0.436098 0.634947 0.000000
-0.743017 0.565638 0.357742 0.000000
-0.203140 -0.699908 0.684736 0.000000
0.816815 1.172105 0.149737 1.000000
$LocalTM 4 4
1.000000 -0.000000 -0.000000 0.000000
0.000000 1.000000 -0.000000 0.000000
0.000000 0.000000 1.000000 0.000000
0.000000 0.000000 0.138642 1.000000
#BONE
@ParentName hand.R
@NodeName t1.R
@BoneIndex 40
@IsCull 1
@TopNode NO
@IsActive 1
@IsShadow 1
$WorldTM 4 4
0.854527 0.174508 -0.489213 0.000000
0.439214 0.259996 0.859937 0.000000
0.277259 -0.949710 0.145528 0.000000
1.032781 1.217662 -0.273195 1.000000
$LocalTM 4 4
0.933078 0.211576 0.290862 0.000000
-0.308538 0.886456 0.344964 0.000000
-0.184851 -0.411620 0.892412 0.000000
0.018113 -0.054330 0.233473 1.000000
#BONE
@ParentName t1.R
@NodeName t2.R
@BoneIndex 41
@IsCull 1
@TopNode NO
@IsActive 1
@IsShadow 1
$WorldTM 4 4
0.894429 -0.273857 -0.353551 0.000000
0.430965 0.316691 0.844970 0.000000
-0.119434 -0.908135 0.401281 0.000000
1.092521 1.013031 -0.241839 1.000000
$LocalTM 4 4
0.889487 0.017613 0.456622 0.000000
0.010167 0.998247 -0.058309 0.000000
-0.456848 0.056508 0.887748 0.000000
-0.000000 0.000000 0.215466 1.000000
#BONE
@ParentName t2.R
@NodeName t3.R
@BoneIndex 42
@IsCull 1
@TopNode NO
@IsActive 1
@IsShadow 1
$WorldTM 4 4
0.643825 -0.747806 -0.162098 0.000000
0.566358 0.323275 0.758110 0.000000
-0.514517 -0.579896 0.631659 0.000000
1.071227 0.851116 -0.170293 1.000000
$LocalTM 4 4
0.837958 -0.096326 0.537167 0.000000
0.150006 0.987041 -0.057005 0.000000
-0.524715 0.128346 0.841547 0.000000
-0.000000 0.000000 0.178295 1.000000
#BONE
@ParentName t3.R
@NodeName t3.R_end
@BoneIndex 43
@IsCull 1
@TopNode NO
@IsActive 1
@IsShadow 1
$WorldTM 4 4
0.643825 -0.747806 -0.162098 0.000000
0.566358 0.323275 0.758110 0.000000
-0.514517 -0.579896 0.631659 0.000000
0.887670 0.644235 0.055055 1.000000
$LocalTM 4 4
1.000000 -0.000000 0.000000 0.000000
-0.000000 1.000000 -0.000000 0.000000
0.000000 -0.000000 1.000000 0.000000
0.000000 0.000000 0.356756 1.000000
#BONE
@ParentName hand.R
@NodeName l1.R
@BoneIndex 44
@IsCull 1
@TopNode NO
@IsActive 1
@IsShadow 1
$WorldTM 4 4
0.940030 -0.048940 -0.337563 0.000000
0.334169 -0.066232 0.940183 0.000000
-0.068370 -0.996603 -0.045906 0.000000
1.017582 1.212856 -0.320171 1.000000
$LocalTM 4 4
0.814057 0.194289 0.547324 0.000000
-0.516977 0.671850 0.530427 0.000000
-0.264663 -0.714751 0.647367 0.000000
0.042762 -0.092558 0.213678 1.000000
#BONE
@ParentName l1.R
@NodeName l2.R
@BoneIndex 45
@IsCull 1
@TopNode NO
@IsActive 1
@IsShadow 1
$WorldTM 4 4
0.443370 -0.526532 -0.725387 0.000000
0.826532 -0.072949 0.558143 0.000000
-0.346796 -0.847020 0.402853 0.000000
1.002084 0.986954 -0.330576 1.000000
$LocalTM 4 4
0.687413 -0.498963 0.527731 0.000000
0.592127 0.805790 -0.009431 0.000000
-0.420534 0.318967 0.849360 0.000000
-0.000000 0.000000 0.226672 1.000000
#BONE
@ParentName l2.R
@NodeName l3.R
@BoneIndex 46
@IsCull 1
@TopNode NO
@IsActive 1
@IsShadow 1
$WorldTM 4 4
0.367528 -0.864334 -0.343294 0.000000
0.771000 0.076748 0.632193 0.000000
-0.520079 -0.497028 0.694609 0.000000
0.941391 0.838715 -0.260072 1.000000
$LocalTM 4 4
0.867072 0.175219 0.466353 0.000000
-0.157157 0.984511 -0.077707 0.000000
-0.472746 -0.005913 0.881179 0.000000
0.000000 0.000000 0.175012 1.000000
#BONE
@ParentName l3.R
@NodeName l3.R_end
@BoneIndex 47
@IsCull 1
@TopNode NO
@IsActive 1
@IsShadow 1
$WorldTM 4 4
0.367528 -0.864334 -0.343294 0.000000
0.771000 0.076748 0.632193 0.000000
-0.520079 -0.497028 0.694609 0.000000
0.787870 0.691999 -0.055032 1.000000
$LocalTM 4 4
1.000000 0.000000 0.000000 0.000000
-0.000000 1.000000 -0.000000 0.000000
0.000000 -0.000000 1.000000 0.000000
-0.000000 0.000000 0.295188 1.000000
#BONE
@ParentName spine.003
@NodeName inner
@BoneIndex 48
@IsCull 1
@TopNode NO
@IsActive 1
@IsShadow 1
$WorldTM 4 4
1.000000 -0.000000 0.000008 0.000000
0.000000 1.000000 0.000000 0.000000
-0.000008 -0.000000 1.000000 0.000000
-0.000000 2.096082 -0.017418 1.000000
$LocalTM 4 4
1.000000 0.000013 0.000003 0.000000
0.000004 -0.499809 0.866135 0.000000
0.000013 -0.866135 -0.499809 0.000000
-0.000715 -0.205908 0.283346 1.000000
#BONE
@ParentName inner
@NodeName inner_end
@BoneIndex 49
@IsCull 1
@TopNode NO
@IsActive 1
@IsShadow 1
$WorldTM 4 4
1.000000 -0.000000 0.000008 0.000000
0.000000 1.000000 0.000000 0.000000
-0.000008 -0.000000 1.000000 0.000000
-0.000001 2.096082 0.072582 1.000000
$LocalTM 4 4
1.000000 0.000000 0.000000 0.000000
0.000000 1.000000 0.000000 0.000000
0.000000 -0.000000 1.000000 0.000000
0.000000 0.000000 0.090000 1.000000
#BONE
@ParentName Bone
@NodeName spine.004
@BoneIndex 50
@IsCull 1
@TopNode NO
@IsActive 1
@IsShadow 1
$WorldTM 4 4
1.000000 -0.000000 0.000022 0.000000
-0.000022 -0.043726 0.999044 0.000000
0.000001 -0.999043 -0.043726 0.000000
-0.000000 1.675285 0.023800 1.000000
$LocalTM 4 4
1.000000 -0.000006 0.000003 0.000000
-0.000006 -0.999044 -0.043727 0.000000
0.000004 0.043726 -0.999043 0.000000
0.000000 -0.143091 0.005285 1.000000
#BONE
@ParentName spine.004
@NodeName spine.005
@BoneIndex 51
@IsCull 1
@TopNode NO
@IsActive 1
@IsShadow 1
$WorldTM 4 4
1.000000 -0.000003 0.000024 0.000000
-0.000024 -0.259678 0.965696 0.000000
0.000004 -0.965695 -0.259679 0.000000
0.000000 1.152030 0.000898 1.000000
$LocalTM 4 4
1.000000 0.000003 0.000002 0.000000
-0.000003 0.976126 0.217204 0.000000
-0.000002 -0.217204 0.976126 0.000000
-0.000000 0.000000 0.523756 1.000000
#BONE
@ParentName spine.005
@NodeName spine.006
@BoneIndex 52
@IsCull 1
@TopNode NO
@IsActive 1
@IsShadow 1
$WorldTM 4 4
1.000000 -0.000010 0.000027 0.000000
-0.000027 -0.635188 0.772358 0.000000
0.000010 -0.772357 -0.635189 0.000000
0.000001 0.811861 -0.090575 1.000000
$LocalTM 4 4
1.000000 0.000004 0.000006 0.000000
-0.000007 0.910806 0.412834 0.000000
-0.000004 -0.412834 0.910806 0.000000
-0.000000 0.000000 0.352253 1.000000
#BONE
@ParentName spine.006
@NodeName spine.006_end
@BoneIndex 53
@IsCull 1
@TopNode NO
@IsActive 1
@IsShadow 1
$WorldTM 4 4
1.000000 -0.000010 0.000027 0.000000
-0.000027 -0.635188 0.772358 0.000000
0.000010 -0.772357 -0.635189 0.000000
0.000006 0.400000 -0.429291 1.000000
$LocalTM 4 4
1.000000 -0.000000 -0.000000 0.000000
-0.000000 1.000000 -0.000000 0.000000
0.000000 0.000000 1.000000 0.000000
0.000000 0.000000 0.533253 1.000000
#BONE
@ParentName Bone
@NodeName bone
@BoneIndex 54
@IsCull 1
@TopNode NO
@IsActive 1
@IsShadow 1
$WorldTM 4 4
0.000017 -0.000957 -0.999999 0.000000
0.999982 0.005920 0.000012 0.000000
0.005920 -0.999982 0.000957 0.000000
-0.002308 2.964359 -1.181303 1.000000
$LocalTM 4 4
0.000002 0.999999 -0.000957 0.000000
0.999982 0.000004 0.005924 0.000000
0.005924 -0.000957 -0.999982 0.000000
-0.002332 1.062012 1.294359 1.000000
#BONE
@ParentName bone
@NodeName sapin
@BoneIndex 55
@IsCull 1
@TopNode NO
@IsActive 1
@IsShadow 1
$WorldTM 4 4
0.011521 -0.999533 -0.028294 0.000000
0.999681 0.012150 -0.022150 0.000000
0.022484 -0.028030 0.999354 0.000000
-0.014958 2.873255 -1.203485 1.000000
$LocalTM 4 4
0.029250 0.005603 0.999556 0.000000
0.022156 0.999735 -0.006253 0.000000
-0.999327 0.022329 0.029118 0.000000
0.022269 -0.013189 0.091007 1.000000
#BONE
@ParentName sapin
@NodeName ball1
@BoneIndex 56
@IsCull 1
@TopNode NO
@IsActive 1
@IsShadow 1
$WorldTM 4 4
0.000066 -0.999899 -0.014218 0.000000
1.000000 0.000066 0.000017 0.000000
-0.000016 -0.014218 0.999899 0.000000
1.190023 2.611722 -1.187151 1.000000
$LocalTM 4 4
0.999835 -0.011768 0.013819 0.000000
0.011455 0.999681 0.022499 0.000000
-0.014079 -0.022337 0.999651 0.000000
0.274831 1.201056 0.050747 1.000000
#BONE
@ParentName ball1
@NodeName ball1_end
@BoneIndex 57
@IsCull 1
@TopNode NO
@IsActive 1
@IsShadow 1
$WorldTM 4 4
0.000066 -0.999899 -0.014218 0.000000
1.000000 0.000066 0.000017 0.000000
-0.000016 -0.014218 0.999899 0.000000
1.190021 2.610016 -1.067152 1.000000
$LocalTM 4 4
1.000000 0.000000 0.000000 0.000000
0.000000 1.000000 0.000000 0.000000
-0.000000 -0.000000 1.000000 0.000000
-0.000000 0.000000 0.120012 1.000000
#BONE
@ParentName sapin
@NodeName ball2
@BoneIndex 58
@IsCull 1
@TopNode NO
@IsActive 1
@IsShadow 1
$WorldTM 4 4
-0.000012 -0.998116 -0.061352 0.000000
1.000000 -0.000013 0.000012 0.000000
-0.000013 -0.061352 0.998116 0.000000
1.002600 3.556455 -1.177154 1.000000
$LocalTM 4 4
0.999386 -0.010780 -0.033336 0.000000
0.011534 0.999680 0.022496 0.000000
0.033083 -0.022867 0.999191 0.000000
-0.671903 1.024951 0.030043 1.000000
#BONE
@ParentName ball2
@NodeName ball2_end
@BoneIndex 59
@IsCull 1
@TopNode NO
@IsActive 1
@IsShadow 1
$WorldTM 4 4
-0.000012 -0.998116 -0.061352 0.000000
1.000000 -0.000013 0.000012 0.000000
-0.000013 -0.061352 0.998116 0.000000
1.002599 3.549078 -1.057155 1.000000
$LocalTM 4 4
1.000000 0.000000 -0.000000 0.000000
-0.000000 1.000000 0.000000 0.000000
0.000000 -0.000000 1.000000 0.000000
0.000000 0.000000 0.120226 1.000000
#BONE
@ParentName sapin
@NodeName ball3
@BoneIndex 60
@IsCull 1
@TopNode NO
@IsActive 1
@IsShadow 1
$WorldTM 4 4
-0.000153 -0.995893 0.090534 0.000000
1.000000 -0.000151 0.000030 0.000000
-0.000016 0.090534 0.995893 0.000000
0.000004 4.070000 -1.207170 1.000000
$LocalTM 4 4
0.992865 -0.014258 0.118386 0.000000
0.011671 0.999678 0.022518 0.000000
-0.118669 -0.020975 0.992712 0.000000
-1.195910 0.029578 -0.036889 1.000000
#BONE
@ParentName ball3
@NodeName ball3_end
@BoneIndex 61
@IsCull 1
@TopNode NO
@IsActive 1
@IsShadow 1
$WorldTM 4 4
-0.000153 -0.995893 0.090534 0.000000
1.000000 -0.000151 0.000030 0.000000
-0.000016 0.090534 0.995893 0.000000
0.000002 4.080000 -1.097170 1.000000
$LocalTM 4 4
1.000000 -0.000000 -0.000000 0.000000
0.000000 1.000000 -0.000000 0.000000
0.000000 0.000000 1.000000 0.000000
0.000000 0.000000 0.110453 1.000000
#BONE
@ParentName sapin
@NodeName ball4
@BoneIndex 62
@IsCull 1
@TopNode NO
@IsActive 1
@IsShadow 1
$WorldTM 4 4
0.000021 -0.998116 -0.061352 0.000000
1.000000 0.000020 0.000014 0.000000
-0.000013 -0.061352 0.998116 0.000000
-1.009091 3.563545 -1.177184 1.000000
$LocalTM 4 4
0.999386 -0.010747 -0.033335 0.000000
0.011501 0.999681 0.022497 0.000000
0.033083 -0.022867 0.999191 0.000000
-0.702166 -0.986012 -0.015416 1.000000
#BONE
@ParentName ball4
@NodeName ball4_end
@BoneIndex 63
@IsCull 1
@TopNode NO
@IsActive 1
@IsShadow 1
$WorldTM 4 4
0.000021 -0.998116 -0.061352 0.000000
1.000000 0.000020 0.000014 0.000000
-0.000013 -0.061352 0.998116 0.000000
-1.009092 3.556169 -1.057184 1.000000
$LocalTM 4 4
1.000000 0.000000 0.000000 0.000000
-0.000000 1.000000 0.000000 0.000000
0.000000 -0.000000 1.000000 0.000000
0.000000 -0.000000 0.120226 1.000000
#BONE
@ParentName sapin
@NodeName ball5
@BoneIndex 64
@IsCull 1
@TopNode NO
@IsActive 1
@IsShadow 1
$WorldTM 4 4
-0.000255 -1.000000 0.000000 0.000000
1.000000 -0.000255 0.000015 0.000000
-0.000015 0.000000 1.000000 0.000000
-1.209978 2.609984 -1.187187 1.000000
$LocalTM 4 4
0.999530 -0.012405 0.028024 0.000000
0.011775 0.999677 0.022506 0.000000
-0.028294 -0.022165 0.999354 0.000000
0.248918 -1.198198 -0.003201 1.000000
#BONE
@ParentName ball5
@NodeName ball5_end
@BoneIndex 65
@IsCull 1
@TopNode NO
@IsActive 1
@IsShadow 1
$WorldTM 4 4
-0.000255 -1.000000 0.000000 0.000000
1.000000 -0.000255 0.000015 0.000000
-0.000015 0.000000 1.000000 0.000000
-1.209979 2.609984 -1.077187 1.000000
$LocalTM 4 4
1.000000 -0.000000 0.000000 0.000000
0.000000 1.000000 0.000000 0.000000
0.000000 0.000000 1.000000 0.000000
0.000000 0.000000 0.110000 1.000000
#SKIN
@ParentName RootNode
@NodeName weapon
@MeshName BossB+_0
@IsActive 1
@MaterialName BossB+_waphon
@IsShadow 1
@IsCull 1
@TopNode YES
$WorldTM 4 4
-1.000000 0.000000 -0.000000 0.000000
0.000000 1.000000 0.000000 0.000000
0.000000 0.000000 -1.000000 0.000000
0.000000 0.000000 0.000000 1.000000
$LocalTM 4 4
-1.000000 0.000000 0.000000 0.000000
0.000000 1.000000 0.000000 0.000000
0.000000 0.000000 -1.000000 0.000000
0.000000 0.000000 0.000000 1.000000
$BoneOffset 66 16
-1.000000 -0.000016 -0.000004 0.000000 -0.000004 -0.000000 1.000000 0.000000 -0.000016 1.000000 0.000000 0.000000 0.000006 -0.119291 -1.670000 1.000000
-1.000000 -0.000021 -0.000007 0.000000 0.000004 -0.499809 0.866136 0.000000 -0.000021 0.866136 0.499809 0.000000 -0.000723 0.826646 -1.540851 1.000000
-1.000000 -0.000023 0.000001 0.000000 -0.000001 0.073785 0.997274 0.000000 -0.000023 0.997274 -0.073785 0.000000 -0.000713 -0.317379 -1.936652 1.000000
-0.999997 0.000705 0.002275 0.000000 0.002232 0.610542 0.791981 0.000000 -0.000830 0.791984 -0.610542 0.000000 -0.005579 -1.485275 -1.676176 1.000000
-1.000000 -0.000525 -0.000003 0.000000 0.000119 -0.233210 0.972426 0.000000 -0.000511 0.972426 0.233210 0.000000 -0.000316 0.618301 -2.406741 1.000000
-0.999991 -0.000081 -0.004256 0.000000 -0.003261 0.657002 0.753882 0.000000 0.002735 0.753889 -0.656996 0.000000 0.008748 -1.774340 -2.021838 1.000000
-1.000000 -0.000029 -0.000013 0.000000 -0.000014 0.022511 0.999747 0.000000 -0.000029 0.999747 -0.022511 0.000000 -0.000676 0.037287 -2.817776 1.000000
1.000000 0.000000 0.000000 0.000000 0.000000 1.000000 0.000000 0.000000 0.000000 0.000000 1.000000 0.000000 0.000000 0.000000 0.000000 1.000000
-0.006536 0.656024 0.754712 0.000000 -0.547627 0.629144 -0.551619 0.000000 -0.836697 -0.416906 0.355144 0.000000 1.416236 -1.625308 1.274660 1.000000
0.778773 0.202951 0.593569 0.000000 0.016980 0.939052 -0.343356 0.000000 -0.627076 0.277475 0.727862 0.000000 -0.154621 -2.343551 0.605458 1.000000
-0.828564 -0.511927 0.226745 0.000000 -0.438219 0.340875 -0.831726 0.000000 0.348491 -0.788502 -0.506773 0.000000 1.264129 -0.037411 1.979265 1.000000
-0.999438 0.030954 0.012853 0.000000 0.008297 0.600039 -0.799928 0.000000 -0.032473 -0.799372 -0.599959 0.000000 0.751155 -0.850388 1.307323 1.000000
-0.941948 -0.333782 0.036375 0.000000 -0.186019 0.428602 -0.884137 0.000000 0.279519 -0.839578 -0.465810 0.000000 0.966992 -0.347398 1.184559 1.000000
-0.913655 -0.300399 -0.273851 0.000000 0.126257 0.430655 -0.893641 0.000000 0.386385 -0.851056 -0.355543 0.000000 0.596027 -0.376591 1.202175 1.000000
-0.618203 -0.338882 -0.709214 0.000000 0.569187 0.429259 -0.701258 0.000000 0.542080 -0.837195 -0.072482 0.000000 -0.024511 -0.345269 1.186783 1.000000
1.000000 0.000000 0.000000 0.000000 0.000000 1.000000 0.000000 0.000000 0.000000 0.000000 1.000000 0.000000 0.000000 0.000000 0.000000 1.000000
-0.453407 -0.051559 -0.889811 0.000000 0.051560 0.995136 -0.083935 0.000000 0.889811 -0.083935 -0.448543 0.000000 0.214519 -1.439233 0.756759 1.000000
-0.461557 -0.700483 -0.544325 0.000000 0.217990 0.505221 -0.835004 0.000000 0.859911 -0.504059 -0.080490 0.000000 -0.026819 -0.338349 1.555122 1.000000
-0.110163 -0.979026 -0.171383 0.000000 0.004029 0.171991 -0.985090 0.000000 0.993905 -0.109211 -0.015002 0.000000 0.086050 0.259719 1.397102 1.000000
1.000000 0.000000 0.000000 0.000000 0.000000 1.000000 0.000000 0.000000 0.000000 0.000000 1.000000 0.000000 0.000000 0.000000 0.000000 1.000000
-0.956060 -0.245865 -0.159690 0.000000 0.094940 0.255698 -0.962084 0.000000 0.277375 -0.934970 -0.221120 0.000000 0.610503 -0.117737 1.411737 1.000000
-0.789453 -0.208624 -0.577270 0.000000 0.510496 0.299039 -0.806207 0.000000 0.340820 -0.931156 -0.129575 0.000000 0.020507 -0.194127 1.333992 1.000000
-0.466998 -0.046467 -0.883037 0.000000 0.850050 0.251484 -0.462786 0.000000 0.243574 -0.966746 -0.077943 0.000000 -0.523006 -0.253149 1.017901 1.000000
1.000000 0.000000 0.000000 0.000000 0.000000 1.000000 0.000000 0.000000 0.000000 0.000000 1.000000 0.000000 0.000000 0.000000 0.000000 1.000000
-0.864063 -0.408856 -0.293652 0.000000 0.299789 0.050662 -0.952659 0.000000 0.404378 -0.911192 0.078796 0.000000 0.267055 0.330516 1.490375 1.000000
-0.668841 0.223015 -0.709166 0.000000 0.695504 -0.149174 -0.702867 0.000000 -0.262539 -0.963334 -0.055334 0.000000 -0.252481 0.090956 1.305943 1.000000
-0.397406 0.190926 -0.897561 0.000000 0.913877 -0.006178 -0.405944 0.000000 -0.083050 -0.981585 -0.172028 0.000000 -0.648789 -0.028564 0.963992 1.000000
1.000000 0.000000 0.000000 0.000000 0.000000 1.000000 0.000000 0.000000 0.000000 0.000000 1.000000 0.000000 0.000000 0.000000 0.000000 1.000000
-0.006558 -0.656027 -0.754709 0.000000 0.547658 0.629118 -0.551617 0.000000 0.836676 -0.416940 0.355153 0.000000 -1.416311 -1.625246 1.274655 1.000000
0.778763 -0.202955 -0.593579 0.000000 -0.016980 0.939052 -0.343356 0.000000 0.627088 0.277472 0.727853 0.000000 0.154619 -2.343549 0.605458 1.000000
-0.828558 0.511939 -0.226737 0.000000 0.438219 0.340875 -0.831725 0.000000 -0.348504 -0.788494 -0.506776 0.000000 -1.264129 -0.037411 1.979264 1.000000
-0.999438 -0.030944 -0.012848 0.000000 -0.008298 0.600123 -0.799864 0.000000 0.032461 -0.799309 -0.600043 0.000000 -0.751153 -0.850528 1.307231 1.000000
-0.941944 0.333794 -0.036368 0.000000 0.186019 0.428601 -0.884136 0.000000 -0.279533 -0.839572 -0.465810 0.000000 -0.966991 -0.347397 1.184557 1.000000
-0.913650 0.300412 0.273856 0.000000 -0.126258 0.430655 -0.893641 0.000000 -0.386399 -0.851051 -0.355538 0.000000 -0.596027 -0.376591 1.202174 1.000000
-0.618194 0.338895 0.709215 0.000000 -0.569187 0.429259 -0.701257 0.000000 -0.542089 -0.837189 -0.072471 0.000000 0.024511 -0.345268 1.186782 1.000000
1.000000 0.000000 0.000000 0.000000 0.000000 1.000000 0.000000 0.000000 0.000000 0.000000 1.000000 0.000000 0.000000 0.000000 0.000000 1.000000
-0.453393 0.051560 0.889818 0.000000 -0.051561 0.995136 -0.083935 0.000000 -0.889818 -0.083935 -0.448529 0.000000 -0.214518 -1.439232 0.756759 1.000000
-0.461543 0.700490 0.544326 0.000000 -0.217990 0.505221 -0.835004 0.000000 -0.859917 -0.504048 -0.080481 0.000000 0.026820 -0.338349 1.555122 1.000000
-0.110148 0.979027 0.171384 0.000000 -0.004030 0.171992 -0.985090 0.000000 -0.993907 -0.109196 -0.014999 0.000000 -0.086050 0.259719 1.397102 1.000000
1.000000 0.000000 0.000000 0.000000 0.000000 1.000000 0.000000 0.000000 0.000000 0.000000 1.000000 0.000000 0.000000 0.000000 0.000000 1.000000
-0.956055 0.245879 0.159694 0.000000 -0.094940 0.255697 -0.962083 0.000000 -0.277389 -0.934966 -0.221117 0.000000 -0.610503 -0.117736 1.411736 1.000000
-0.789447 0.208638 0.577272 0.000000 -0.510496 0.299039 -0.806206 0.000000 -0.340832 -0.931153 -0.129566 0.000000 -0.020506 -0.194127 1.333991 1.000000
-0.466994 0.046482 0.883038 0.000000 -0.850050 0.251483 -0.462786 0.000000 -0.243580 -0.966744 -0.077929 0.000000 0.523005 -0.253148 1.017901 1.000000
1.000000 0.000000 0.000000 0.000000 0.000000 1.000000 0.000000 0.000000 0.000000 0.000000 1.000000 0.000000 0.000000 0.000000 0.000000 1.000000
-0.864056 0.408870 0.293651 0.000000 -0.299790 0.050662 -0.952659 0.000000 -0.404391 -0.911185 0.078800 0.000000 -0.267055 0.330516 1.490375 1.000000
-0.668845 -0.223001 0.709166 0.000000 -0.695503 -0.149175 -0.702867 0.000000 0.262529 -0.963336 -0.055323 0.000000 0.252481 0.090956 1.305942 1.000000
-0.397407 -0.190910 0.897564 0.000000 -0.913877 -0.006178 -0.405944 0.000000 0.083044 -0.981588 -0.172013 0.000000 0.648789 -0.028563 0.963992 1.000000
1.000000 0.000000 0.000000 0.000000 0.000000 1.000000 0.000000 0.000000 0.000000 0.000000 1.000000 0.000000 0.000000 0.000000 0.000000 1.000000
-1.000000 -0.000000 0.000008 0.000000 -0.000000 1.000000 0.000000 0.000000 -0.000008 0.000000 -1.000000 0.000000 0.000001 -2.110000 0.019291 1.000000
1.000000 0.000000 0.000000 0.000000 0.000000 1.000000 0.000000 0.000000 0.000000 0.000000 1.000000 0.000000 0.000000 0.000000 0.000000 1.000000
-1.000000 0.000022 -0.000001 0.000000 -0.000000 -0.043726 -0.999044 0.000000 -0.000022 -0.999043 0.043727 0.000000 0.000000 0.049477 1.674724 1.000000
-1.000000 0.000024 -0.000004 0.000000 -0.000003 -0.259678 -0.965695 0.000000 -0.000024 -0.965694 0.259678 0.000000 0.000003 0.298290 1.112743 1.000000
-1.000000 0.000027 -0.000010 0.000000 -0.000010 -0.635188 -0.772357 0.000000 -0.000027 -0.772357 0.635188 0.000000 0.000009 0.585641 0.569515 1.000000
1.000000 0.000000 0.000000 0.000000 0.000000 1.000000 0.000000 0.000000 0.000000 0.000000 1.000000 0.000000 0.000000 0.000000 0.000000 1.000000
-0.000018 -0.999983 -0.005907 0.000000 -0.000957 0.005907 -0.999982 0.000000 1.000000 -0.000012 -0.000957 0.000000 -1.178467 -0.015188 2.965451 1.000000
-0.011508 -0.999681 -0.022483 0.000000 -0.999533 0.012137 -0.028030 0.000000 0.028294 0.022150 -0.999354 0.000000 2.838034 -0.046575 1.283582 1.000000
-0.000053 -1.000000 0.000016 0.000000 -0.999899 0.000053 -0.014219 0.000000 0.014218 -0.000017 -0.999899 0.000000 2.594499 -1.190135 1.224185 1.000000
1.000000 0.000000 0.000000 0.000000 0.000000 1.000000 0.000000 0.000000 0.000000 0.000000 1.000000 0.000000 0.000000 0.000000 0.000000 1.000000
0.000025 -1.000000 0.000014 0.000000 -0.998116 -0.000026 -0.061353 0.000000 0.061353 -0.000012 -0.998116 0.000000 3.477546 -1.002501 1.393148 1.000000
1.000000 0.000000 0.000000 0.000000 0.000000 1.000000 0.000000 0.000000 0.000000 0.000000 1.000000 0.000000 0.000000 0.000000 0.000000 1.000000
0.000166 -1.000000 0.000015 0.000000 -0.995893 -0.000164 0.090533 0.000000 -0.090533 -0.000030 -0.995894 0.000000 4.162576 0.000685 0.833741 1.000000
1.000000 0.000000 0.000000 0.000000 0.000000 1.000000 0.000000 0.000000 0.000000 0.000000 1.000000 0.000000 0.000000 0.000000 0.000000 1.000000
-0.000008 -1.000000 0.000014 0.000000 -0.998116 0.000007 -0.061352 0.000000 0.061352 -0.000014 -0.998116 0.000000 3.484629 1.009076 1.393585 1.000000
1.000000 0.000000 0.000000 0.000000 0.000000 1.000000 0.000000 0.000000 0.000000 0.000000 1.000000 0.000000 0.000000 0.000000 0.000000 1.000000
0.000268 -1.000000 -0.000088 0.000000 -1.000000 -0.000268 0.000000 0.000000 -0.000000 0.000088 -1.000000 0.000000 2.609676 1.210577 1.187294 1.000000
1.000000 0.000000 0.000000 0.000000 0.000000 1.000000 0.000000 0.000000 0.000000 0.000000 1.000000 0.000000 0.000000 0.000000 0.000000 1.000000
#SKIN
@ParentName RootNode
@NodeName body
@MeshName BossB+_1
@IsActive 1
@MaterialName BossB+_body
@IsShadow 1
@IsCull 1
@TopNode YES
$WorldTM 4 4
-1.000000 0.000000 -0.000000 0.000000
0.000000 1.000000 0.000000 0.000000
0.000000 0.000000 -1.000000 0.000000
0.000000 0.000000 0.000000 1.000000
$LocalTM 4 4
-1.000000 0.000000 0.000000 0.000000
0.000000 1.000000 0.000000 0.000000
0.000000 0.000000 -1.000000 0.000000
0.000000 0.000000 0.000000 1.000000
#SKIN
@ParentName RootNode
@NodeName w1
@MeshName BossB+_2
@IsActive 1
@MaterialName BossB+_waphon
@IsShadow 1
@IsCull 1
@TopNode YES
$WorldTM 4 4
-1.000000 0.000000 -0.000000 0.000000
0.000000 1.000000 0.000000 0.000000
0.000000 0.000000 -1.000000 0.000000
0.000000 0.000000 0.000000 1.000000
$LocalTM 4 4
-1.000000 0.000000 -0.000000 0.000000
0.000000 1.000000 0.000000 0.000000
0.000000 0.000000 -1.000000 0.000000
0.000000 0.000000 0.000000 1.000000
#SKIN
@ParentName RootNode
@NodeName w2
@MeshName BossB+_3
@IsActive 1
@MaterialName BossB+_waphon
@IsShadow 1
@IsCull 1
@TopNode YES
$WorldTM 4 4
-1.000000 0.000000 -0.000000 0.000000
0.000000 1.000000 0.000000 0.000000
0.000000 0.000000 -1.000000 0.000000
0.000000 0.000000 0.000000 1.000000
$LocalTM 4 4
-1.000000 0.000000 -0.000000 0.000000
0.000000 1.000000 0.000000 0.000000
0.000000 0.000000 -1.000000 0.000000
0.000000 0.000000 0.000000 1.000000
#SKIN
@ParentName RootNode
@NodeName w3
@MeshName BossB+_4
@IsActive 1
@MaterialName BossB+_waphon
@IsShadow 1
@IsCull 1
@TopNode YES
$WorldTM 4 4
-1.000000 0.000000 -0.000000 0.000000
0.000000 1.000000 0.000000 0.000000
0.000000 0.000000 -1.000000 0.000000
