#BONE
@NodeName Bone
@ParentName RootNode
@BoneIndex 0
@TopNode YES
$WorldTM 4 4
-1.000000 -0.000004 -0.000001 0.000000
-0.000001 0.000000 1.000000 0.000000
-0.000004 1.000000 -0.000000 0.000000
0.000000 127.000000 12.245200 1.000000
$LocalTM 4 4
-1.000000 -0.000004 -0.000001 0.000000
-0.000001 0.000000 1.000000 0.000000
-0.000004 1.000000 -0.000000 0.000000
0.000000 127.000000 12.245200 1.000000
#BONE
@NodeName spine.003
@ParentName Bone
@BoneIndex 1
@TopNode NO
$WorldTM 4 4
-1.000000 0.000004 -0.000006 0.000000
-0.000007 -0.499809 0.866136 0.000000
0.000000 0.866136 0.499809 0.000000
-0.071600 134.775101 5.730500 1.000000
$LocalTM 4 4
1.000000 -0.000005 0.000008 0.000000
0.000008 0.866136 -0.499809 0.000000
-0.000004 0.499809 0.866136 0.000000
0.071575 -6.514700 7.775100 1.000000
#BONE
@NodeName spine.002
@ParentName spine.003
@BoneIndex 2
@TopNode NO
$WorldTM 4 4
-1.000000 -0.000001 -0.000008 0.000000
-0.000008 0.073785 0.997274 0.000000
-0.000000 0.997274 -0.073785 0.000000
-0.071600 155.479095 17.677799 1.000000
$LocalTM 4 4
1.000000 0.000001 -0.000005 0.000000
0.000002 0.826896 0.562354 0.000000
0.000005 -0.562354 0.826896 0.000000
0.000011 -0.000059 23.903833 1.000000
#BONE
@NodeName spine.001
@ParentName spine.002
@BoneIndex 3
@TopNode NO
$WorldTM 4 4
-0.999997 0.002232 -0.000815 0.000000
0.000717 0.610542 0.791984 0.000000
0.002265 0.791981 -0.610542 0.000000
-0.071600 183.433395 15.609500 1.000000
$LocalTM 4 4
0.999997 -0.000640 0.002286 0.000000
-0.000724 0.834874 0.550441 0.000000
-0.002261 -0.550441 0.834871 0.000000
-0.000011 -0.000054 28.030716 1.000000
#BONE
@NodeName shoulder.R
@ParentName spine.001
@BoneIndex 4
@TopNode NO
$WorldTM 4 4
-0.006561 0.547626 0.836697 0.000000
-0.656009 0.629146 -0.416926 0.000000
-0.754724 -0.551616 0.355120 0.000000
-11.349900 210.124603 5.783000 1.000000
$LocalTM 4 4
0.007101 0.996993 -0.077144 0.000000
0.657751 0.053451 0.751336 0.000000
0.753202 -0.056077 -0.655394 0.000000
11.345854 8.505574 27.112850 1.000000
#BONE
@NodeName arm.R
@ParentName shoulder.R
@BoneIndex 5
@TopNode NO
$WorldTM 4 4
0.322235 0.743578 0.585881 0.000000
-0.738089 0.584882 -0.336361 0.000000
-0.592781 -0.324045 0.737296 0.000000
-23.666204 201.122803 11.578300 1.000000
$LocalTM 4 4
0.895294 0.012161 -0.445311 0.000000
0.043707 0.992406 0.114975 0.000000
0.443328 -0.122399 0.887964 0.000000
0.000098 -0.000057 16.318991 1.000000
#BONE
@NodeName forearm.R
@ParentName arm.R
@BoneIndex 6
@TopNode NO
$WorldTM 4 4
-0.978235 0.095326 0.184307 0.000000
-0.095320 0.582518 -0.807209 0.000000
-0.184310 -0.807209 -0.560753 0.000000
-60.193417 181.155197 57.010410 1.000000
$LocalTM 4 4
-0.136357 0.715785 0.684878 0.000000
-0.070497 0.682572 -0.727410 0.000000
-0.988149 -0.147469 -0.042613 0.000000
-0.000006 0.000056 61.619953 1.000000
#BONE
@NodeName hand.R
@ParentName forearm.R
@BoneIndex 7
@TopNode NO
$WorldTM 4 4
-0.997578 0.031688 0.061919 0.000000
-0.037060 0.511179 -0.858675 0.000000
-0.058862 -0.858890 -0.508767 0.000000
-75.303322 114.979698 11.039625 1.000000
$LocalTM 4 4
0.990299 0.063566 0.123564 0.000000
-0.073278 0.994434 0.075707 0.000000
-0.118064 -0.084027 0.989445 0.000000
0.000047 -0.000088 81.980591 1.000000
#BONE
@NodeName s1.R
@ParentName hand.R
@BoneIndex 8
@TopNode NO
$WorldTM 4 4
-0.996635 0.039936 0.071587 0.000000
-0.039930 0.526176 -0.849438 0.000000
-0.071591 -0.849438 -0.522810 0.000000
-75.181328 97.608498 -0.701870 1.000000
$LocalTM 4 4
0.999919 -0.004120 -0.012058 0.000000
0.003910 0.999841 -0.017411 0.000000
0.012128 0.017362 0.999776 0.000000
-1.399185 1.197816 20.886446 1.000000
#BONE
@NodeName s2.R
@ParentName s1.R
@BoneIndex 9
@TopNode NO
$WorldTM 4 4
-0.931505 -0.200275 -0.303624 0.000000
0.200282 0.414385 -0.887790 0.000000
0.303620 -0.887792 -0.345891 0.000000
-76.806129 78.329498 -12.567665 1.000000
$LocalTM 4 4
0.898636 0.189725 0.395546 0.000000
-0.246613 0.964164 0.097813 0.000000
-0.362814 -0.185445 0.913223 0.000000
-0.000031 -0.000004 22.696184 1.000000
#BONE
@NodeName s3.R
@ParentName s2.R
@BoneIndex 10
@TopNode NO
$WorldTM 4 4
-0.563196 -0.448999 -0.693693 0.000000
0.449005 0.538460 -0.713061 0.000000
0.693689 -0.713065 -0.101656 0.000000
-71.159035 61.817299 -19.000961 1.000000
$LocalTM 4 4
0.825166 0.316998 0.467562 0.000000
-0.309588 0.946106 -0.095072 0.000000
-0.472501 -0.066301 0.878833 0.000000
-0.000017 0.000021 18.599186 1.000000
#BONE
@NodeName F1.R
@ParentName hand.R
@BoneIndex 11
@TopNode NO
$WorldTM 4 4
-0.537521 -0.043624 -0.842121 0.000000
0.043625 0.995885 -0.079435 0.000000
0.842121 -0.079435 -0.533406 0.000000
-69.643326 108.469101 3.089526 1.000000
$LocalTM 4 4
0.482693 0.720728 0.497550 0.000000
-0.016880 0.575667 -0.817510 0.000000
-0.875627 0.386208 0.290037 0.000000
-6.344862 3.288710 9.303476 1.000000
#BONE
@NodeName f2.R
@ParentName F1.R
@BoneIndex 12
@TopNode NO
$WorldTM 4 4
-0.726765 -0.427797 -0.537403 0.000000
0.427804 0.330198 -0.841400 0.000000
0.537397 -0.841403 -0.056963 0.000000
-59.710526 107.532097 -3.201975 1.000000
$LocalTM 4 4
0.861872 -0.415053 -0.291388 0.000000
0.464203 0.414338 0.782842 0.000000
-0.204188 -0.809972 0.549775 0.000000
-0.000009 -0.000067 11.794978 1.000000
#BONE
@NodeName f3.R
@ParentName f2.R
@BoneIndex 13
@TopNode NO
$WorldTM 4 4
-0.966585 -0.181438 -0.181090 0.000000
0.181445 0.014783 -0.983290 0.000000
0.181083 -0.983292 0.018632 0.000000
-50.489830 93.095291 -4.179272 1.000000
$LocalTM 4 4
0.877417 -0.321050 -0.356462 0.000000
0.390231 0.909844 0.141081 0.000000
0.279032 -0.262889 0.923597 0.000000
-0.000058 -0.000050 17.158016 1.000000
#BONE
@NodeName t1.R
@ParentName hand.R
@BoneIndex 14
@TopNode NO
$WorldTM 4 4
-0.992247 -0.077679 -0.097015 0.000000
0.077687 0.221641 -0.972029 0.000000
0.097009 -0.972030 -0.213888 0.000000
-76.998428 96.575600 3.363731 1.000000
$LocalTM 4 4
0.981375 0.080369 0.174481 0.000000
-0.130662 0.945076 0.299598 0.000000
-0.140819 -0.316816 0.937976 0.000000
0.632521 -2.753868 19.812109 1.000000
#BONE
@NodeName t2.R
@ParentName t1.R
@BoneIndex 15
@TopNode NO
$WorldTM 4 4
-0.706220 -0.410284 -0.576993 0.000000
0.410290 0.427003 -0.805811 0.000000
0.576989 -0.805814 -0.133223 0.000000
-74.576332 72.305702 -1.976663 1.000000
$LocalTM 4 4
0.788592 0.415054 0.453710 0.000000
-0.362102 0.909787 -0.202904 0.000000
-0.496996 -0.004281 0.867742 0.000000
0.000039 -0.000016 24.968256 1.000000
#BONE
@NodeName t3.R
@ParentName t2.R
@BoneIndex 16
@TopNode NO
$WorldTM 4 4
-0.276195 -0.379332 -0.883076 0.000000
0.379336 0.801198 -0.462804 0.000000
0.883075 -0.462806 -0.077393 0.000000
-64.283936 57.931393 -4.353060 1.000000
$LocalTM 4 4
0.860216 0.436296 0.263955 0.000000
-0.329578 0.870683 -0.365088 0.000000
-0.389108 0.227061 0.892770 0.000000
0.000013 -0.000072 17.838192 1.000000
#BONE
@NodeName l1.R
@ParentName hand.R
@BoneIndex 17
@TopNode NO
$WorldTM 4 4
-0.952643 -0.214204 -0.215844 0.000000
0.214212 0.031090 -0.976292 0.000000
0.215836 -0.976294 0.016268 0.000000
-79.468025 96.808998 8.301532 1.000000
$LocalTM 4 4
0.930183 0.111148 0.349866 0.000000
-0.273159 0.846271 0.457393 0.000000
-0.245243 -0.521028 0.817548 0.000000
3.409280 -6.783000 17.244820 1.000000
#BONE
@NodeName l2.R
@ParentName l1.R
@BoneIndex 18
@TopNode NO
$WorldTM 4 4
-0.511642 -0.484016 -0.709895 0.000000
0.484021 0.520283 -0.703583 0.000000
0.709892 -0.703587 -0.031925 0.000000
-73.697632 70.707397 8.736438 1.000000
$LocalTM 4 4
0.744316 0.568418 0.350563 0.000000
-0.420681 0.806762 -0.414926 0.000000
-0.518672 0.161361 0.839609 0.000000
0.000065 -0.000002 26.735376 1.000000
#BONE
@NodeName l3.R
@ParentName l2.R
@BoneIndex 19
@TopNode NO
$WorldTM 4 4
-0.298123 -0.317438 -0.900197 0.000000
0.317442 0.856430 -0.407133 0.000000
0.900196 -0.407136 -0.154553 0.000000
-61.286335 58.406403 8.178341 1.000000
$LocalTM 4 4
0.945223 0.323909 0.040449 0.000000
-0.287920 0.885686 -0.364226 0.000000
-0.153801 0.332629 0.930431 0.000000
-0.000069 -0.000007 17.483315 1.000000
#BONE
@NodeName neck2
@ParentName spine.001
@BoneIndex 20
@TopNode NO
$WorldTM 4 4
-1.000000 0.000119 -0.000496 0.000000
-0.000510 -0.233210 0.972426 0.000000
0.000000 0.972426 0.233210 0.000000
0.000000 208.457199 -3.681400 1.000000
$LocalTM 4 4
0.999998 -0.001037 -0.001868 0.000000
-0.000803 0.627760 -0.778405 0.000000
0.001980 0.778405 0.627758 0.000000
-0.000025 0.000051 31.596422 1.000000
#BONE
@NodeName neck1
@ParentName neck2
@BoneIndex 21
@TopNode NO
$WorldTM 4 4
-0.999991 -0.003261 0.002750 0.000000
-0.000069 0.657002 0.753889 0.000000
-0.004265 0.753882 -0.656996 0.000000
0.000000 229.000000 1.245200 1.000000
$LocalTM 4 4
0.999989 0.003945 -0.002530 0.000000
-0.000226 0.579882 0.814701 0.000000
0.004681 -0.814691 0.579877 0.000000
0.000001 -0.000032 21.125301 1.000000
#BONE
@NodeName head
@ParentName neck1
@BoneIndex 22
@TopNode NO
$WorldTM 4 4
-1.000000 0.000002 -0.000008 0.000000
-0.000007 -0.699977 0.714165 0.000000
-0.000004 0.714165 0.699977 0.000000
-0.071400 241.622101 -9.754799 1.000000
$LocalTM 4 4
0.999991 0.000065 0.004272 0.000000
0.004254 0.078515 -0.996904 0.000000
-0.000400 0.996912 0.078514 0.000000
-0.000011 -0.000031 16.742834 1.000000
#BONE
@NodeName shoulder.L
@ParentName spine.001
@BoneIndex 23
@TopNode NO
$WorldTM 4 4
-0.006548 -0.547626 -0.836698 0.000000
0.656018 0.629144 -0.416914 0.000000
0.754717 -0.551619 0.355133 0.000000
11.349900 210.124603 5.783200 1.000000
$LocalTM 4 4
0.006008 -0.997004 0.077115 0.000000
-0.654273 0.054400 0.754300 0.000000
-0.756236 -0.054986 -0.651986 0.000000
-11.353887 8.522015 27.164150 1.000000
#BONE
@NodeName arm.L
@ParentName shoulder.L
@BoneIndex 24
@TopNode NO
$WorldTM 4 4
0.322244 -0.743578 -0.585876 0.000000
0.738094 0.584882 -0.336350 0.000000
0.592771 -0.324045 0.737305 0.000000
23.666004 201.122803 11.578601 1.000000
$LocalTM 4 4
0.895293 -0.012160 0.445310 0.000000
-0.043707 0.992407 0.114971 0.000000
-0.443328 -0.122396 0.887964 0.000000
-0.000026 -0.000029 16.318859 1.000000
#BONE
@NodeName forearm.L
@ParentName arm.L
@BoneIndex 25
@TopNode NO
$WorldTM 4 4
-0.978231 -0.095326 -0.184322 0.000000
0.095332 0.582518 -0.807208 0.000000
0.184319 -0.807209 -0.560751 0.000000
60.192616 181.155197 57.011314 1.000000
$LocalTM 4 4
-0.136357 -0.715784 -0.684877 0.000000
0.070496 0.682572 -0.727409 0.000000
0.988150 -0.147469 -0.042613 0.000000
0.000017 0.000094 61.619987 1.000000
#BONE
@NodeName hand.L
@ParentName forearm.L
@BoneIndex 26
@TopNode NO
$WorldTM 4 4
-0.997576 -0.031688 -0.061933 0.000000
0.037071 0.511179 -0.858675 0.000000
0.058869 -0.858891 -0.508766 0.000000
75.303131 114.979645 11.040664 1.000000
$LocalTM 4 4
0.990299 -0.063567 -0.123564 0.000000
0.073279 0.994434 0.075707 0.000000
0.118064 -0.084027 0.989444 0.000000
0.000064 -0.000058 81.980591 1.000000
#BONE
@NodeName s1.L
@ParentName hand.L
@BoneIndex 27
@TopNode NO
$WorldTM 4 4
-0.996633 -0.039936 -0.071602 0.000000
0.039942 0.526176 -0.849438 0.000000
0.071599 -0.849439 -0.522810 0.000000
75.181335 97.608429 -0.700846 1.000000
$LocalTM 4 4
0.999919 0.004121 0.012059 0.000000
-0.003911 0.999841 -0.017411 0.000000
-0.012129 0.017362 0.999776 0.000000
1.399150 1.197820 20.886446 1.000000
#BONE
@NodeName s2.L
@ParentName s1.L
@BoneIndex 28
@TopNode NO
$WorldTM 4 4
-0.931509 0.200276 0.303610 0.000000
-0.200268 0.414385 -0.887794 0.000000
-0.303615 -0.887793 -0.345895 0.000000
76.806335 78.329414 -12.566558 1.000000
$LocalTM 4 4
0.898636 -0.189724 -0.395546 0.000000
0.246613 0.964165 0.097813 0.000000
0.362815 -0.185446 0.913222 0.000000
0.000004 -0.000063 22.696146 1.000000
#BONE
@NodeName s3.L
@ParentName s2.L
@BoneIndex 29
@TopNode NO
$WorldTM 4 4
-0.563206 0.448999 0.693685 0.000000
-0.448994 0.538460 -0.713068 0.000000
-0.693689 -0.713066 -0.101666 0.000000
71.159332 61.817196 -18.999964 1.000000
$LocalTM 4 4
0.825166 -0.316998 -0.467561 0.000000
0.309588 0.946106 -0.095072 0.000000
0.472501 -0.066301 0.878833 0.000000
-0.000005 0.000039 18.599194 1.000000
#BONE
@NodeName F1.L
@ParentName hand.L
@BoneIndex 30
@TopNode NO
$WorldTM 4 4
-0.537533 0.043624 0.842112 0.000000
-0.043624 0.995885 -0.079436 0.000000
-0.842113 -0.079436 -0.533419 0.000000
69.643234 108.469032 3.090562 1.000000
$LocalTM 4 4
0.482695 -0.720727 -0.497549 0.000000
0.016880 0.575667 -0.817509 0.000000
0.875627 0.386209 0.290037 0.000000
6.344870 3.288642 9.303434 1.000000
#BONE
@NodeName f2.L
@ParentName F1.L
@BoneIndex 31
@TopNode NO
$WorldTM 4 4
-0.726773 0.427796 0.537391 0.000000
-0.427791 0.330198 -0.841406 0.000000
-0.537397 -0.841404 -0.056971 0.000000
59.710526 107.532028 -3.201144 1.000000
$LocalTM 4 4
0.861872 0.415053 0.291387 0.000000
-0.464203 0.414338 0.782841 0.000000
0.204188 -0.809973 0.549775 0.000000
-0.000034 -0.000063 11.795005 1.000000
#BONE
@NodeName f3.L
@ParentName f2.L
@BoneIndex 32
@TopNode NO
$WorldTM 4 4
-0.966587 0.181436 0.181076 0.000000
-0.181431 0.014783 -0.983293 0.000000
-0.181082 -0.983292 0.018629 0.000000
50.489826 93.095207 -4.178642 1.000000
$LocalTM 4 4
0.877418 0.321049 0.356463 0.000000
-0.390232 0.909844 0.141081 0.000000
-0.279033 -0.262890 0.923596 0.000000
0.000035 0.000006 17.158028 1.000000
#BONE
@NodeName t1.L
@ParentName hand.L
@BoneIndex 33
@TopNode NO
$WorldTM 4 4
-0.992248 0.077680 0.097000 0.000000
-0.077672 0.221640 -0.972030 0.000000
-0.097006 -0.972031 -0.213889 0.000000
76.998436 96.575531 3.364853 1.000000
$LocalTM 4 4
0.981376 -0.080367 -0.174481 0.000000
0.130661 0.945075 0.299598 0.000000
0.140820 -0.316817 0.937975 0.000000
-0.632618 -2.753924 19.812077 1.000000
#BONE
@NodeName t2.L
@ParentName t1.L
@BoneIndex 34
@TopNode NO
$WorldTM 4 4
-0.706228 0.410283 0.576982 0.000000
-0.410278 0.427003 -0.805817 0.000000
-0.576987 -0.805815 -0.133232 0.000000
74.576340 72.305611 -1.975654 1.000000
$LocalTM 4 4
0.788592 -0.415055 -0.453708 0.000000
0.362102 0.909787 -0.202905 0.000000
0.496996 -0.004280 0.867743 0.000000
0.000012 0.000074 24.968279 1.000000
#BONE
@NodeName t3.L
@ParentName t2.L
@BoneIndex 35
@TopNode NO
$WorldTM 4 4
-0.276208 0.379331 0.883072 0.000000
-0.379329 0.801198 -0.462808 0.000000
-0.883075 -0.462807 -0.077406 0.000000
64.283936 57.931293 -4.352255 1.000000
$LocalTM 4 4
0.860216 -0.436297 -0.263955 0.000000
0.329579 0.870683 -0.365088 0.000000
0.389109 0.227061 0.892770 0.000000
-0.000009 -0.000026 17.838217 1.000000
#BONE
@NodeName l1.L
@ParentName hand.L
@BoneIndex 36
@TopNode NO
$WorldTM 4 4
-0.952645 0.214203 0.215830 0.000000
-0.214198 0.031090 -0.976296 0.000000
-0.215836 -0.976295 0.016264 0.000000
79.467934 96.808929 8.302652 1.000000
$LocalTM 4 4
0.930183 -0.111147 -0.349865 0.000000
0.273158 0.846272 0.457393 0.000000
0.245243 -0.521028 0.817548 0.000000
-3.409344 -6.783026 17.244804 1.000000
#BONE
@NodeName l2.L
@ParentName l1.L
@BoneIndex 37
@TopNode NO
$WorldTM 4 4
-0.511653 0.484015 0.709888 0.000000
-0.484011 0.520283 -0.703591 0.000000
-0.709891 -0.703588 -0.031935 0.000000
73.697441 70.707306 8.737452 1.000000
$LocalTM 4 4
0.744317 -0.568417 -0.350562 0.000000
0.420682 0.806762 -0.414925 0.000000
0.518672 0.161361 0.839609 0.000000
0.000020 0.000034 26.735392 1.000000
#BONE
@NodeName l3.L
@ParentName l2.L
@BoneIndex 38
@TopNode NO
$WorldTM 4 4
-0.298136 0.317439 0.900192 0.000000
-0.317436 0.856431 -0.407139 0.000000
-0.900195 -0.407137 -0.154566 0.000000
61.286236 58.406296 8.179153 1.000000
$LocalTM 4 4
0.945223 -0.323908 -0.040450 0.000000
0.287920 0.885687 -0.364226 0.000000
0.153802 0.332629 0.930432 0.000000
0.000016 -0.000031 17.483257 1.000000
#BONE
@NodeName inner
@ParentName spine.003
@BoneIndex 39
@TopNode NO
$WorldTM 4 4
-1.000000 0.000000 0.000007 0.000000
0.000000 1.000000 0.000000 0.000000
-0.000007 0.000000 -1.000000 0.000000
0.000100 171.000000 2.245200 1.000000
$LocalTM 4 4
1.000000 0.000013 0.000003 0.000000
0.000004 -0.499809 0.866135 0.000000
0.000013 -0.866135 -0.499809 0.000000
-0.071534 -21.124262 29.633688 1.000000
#BONE
@NodeName spine.004
@ParentName Bone
@BoneIndex 40
@TopNode NO
$WorldTM 4 4
-1.000000 0.000000 -0.000007 0.000000
0.000007 -0.043727 -0.999021 0.000000
-0.000000 -0.999044 0.043728 0.000000
0.000000 127.528503 -2.063900 1.000000
$LocalTM 4 4
1.000000 -0.000006 0.000004 0.000000
-0.000006 -0.999021 -0.043727 0.000000
0.000004 0.043728 -0.999044 0.000000
0.000012 -14.309100 0.528500 1.000000
#BONE
@NodeName spine.005
@ParentName spine.004
@BoneIndex 41
@TopNode NO
$WorldTM 4 4
-1.000000 -0.000003 -0.000009 0.000000
0.000009 -0.259686 -0.965670 0.000000
0.000001 -0.965692 0.259692 0.000000
-0.000000 75.203003 0.226300 1.000000
$LocalTM 4 4
1.000000 0.000002 0.000003 0.000000
-0.000003 0.976124 0.217211 0.000000
-0.000002 -0.217221 0.976123 0.000000
-0.000016 0.000079 52.375568 1.000000
#BONE
@NodeName spine.006
@ParentName spine.005
@BoneIndex 42
@TopNode NO
$WorldTM 4 4
-1.000000 -0.000010 -0.000012 0.000000
0.000016 -0.635194 -0.772328 0.000000
0.000000 -0.772339 0.635203 0.000000
-0.000000 41.186104 9.373760 1.000000
$LocalTM 4 4
1.000000 0.000005 0.000006 0.000000
-0.000007 0.910806 0.412834 0.000000
-0.000004 -0.412849 0.910798 0.000000
0.000020 0.000296 35.225346 1.000000
#SKIN
@NodeName bossb_low
@ParentName RootNode
@MeshName bossb_0
@MaterialName bossb_bone
@TopNode YES
$WorldTM 4 4
1.000000 0.000000 0.000000 0.000000
0.000000 0.000000 -1.000000 0.000000
0.000000 1.000000 0.000000 0.000000
0.000000 0.000000 0.000000 1.000000
$LocalTM 4 4
0.010000 0.000000 0.000000 0.000000
0.000000 0.010000 0.000000 0.000000
0.000000 0.000000 0.010000 0.000000
0.000000 0.000000 0.000000 1.000000
$BoneOffset 43 16
-1.000000 -0.000001 -0.000004 0.000000 0.000001 -1.000000 0.000000 0.000000 -0.000004 0.000000 1.000000 0.000000 0.000520 -12.245200 -127.000000 1.000000
-1.000000 -0.000007 0.000000 0.000000 0.000006 -0.866135 -0.499809 0.000000 0.000004 -0.499809 0.866135 0.000000 -0.072105 62.398376 -119.597656 1.000000
-1.000000 -0.000008 -0.000000 0.000000 0.000008 -0.997274 0.073785 0.000000 -0.000001 0.073785 0.997274 0.000000 -0.071303 -29.101645 -153.750961 1.000000
-0.999997 0.000717 0.002265 0.000000 0.000815 -0.791983 0.610542 0.000000 0.002232 0.610542 0.791981 0.000000 -0.468302 -124.356133 -135.745300 1.000000
-0.006561 -0.656009 -0.754725 0.000000 -0.836698 0.416926 -0.355120 0.000000 0.547626 0.629146 -0.551617 0.000000 -119.982887 -137.233643 105.288544 1.000000
0.322235 -0.738089 -0.592782 0.000000 -0.585881 0.336361 -0.737296 0.000000 0.743578 0.584882 -0.324045 0.000000 -148.707870 -131.206375 42.607307 1.000000
-0.978235 -0.095320 -0.184310 0.000000 -0.184307 0.807210 0.560753 0.000000 0.095326 0.582518 -0.807208 0.000000 -86.659523 -65.244484 167.104507 1.000000
-0.997578 -0.037060 -0.058861 0.000000 -0.061919 0.858675 0.508767 0.000000 0.031688 0.511179 -0.858890 0.000000 -79.447968 -52.086514 99.939018 1.000000
-0.996634 -0.039930 -0.071590 0.000000 -0.071587 0.849438 0.522810 0.000000 0.039936 0.526176 -0.849437 0.000000 -78.776077 -54.957394 77.163078 1.000000
-0.931506 0.200282 0.303620 0.000000 0.303624 0.887791 0.345891 0.000000 -0.200275 0.414386 -0.887792 0.000000 -59.673729 -28.233234 88.513092 1.000000
-0.563196 0.449005 0.693689 0.000000 0.693693 0.713061 0.101656 0.000000 -0.448999 0.538460 -0.713064 0.000000 -25.501423 -14.884281 91.510399 1.000000
-0.537521 0.043625 0.842121 0.000000 0.842121 0.079435 0.533406 0.000000 -0.043624 0.995885 -0.079435 0.000000 -30.101158 -104.739189 68.912315 1.000000
-0.726765 0.427804 0.537398 0.000000 0.537403 0.841399 0.056963 0.000000 -0.427797 0.330198 -0.841403 0.000000 0.885643 -12.656641 122.383682 1.000000
-0.966585 0.181445 0.181083 0.000000 0.181090 0.983290 -0.018632 0.000000 -0.181438 0.014783 -0.983291 0.000000 -32.668495 3.675419 100.760452 1.000000
-0.992247 0.077687 0.097009 0.000000 0.097015 0.972029 0.213888 0.000000 -0.077679 0.221641 -0.972029 0.000000 -68.573204 -12.153735 102.063248 1.000000
-0.706220 0.410289 0.576989 0.000000 0.576993 0.805810 0.133223 0.000000 -0.410284 0.427003 -0.805813 0.000000 -24.141933 -1.869697 101.031242 1.000000
-0.276195 0.379335 0.883075 0.000000 0.883076 0.462803 0.077393 0.000000 -0.379332 0.801198 -0.462806 0.000000 0.376225 -24.044004 83.241562 1.000000
-0.952642 0.214212 0.215836 0.000000 0.215844 0.976293 -0.016267 0.000000 -0.214204 0.031090 -0.976294 0.000000 -53.175900 22.117882 111.531105 1.000000
-0.511642 0.484021 0.709892 0.000000 0.709895 0.703584 0.031925 0.000000 -0.484016 0.520283 -0.703586 0.000000 2.718649 5.030085 102.344986 1.000000
-0.298123 0.317442 0.900197 0.000000 0.900198 0.407134 0.154554 0.000000 -0.317438 0.856431 -0.407136 0.000000 7.631645 -27.236542 80.213081 1.000000
-1.000000 -0.000510 0.000000 0.000000 0.000496 -0.972427 -0.233210 0.000000 0.000119 -0.233210 0.972427 0.000000 -0.026632 52.194221 -201.850830 1.000000
-0.999991 -0.000069 -0.004265 0.000000 -0.002750 -0.753889 0.656996 0.000000 -0.003261 0.657002 0.753882 0.000000 0.743345 -151.392136 -171.820877 1.000000
-1.000000 -0.000007 -0.000004 0.000000 0.000008 -0.714166 -0.699977 0.000000 0.000002 -0.699977 0.714166 0.000000 -0.071961 176.096573 -165.730026 1.000000
-0.006548 0.656018 0.754716 0.000000 0.836698 0.416914 -0.355133 0.000000 -0.547626 0.629144 -0.551619 0.000000 119.982735 -137.233337 105.288933 1.000000
0.322244 0.738094 0.592770 0.000000 0.585876 0.336350 -0.737304 0.000000 -0.743578 0.584882 -0.324044 0.000000 148.707870 -131.206406 42.607288 1.000000
-0.978232 0.095332 0.184319 0.000000 0.184322 0.807208 0.560750 0.000000 -0.095326 0.582518 -0.807208 0.000000 86.659599 -65.244461 167.104477 1.000000
-0.997577 0.037072 0.058869 0.000000 0.061933 0.858674 0.508765 0.000000 -0.031688 0.511179 -0.858890 0.000000 79.447922 -52.086418 99.939034 1.000000
-0.996633 0.039942 0.071598 0.000000 0.071602 0.849437 0.522809 0.000000 -0.039936 0.526175 -0.849437 0.000000 78.776070 -54.957378 77.163071 1.000000
-0.931510 -0.200268 -0.303615 0.000000 -0.303610 0.887794 0.345895 0.000000 0.200276 0.414385 -0.887792 0.000000 59.673607 -28.233168 88.513161 1.000000
-0.563206 -0.448994 -0.693687 0.000000 -0.693684 0.713067 0.101666 0.000000 0.448999 0.538460 -0.713064 0.000000 25.501427 -14.884248 91.510376 1.000000
-0.537534 -0.043623 -0.842113 0.000000 -0.842113 0.079435 0.533419 0.000000 0.043624 0.995885 -0.079435 0.000000 30.101099 -104.739182 68.912323 1.000000
-0.726773 -0.427791 -0.537397 0.000000 -0.537392 0.841406 0.056971 0.000000 0.427797 0.330198 -0.841403 0.000000 -0.885683 -12.656684 122.383682 1.000000
-0.966588 -0.181430 -0.181083 0.000000 -0.181076 0.983292 -0.018629 0.000000 0.181437 0.014783 -0.983292 0.000000 32.668537 3.675373 100.760521 1.000000
-0.992248 -0.077672 -0.097006 0.000000 -0.097000 0.972030 0.213888 0.000000 0.077680 0.221640 -0.972029 0.000000 68.573112 -12.153623 102.063332 1.000000
-0.706229 -0.410277 -0.576986 0.000000 -0.576982 0.805817 0.133232 0.000000 0.410284 0.427003 -0.805813 0.000000 24.141949 -1.869764 101.031204 1.000000
-0.276208 -0.379328 -0.883073 0.000000 -0.883072 0.462809 0.077406 0.000000 0.379332 0.801197 -0.462806 0.000000 -0.376201 -24.044024 83.241486 1.000000
-0.952646 -0.214197 -0.215836 0.000000 -0.215830 0.976295 -0.016264 0.000000 0.214204 0.031090 -0.976294 0.000000 53.175907 22.117905 111.531075 1.000000
-0.511652 -0.484010 -0.709891 0.000000 -0.709887 0.703590 0.031935 0.000000 0.484015 0.520282 -0.703587 0.000000 -2.718658 5.030107 102.345001 1.000000
-0.298136 -0.317435 -0.900194 0.000000 -0.900193 0.407138 0.154566 0.000000 0.317439 0.856430 -0.407136 0.000000 -7.631703 -27.236507 80.213058 1.000000
-1.000000 0.000000 -0.000007 0.000000 -0.000007 0.000000 1.000000 0.000000 0.000000 1.000000 -0.000000 0.000000 0.000084 -171.000000 2.245200 1.000000
-1.000000 0.000007 -0.000000 0.000000 0.000007 0.999066 -0.043728 0.000000 -0.000000 -0.043729 -0.999043 0.000000 -0.000014 3.514717 127.496719 1.000000
-1.000000 0.000009 0.000001 0.000000 0.000009 0.965713 -0.259688 0.000000 -0.000003 -0.259693 -0.965693 0.000000 0.000228 19.748260 72.564285 1.000000
-1.000000 0.000016 0.000000 0.000000 0.000012 0.772359 -0.635205 0.000000 -0.000010 -0.635208 -0.772356 0.000000 0.000524 33.401524 25.856155 1.000000
&