#BONE
@NodeName Bone
@ParentName Armature
@IsCull 1
@BoneIndex 0
@TopNode YES
@IsActive 1
@IsShadow 1
$WorldTM 4 4
1.000000 -0.000004 0.000016 0.000000
0.000016 0.073346 -0.997307 0.000000
0.000002 0.997307 0.073346 0.000000
0.000002 1.670325 -0.119291 1.000000
$LocalTM 4 4
-1.000000 -0.000004 -0.000016 0.000000
-0.000016 0.073346 0.997307 0.000000
-0.000002 0.997307 -0.073346 0.000000
-0.000002 1.670325 0.119291 1.000000
#BONE
@NodeName spine.003
@ParentName Bone
@IsCull 1
@BoneIndex 1
@TopNode NO
@IsActive 1
@IsShadow 1
$WorldTM 4 4
1.000000 0.000004 0.000022 0.000000
0.000022 -0.235148 -0.971960 0.000000
0.000001 0.971960 -0.235148 0.000000
0.000717 1.743088 -0.048616 1.000000
$LocalTM 4 4
1.000000 -0.000006 0.000008 0.000000
0.000008 0.952094 -0.305804 0.000000
-0.000006 0.305804 0.952094 0.000000
0.000716 -0.065147 0.077751 1.000000
#BONE
@NodeName spine.002
@ParentName spine.003
@IsCull 1
@BoneIndex 2
@TopNode NO
@IsActive 1
@IsShadow 1
$WorldTM 4 4
1.000000 -0.000001 0.000022 0.000000
0.000021 0.386971 -0.922092 0.000000
-0.000007 0.922092 0.386971 0.000000
0.000717 1.975424 -0.104826 1.000000
$LocalTM 4 4
1.000000 0.000001 -0.000005 0.000000
0.000002 0.805241 0.592948 0.000000
0.000005 -0.592948 0.805241 0.000000
-0.000000 -0.000000 0.239038 1.000000
#BONE
@NodeName spine.001
@ParentName spine.002
@IsCull 1
@BoneIndex 3
@TopNode NO
@IsActive 1
@IsShadow 1
$WorldTM 4 4
0.999997 0.001859 0.001497 0.000000
-0.000795 0.850767 -0.525542 0.000000
-0.002251 0.525540 0.850766 0.000000
0.000715 2.233893 0.003645 1.000000
$LocalTM 4 4
0.999997 -0.000640 0.002286 0.000000
-0.000808 0.813821 0.581116 0.000000
-0.002233 -0.581116 0.813818 0.000000
-0.000000 -0.000000 0.280307 1.000000
#BONE
@NodeName neck2
@ParentName spine.001
@IsCull 1
@BoneIndex 4
@TopNode NO
@IsActive 1
@IsShadow 1
$WorldTM 4 4
1.000000 -0.000055 0.000444 0.000000
0.000439 0.311993 -0.950084 0.000000
-0.000087 0.950085 0.311993 0.000000
0.000004 2.399945 0.272458 1.000000
$LocalTM 4 4
0.999998 -0.001075 -0.001902 0.000000
-0.000403 0.764743 -0.644336 0.000000
0.002147 0.644335 0.764740 0.000000
-0.000000 0.000000 0.315965 1.000000
#BONE
@NodeName neck1
@ParentName neck2
@IsCull 1
@BoneIndex 5
@TopNode NO
@IsActive 1
@IsShadow 1
$WorldTM 4 4
0.999991 -0.001227 -0.004094 0.000000
-0.000043 0.954953 -0.296755 0.000000
0.004273 0.296753 0.954945 0.000000
-0.000015 2.600653 0.338367 1.000000
$LocalTM 4 4
0.999989 0.003945 -0.002530 0.000000
-0.000227 0.579881 0.814700 0.000000
0.004682 -0.814691 0.579876 0.000000
0.000000 -0.000000 0.211253 1.000000
#BONE
@NodeName head
@ParentName neck1
@IsCull 1
@BoneIndex 6
@TopNode NO
@IsActive 1
@IsShadow 1
$WorldTM 4 4
1.000000 0.000085 -0.000036 0.000000
-0.000083 0.651038 -0.759045 0.000000
-0.000041 0.759045 0.651038 0.000000
0.000701 2.650338 0.498252 1.000000
$LocalTM 4 4
0.999991 0.000049 0.004264 0.000000
0.002225 0.846962 -0.531649 0.000000
-0.003638 0.531653 0.846954 0.000000
0.000000 -0.000000 0.167429 1.000000
#BONE
@NodeName head_end
@ParentName head
@IsCull 1
@BoneIndex 7
@TopNode NO
@IsActive 1
@IsShadow 1
$WorldTM 4 4
1.000000 0.000085 -0.000036 0.000000
-0.000083 0.651038 -0.759045 0.000000
-0.000041 0.759045 0.651038 0.000000
0.000696 2.733021 0.569170 1.000000
$LocalTM 4 4
1.000000 0.000000 0.000000 0.000000
0.000000 1.000000 0.000000 0.000000
0.000000 -0.000000 1.000000 0.000000
0.000000 0.000000 0.108930 1.000000
#BONE
@NodeName shoulder.L
@ParentName spine.001
@IsCull 1
@BoneIndex 8
@TopNode NO
@IsActive 1
@IsShadow 1
$WorldTM 4 4
0.233365 -0.719198 0.654442 0.000000
-0.679315 0.360975 0.638927 0.000000
-0.695752 -0.593676 -0.404323 0.000000
-0.113502 2.448944 0.189793 1.000000
$LocalTM 4 4
0.233007 -0.955992 0.178285 0.000000
-0.677685 -0.028137 0.734813 0.000000
-0.697460 -0.292038 -0.654419 0.000000
-0.113538 0.085220 0.271642 1.000000
#BONE
@NodeName arm.L
@ParentName shoulder.L
@IsCull 1
@BoneIndex 9
@TopNode NO
@IsActive 1
@IsShadow 1
$WorldTM 4 4
-0.547340 -0.123195 0.827792 0.000000
-0.637074 0.702757 -0.316649 0.000000
-0.542728 -0.700680 -0.463132 0.000000
-0.227042 2.352062 0.123811 1.000000
$LocalTM 4 4
0.502614 0.856246 0.119255 0.000000
-0.861322 0.484136 0.154064 0.000000
0.074181 -0.180152 0.980837 0.000000
-0.000000 -0.000000 0.163190 1.000000
#BONE
@NodeName forearm.L
@ParentName arm.L
@IsCull 1
@BoneIndex 10
@TopNode NO
@IsActive 1
@IsShadow 1
$WorldTM 4 4
0.586123 -0.170935 -0.791984 0.000000
0.793369 -0.077240 0.603819 0.000000
-0.164387 -0.982249 0.090343 0.000000
-0.540491 1.947387 -0.143669 1.000000
$LocalTM 4 4
-0.955350 -0.242749 0.168459 0.000000
0.075110 -0.750916 -0.656112 0.000000
0.285769 -0.614164 0.735621 0.000000
-0.000000 -0.000000 0.577545 1.000000
#BONE
@NodeName hand.L
@ParentName forearm.L
@IsCull 1
@BoneIndex 11
@TopNode NO
@IsActive 1
@IsShadow 1
$WorldTM 4 4
0.409858 -0.150899 -0.899580 0.000000
0.895914 0.251836 0.365943 0.000000
0.171326 -0.955932 0.238410 0.000000
-0.671556 1.164248 -0.071639 1.000000
$LocalTM 4 4
0.978476 -0.206360 -0.000425 0.000000
0.192248 0.912304 -0.361583 0.000000
0.075004 0.353718 0.932340 0.000000
-0.000000 0.000000 0.797291 1.000000
#BONE
@NodeName s1.L
@ParentName hand.L
@IsCull 1
@BoneIndex 12
@TopNode NO
@IsActive 1
@IsShadow 1
$WorldTM 4 4
-0.357336 -0.019211 -0.933777 0.000000
0.931751 0.061624 -0.357828 0.000000
0.064417 -0.997914 -0.004121 0.000000
-0.622736 0.951892 -0.026508 1.000000
$LocalTM 4 4
0.696451 -0.666691 -0.265479 0.000000
0.694483 0.719344 0.015415 0.000000
0.180693 -0.195106 0.963993 0.000000
0.011455 0.006775 0.222122 1.000000
#BONE
@NodeName s2.L
@ParentName s1.L
@IsCull 1
@BoneIndex 13
@TopNode NO
@IsActive 1
@IsShadow 1
$WorldTM 4 4
-0.571154 0.399837 -0.716876 0.000000
0.818487 0.211304 -0.534255 0.000000
-0.062136 -0.891896 -0.447949 0.000000
-0.607083 0.709401 -0.027510 1.000000
$LocalTM 4 4
0.865817 -0.251015 -0.432842 0.000000
0.202341 0.966821 -0.155938 0.000000
0.457623 0.047432 0.887880 0.000000
-0.000000 -0.000000 0.242998 1.000000
#BONE
@NodeName s3.L
@ParentName s2.L
@IsCull 1
@BoneIndex 14
@TopNode NO
@IsActive 1
@IsShadow 1
$WorldTM 4 4
-0.740140 0.517703 -0.429156 0.000000
0.672305 0.583006 -0.456189 0.000000
0.014030 -0.626168 -0.779561 0.000000
-0.618684 0.542887 -0.111140 1.000000
$LocalTM 4 4
0.937384 -0.267124 -0.223508 0.000000
0.176149 0.917187 -0.357406 0.000000
0.300471 0.295656 0.906810 0.000000
-0.000000 -0.000000 0.186697 1.000000
#BONE
@NodeName s3.L_end
@ParentName s3.L
@IsCull 1
@BoneIndex 15
@TopNode NO
@IsActive 1
@IsShadow 1
$WorldTM 4 4
-0.740140 0.517703 -0.429156 0.000000
0.672305 0.583006 -0.456189 0.000000
0.014030 -0.626168 -0.779561 0.000000
-0.613883 0.328638 -0.377874 1.000000
$LocalTM 4 4
1.000000 -0.000000 0.000000 0.000000
0.000000 1.000000 0.000000 0.000000
-0.000000 0.000000 1.000000 0.000000
0.000000 0.000000 0.342159 1.000000
#BONE
@NodeName F1.L
@ParentName hand.L
@IsCull 1
@BoneIndex 16
@TopNode NO
@IsActive 1
@IsShadow 1
$WorldTM 4 4
-0.594830 0.249514 -0.764145 0.000000
0.418732 0.907627 -0.029586 0.000000
0.686177 -0.337571 -0.644364 0.000000
-0.591736 1.057901 -0.092183 1.000000
$LocalTM 4 4
0.405964 -0.749715 -0.522609 0.000000
0.061276 0.592895 -0.802945 0.000000
0.911833 0.293943 0.286633 0.000000
0.067243 0.037212 0.110438 1.000000
#BONE
@NodeName f2.L
@ParentName F1.L
@IsCull 1
@BoneIndex 17
@TopNode NO
@IsActive 1
@IsShadow 1
$WorldTM 4 4
-0.579224 0.388682 -0.716536 0.000000
0.814984 0.294770 -0.498909 0.000000
0.017296 -0.872946 -0.487508 0.000000
-0.515140 1.020219 -0.164111 1.000000
$LocalTM 4 4
0.989061 0.131439 -0.066948 0.000000
-0.029988 0.623563 0.781198 0.000000
0.144426 -0.770645 0.620683 0.000000
0.000000 0.000000 0.111627 1.000000
#BONE
@NodeName f3.L
@ParentName f2.L
@IsCull 1
@BoneIndex 18
@TopNode NO
@IsActive 1
@IsShadow 1
$WorldTM 4 4
-0.894492 0.255280 -0.367032 0.000000
0.401243 0.096288 -0.910896 0.000000
-0.197193 -0.962059 -0.188559 0.000000
-0.512156 0.869608 -0.248222 1.000000
$LocalTM 4 4
0.880328 -0.470633 -0.059386 0.000000
0.457707 0.809845 0.366955 0.000000
-0.124607 -0.350222 0.928341 0.000000
-0.000000 -0.000000 0.172533 1.000000
#BONE
@NodeName f3.L_end
@ParentName f3.L
@IsCull 1
@BoneIndex 19
@TopNode NO
@IsActive 1
@IsShadow 1
$WorldTM 4 4
-0.894492 0.255280 -0.367032 0.000000
0.401243 0.096288 -0.910896 0.000000
-0.197193 -0.962059 -0.188559 0.000000
-0.539495 0.736226 -0.274364 1.000000
$LocalTM 4 4
1.000000 -0.000000 -0.000000 0.000000
-0.000000 1.000000 -0.000000 0.000000
-0.000000 0.000000 1.000000 0.000000
0.000000 -0.000000 0.138642 1.000000
#BONE
@NodeName t1.L
@ParentName hand.L
@IsCull 1
@BoneIndex 20
@TopNode NO
@IsActive 1
@IsShadow 1
$WorldTM 4 4
0.031294 -0.028952 -0.999089 0.000000
0.987058 -0.156387 0.035448 0.000000
-0.157272 -0.987270 0.023683 0.000000
-0.687631 0.930116 -0.019554 1.000000
$LocalTM 4 4
0.915957 -0.344866 -0.205156 0.000000
0.396264 0.857909 0.327057 0.000000
0.063214 -0.380866 0.922467 0.000000
-0.018113 -0.054305 0.233479 1.000000
#BONE
@NodeName t2.L
@ParentName t1.L
@IsCull 1
@BoneIndex 21
@TopNode NO
@IsActive 1
@IsShadow 1
$WorldTM 4 4
0.010139 0.350724 -0.936423 0.000000
0.996959 -0.075888 -0.017629 0.000000
-0.077246 -0.933398 -0.350427 0.000000
-0.721518 0.717392 -0.014451 1.000000
$LocalTM 4 4
0.925736 -0.078036 -0.370032 0.000000
0.051008 0.995302 -0.082289 0.000000
0.374716 0.057303 0.925367 0.000000
0.000000 0.000000 0.215466 1.000000
#BONE
@NodeName t3.L
@ParentName t2.L
@IsCull 1
@BoneIndex 22
@TopNode NO
@IsActive 1
@IsShadow 1
$WorldTM 4 4
0.104436 0.750458 -0.652614 0.000000
0.992943 -0.041624 0.111033 0.000000
0.056161 -0.659605 -0.749510 0.000000
-0.735290 0.550972 -0.076930 1.000000
$LocalTM 4 4
0.875387 0.058672 -0.479850 0.000000
-0.108505 0.991128 -0.076759 0.000000
0.471089 0.119260 0.873986 0.000000
0.000000 0.000000 0.178295 1.000000
#BONE
@NodeName t3.L_end
@ParentName t3.L
@IsCull 1
@BoneIndex 23
@TopNode NO
@IsActive 1
@IsShadow 1
$WorldTM 4 4
0.104436 0.750458 -0.652614 0.000000
0.992943 -0.041624 0.111033 0.000000
0.056161 -0.659605 -0.749510 0.000000
-0.715255 0.315655 -0.344322 1.000000
$LocalTM 4 4
1.000000 0.000000 -0.000000 0.000000
0.000000 1.000000 -0.000000 0.000000
0.000000 0.000000 1.000000 0.000000
0.000000 0.000000 0.356756 1.000000
#BONE
@NodeName l1.L
@ParentName hand.L
@IsCull 1
@BoneIndex 24
@TopNode NO
@IsActive 1
@IsShadow 1
$WorldTM 4 4
-0.207064 0.185414 -0.960596 0.000000
0.882079 -0.389305 -0.265283 0.000000
-0.423152 -0.902254 -0.082939 0.000000
-0.735376 0.943126 -0.016088 1.000000
$LocalTM 4 4
0.751289 -0.490342 -0.441735 0.000000
0.658917 0.595149 0.460027 0.000000
0.037327 -0.636680 0.770224 0.000000
-0.042762 -0.092535 0.213688 1.000000
#BONE
@NodeName l2.L
@ParentName l1.L
@IsCull 1
@BoneIndex 25
@TopNode NO
@IsActive 1
@IsShadow 1
$WorldTM 4 4
0.368687 0.305195 -0.878023 0.000000
0.892269 -0.381025 0.242227 0.000000
-0.260622 -0.872739 -0.412795 0.000000
-0.831293 0.738611 -0.034888 1.000000
$LocalTM 4 4
0.823672 0.439323 -0.358553 0.000000
-0.488088 0.871130 -0.053875 0.000000
0.288678 0.219380 0.931953 0.000000
0.000000 -0.000000 0.226672 1.000000
#BONE
@NodeName l3.L
@ParentName l2.L
@IsCull 1
@BoneIndex 26
@TopNode NO
@IsActive 1
@IsShadow 1
$WorldTM 4 4
0.186050 0.673363 -0.715518 0.000000
0.977037 -0.203754 0.062300 0.000000
-0.103839 -0.710679 -0.695809 0.000000
-0.876905 0.585871 -0.107132 1.000000
$LocalTM 4 4
0.902344 -0.263880 -0.340797 0.000000
0.243335 0.964508 -0.102531 0.000000
0.355757 0.009590 0.934529 0.000000
0.000000 -0.000000 0.175012 1.000000
#BONE
@NodeName l3.L_end
@ParentName l3.L
@IsCull 1
@BoneIndex 27
@TopNode NO
@IsActive 1
@IsShadow 1
$WorldTM 4 4
0.186050 0.673363 -0.715518 0.000000
0.977037 -0.203754 0.062300 0.000000
-0.103839 -0.710679 -0.695809 0.000000
-0.907557 0.376087 -0.312527 1.000000
$LocalTM 4 4
1.000000 0.000000 0.000000 0.000000
0.000000 1.000000 0.000000 0.000000
0.000000 0.000000 1.000000 0.000000
0.000000 0.000000 0.295188 1.000000
#BONE
@NodeName shoulder.R
@ParentName spine.001
@IsCull 1
@BoneIndex 28
@TopNode NO
@IsActive 1
@IsShadow 1
$WorldTM 4 4
0.233206 0.719248 -0.654444 0.000000
0.679356 0.361024 0.638856 0.000000
0.695765 -0.593586 -0.404433 0.000000
0.113495 2.448956 0.189782 1.000000
$LocalTM 4 4
0.233563 0.955665 -0.179311 0.000000
0.680982 -0.029139 0.731720 0.000000
0.694054 -0.293010 -0.657597 0.000000
0.113458 0.085056 0.271129 1.000000
#BONE
@NodeName arm.R
@ParentName shoulder.R
@IsCull 1
@BoneIndex 29
@TopNode NO
@IsActive 1
@IsShadow 1
$WorldTM 4 4
-0.547463 0.123130 -0.827722 0.000000
0.636950 0.702832 -0.316733 0.000000
0.542751 -0.700617 -0.463202 0.000000
0.227037 2.352089 0.123783 1.000000
$LocalTM 4 4
0.502587 -0.856265 -0.119236 0.000000
0.861336 0.484108 0.154074 0.000000
-0.074205 -0.180138 0.980838 0.000000
-0.000000 0.000000 0.163190 1.000000
#BONE
@NodeName forearm.R
@ParentName arm.R
@IsCull 1
@BoneIndex 30
@TopNode NO
@IsActive 1
@IsShadow 1
$WorldTM 4 4
0.586205 0.206367 0.783438 0.000000
-0.793282 -0.050158 0.606783 0.000000
0.164517 -0.977188 0.134305 0.000000
0.540500 1.947451 -0.143737 1.000000
$LocalTM 4 4
-0.943985 0.270284 -0.189312 0.000000
-0.074131 -0.732724 -0.676477 0.000000
-0.321554 -0.624550 0.711716 0.000000
0.000000 -0.000000 0.577545 1.000000
#BONE
@NodeName hand.R
@ParentName forearm.R
@IsCull 1
@BoneIndex 31
@TopNode NO
@IsActive 1
@IsShadow 1
$WorldTM 4 4
0.409966 0.191234 0.891827 0.000000
-0.895886 0.267968 0.354372 0.000000
-0.171213 -0.944257 0.281182 0.000000
0.671668 1.168348 -0.036657 1.000000
$LocalTM 4 4
0.978481 0.206335 0.000351 0.000000
-0.192245 0.912278 -0.361650 0.000000
-0.074941 0.353800 0.932314 0.000000
0.000000 0.000000 0.797291 1.000000
#BONE
@NodeName s1.R
@ParentName hand.R
@IsCull 1
@BoneIndex 32
@TopNode NO
@IsActive 1
@IsShadow 1
$WorldTM 4 4
-0.357201 0.061082 0.932027 0.000000
-0.931815 0.045324 -0.360090 0.000000
-0.064238 -0.997102 0.040728 0.000000
0.622893 0.958225 0.017976 1.000000
$LocalTM 4 4
0.696449 0.666665 0.265550 0.000000
-0.694485 0.719341 0.015491 0.000000
-0.180694 -0.195209 0.963973 0.000000
-0.011455 0.006751 0.222123 1.000000
#BONE
@NodeName s2.R
@ParentName s1.R
@IsCull 1
@BoneIndex 33
@TopNode NO
@IsActive 1
@IsShadow 1
$WorldTM 4 4
-0.570976 -0.367325 0.734205 0.000000
-0.818604 0.186947 -0.543081 0.000000
0.062231 -0.911110 -0.407436 0.000000
0.607283 0.715932 0.027873 1.000000
$LocalTM 4 4
0.865817 0.251016 0.432842 0.000000
-0.202342 0.966820 -0.155938 0.000000
-0.457623 0.047432 0.887880 0.000000
-0.000000 0.000000 0.242998 1.000000
#BONE
@NodeName s3.R
@ParentName s2.R
@IsCull 1
@BoneIndex 34
@TopNode NO
@IsActive 1
@IsShadow 1
$WorldTM 4 4
-0.739983 -0.498028 0.452096 0.000000
-0.672478 0.561806 -0.481816 0.000000
-0.014033 -0.660561 -0.750640 0.000000
0.618902 0.545831 -0.048194 1.000000
$LocalTM 4 4
0.937384 0.267124 0.223509 0.000000
-0.176149 0.917187 -0.357407 0.000000
-0.300471 0.295657 0.906810 0.000000
0.000000 0.000000 0.186697 1.000000
#BONE
@NodeName s3.R_end
@ParentName s3.R
@IsCull 1
@BoneIndex 35
@TopNode NO
@IsActive 1
@IsShadow 1
$WorldTM 4 4
-0.739983 -0.498028 0.452096 0.000000
-0.672478 0.561806 -0.481816 0.000000
-0.014033 -0.660561 -0.750640 0.000000
0.614100 0.319814 -0.305032 1.000000
$LocalTM 4 4
1.000000 0.000000 0.000000 0.000000
0.000000 1.000000 0.000000 0.000000
0.000000 0.000000 1.000000 0.000000
0.000000 0.000000 0.342159 1.000000
#BONE
@NodeName F1.R
@ParentName hand.R
@IsCull 1
@BoneIndex 36
@TopNode NO
@IsActive 1
@IsShadow 1
$WorldTM 4 4
-0.594671 -0.215034 0.774677 0.000000
-0.418900 0.905309 -0.070269 0.000000
-0.686212 -0.366299 -0.628440 0.000000
0.591864 1.061172 -0.052390 1.000000
$LocalTM 4 4
0.405961 0.749661 0.522689 0.000000
-0.061276 0.592980 -0.802882 0.000000
-0.911834 0.293911 0.286664 0.000000
-0.067243 0.037200 0.110442 1.000000
#BONE
@NodeName f2.R
@ParentName F1.R
@IsCull 1
@BoneIndex 37
@TopNode NO
@IsActive 1
@IsShadow 1
$WorldTM 4 4
-0.579048 -0.356198 0.733366 0.000000
-0.815111 0.271917 -0.511521 0.000000
-0.017211 -0.893970 -0.447794 0.000000
0.515265 1.020283 -0.122541 1.000000
$LocalTM 4 4
0.989061 -0.131439 0.066949 0.000000
0.029988 0.623563 0.781197 0.000000
-0.144426 -0.770644 0.620684 0.000000
0.000000 0.000000 0.111627 1.000000
#BONE
@NodeName f3.R
@ParentName f2.R
@IsCull 1
@BoneIndex 38
@TopNode NO
@IsActive 1
@IsShadow 1
$WorldTM 4 4
-0.894392 -0.238687 0.378271 0.000000
-0.401395 0.055198 -0.914240 0.000000
0.197339 -0.969526 -0.145176 0.000000
0.512295 0.866044 -0.199800 1.000000
$LocalTM 4 4
0.880328 0.470633 0.059386 0.000000
-0.457707 0.809845 0.366955 0.000000
0.124608 -0.350222 0.928341 0.000000
-0.000000 -0.000000 0.172533 1.000000
#BONE
@NodeName f3.R_end
@ParentName f3.R
@IsCull 1
@BoneIndex 39
@TopNode NO
@IsActive 1
@IsShadow 1
$WorldTM 4 4
-0.894392 -0.238687 0.378271 0.000000
-0.401395 0.055198 -0.914240 0.000000
0.197339 -0.969526 -0.145176 0.000000
0.539654 0.731627 -0.219927 1.000000
$LocalTM 4 4
1.000000 0.000000 0.000000 0.000000
-0.000000 1.000000 0.000000 0.000000
0.000000 0.000000 1.000000 0.000000
0.000000 0.000000 0.138642 1.000000
#BONE
@NodeName t1.R
@ParentName hand.R
@IsCull 1
@BoneIndex 40
@TopNode NO
@IsActive 1
@IsShadow 1
$WorldTM 4 4
0.031436 0.073814 0.996775 0.000000
-0.987025 -0.154808 0.042593 0.000000
0.157453 -0.985182 0.067990 0.000000
0.687793 0.936795 0.025892 1.000000
$LocalTM 4 4
0.915956 0.344846 0.205193 0.000000
-0.396267 0.857874 0.327147 0.000000
-0.063215 -0.380964 0.922426 0.000000
0.018113 -0.054330 0.233473 1.000000
#BONE
@NodeName t2.R
@ParentName t1.R
@IsCull 1
@BoneIndex 41
@TopNode NO
@IsActive 1
@IsShadow 1
$WorldTM 4 4
0.010341 -0.308298 0.951233 0.000000
-0.996949 -0.076776 -0.014045 0.000000
0.077363 -0.948186 -0.308151 0.000000
0.721719 0.724522 0.040541 1.000000
$LocalTM 4 4
0.925736 0.078036 0.370033 0.000000
-0.051008 0.995303 -0.082289 0.000000
-0.374716 0.057303 0.925367 0.000000
-0.000000 0.000000 0.215466 1.000000
#BONE
@NodeName t3.R
@ParentName t2.R
@IsCull 1
@BoneIndex 42
@TopNode NO
@IsActive 1
@IsShadow 1
$WorldTM 4 4
0.104668 -0.720362 0.685655 0.000000
-0.992920 -0.036766 0.112947 0.000000
-0.056153 -0.692622 -0.719110 0.000000
0.735512 0.555465 -0.014400 1.000000
$LocalTM 4 4
0.875387 -0.058672 0.479850 0.000000
0.108506 0.991128 -0.076759 0.000000
-0.471089 0.119260 0.873986 0.000000
-0.000000 0.000000 0.178295 1.000000
#BONE
@NodeName t3.R_end
@ParentName t3.R
@IsCull 1
@BoneIndex 43
@TopNode NO
@IsActive 1
@IsShadow 1
$WorldTM 4 4
0.104668 -0.720362 0.685655 0.000000
-0.992920 -0.036766 0.112947 0.000000
-0.056153 -0.692622 -0.719110 0.000000
0.715479 0.308368 -0.270947 1.000000
$LocalTM 4 4
1.000000 -0.000000 -0.000000 0.000000
0.000000 1.000000 -0.000000 0.000000
-0.000000 -0.000000 1.000000 0.000000
-0.000000 0.000000 0.356756 1.000000
#BONE
@NodeName l1.R
@ParentName hand.R
@IsCull 1
@BoneIndex 44
@TopNode NO
@IsActive 1
@IsShadow 1
$WorldTM 4 4
-0.206889 -0.142106 0.967988 0.000000
-0.882049 -0.400983 -0.247387 0.000000
0.423303 -0.904995 -0.042385 0.000000
0.735536 0.949956 0.028762 1.000000
$LocalTM 4 4
0.751287 0.490298 0.441788 0.000000
-0.658919 0.595099 0.460090 0.000000
-0.037327 -0.636762 0.770156 0.000000
0.042762 -0.092558 0.213678 1.000000
#BONE
@NodeName l2.R
@ParentName l1.R
@IsCull 1
@BoneIndex 45
@TopNode NO
@IsActive 1
@IsShadow 1
$WorldTM 4 4
0.368872 -0.265376 0.890791 0.000000
-0.892164 -0.369912 0.259240 0.000000
0.260719 -0.890359 -0.373209 0.000000
0.831486 0.744819 0.019154 1.000000
$LocalTM 4 4
0.823672 -0.439323 0.358552 0.000000
0.488088 0.871130 -0.053874 0.000000
-0.288678 0.219380 0.931954 0.000000
-0.000000 -0.000000 0.226672 1.000000
#BONE
@NodeName l3.R
@ParentName l2.R
@IsCull 1
@BoneIndex 46
@TopNode NO
@IsActive 1
@IsShadow 1
$WorldTM 4 4
0.186277 -0.640505 0.745019 0.000000
-0.976991 -0.200919 0.071544 0.000000
0.103865 -0.741204 -0.663195 0.000000
0.877115 0.588996 -0.046162 1.000000
$LocalTM 4 4
0.902344 0.263881 0.340797 0.000000
-0.243336 0.964508 -0.102531 0.000000
-0.355758 0.009590 0.934529 0.000000
0.000000 0.000000 0.175012 1.000000
#BONE
@NodeName l3.R_end
@ParentName l3.R
@IsCull 1
@BoneIndex 47
@TopNode NO
@IsActive 1
@IsShadow 1
$WorldTM 4 4
0.186277 -0.640505 0.745019 0.000000
-0.976991 -0.200919 0.071544 0.000000
0.103865 -0.741204 -0.663195 0.000000
0.907775 0.370201 -0.241929 1.000000
$LocalTM 4 4
1.000000 0.000000 0.000000 0.000000
0.000000 1.000000 0.000000 0.000000
0.000000 0.000000 1.000000 0.000000
0.000000 0.000000 0.295188 1.000000
#BONE
@NodeName inner
@ParentName spine.003
@IsCull 1
@BoneIndex 48
@TopNode NO
@IsActive 1
@IsShadow 1
$WorldTM 4 4
1.000000 0.000003 0.000008 0.000000
-0.000006 0.959378 0.282125 0.000000
-0.000007 -0.282125 0.959378 0.000000
-0.000002 2.066908 0.084890 1.000000
$LocalTM 4 4
1.000000 0.000013 0.000003 0.000000
0.000004 -0.499809 0.866136 0.000000
0.000013 -0.866136 -0.499809 0.000000
-0.000715 -0.205908 0.283346 1.000000
#BONE
@NodeName inner_end
@ParentName inner
@IsCull 1
@BoneIndex 49
@TopNode NO
@IsActive 1
@IsShadow 1
$WorldTM 4 4
1.000000 0.000003 0.000008 0.000000
-0.000006 0.959378 0.282125 0.000000
-0.000007 -0.282125 0.959378 0.000000
-0.000003 2.041517 0.171234 1.000000
$LocalTM 4 4
1.000000 0.000000 0.000000 0.000000
0.000000 1.000000 0.000000 0.000000
-0.000000 0.000000 1.000000 0.000000
0.000000 0.000000 0.090000 1.000000
#BONE
@NodeName spine.004
@ParentName Bone
@IsCull 1
@BoneIndex 50
@TopNode NO
@IsActive 1
@IsShadow 1
$WorldTM 4 4
1.000000 -0.000001 0.000022 0.000000
-0.000022 -0.116885 0.993146 0.000000
0.000002 -0.993145 -0.116885 0.000000
-0.000000 1.665101 0.023802 1.000000
$LocalTM 4 4
1.000000 -0.000006 0.000003 0.000000
-0.000006 -0.999044 -0.043727 0.000000
0.000004 0.043726 -0.999043 0.000000
0.000000 -0.143091 0.005285 1.000000
#BONE
@NodeName spine.005
@ParentName spine.004
@IsCull 1
@BoneIndex 51
@TopNode NO
@IsActive 1
@IsShadow 1
$WorldTM 4 4
1.000000 -0.000003 0.000024 0.000000
-0.000024 -0.329810 0.944048 0.000000
0.000005 -0.944047 -0.329810 0.000000
0.000001 1.144935 -0.037417 1.000000
$LocalTM 4 4
1.000000 0.000003 0.000002 0.000000
-0.000003 0.976126 0.217204 0.000000
-0.000002 -0.217204 0.976126 0.000000
0.000000 -0.000000 0.523756 1.000000
#BONE
@NodeName spine.006
@ParentName spine.005
@IsCull 1
@BoneIndex 52
@TopNode NO
@IsActive 1
@IsShadow 1
$WorldTM 4 4
1.000000 -0.000011 0.000026 0.000000
-0.000027 -0.690127 0.723689 0.000000
0.000011 -0.723688 -0.690128 0.000000
0.000002 0.812392 -0.153594 1.000000
$LocalTM 4 4
1.000000 0.000004 0.000006 0.000000
-0.000007 0.910807 0.412834 0.000000
-0.000004 -0.412834 0.910806 0.000000
-0.000000 -0.000000 0.352253 1.000000
#BONE
@NodeName spine.006_end
@ParentName spine.006
@IsCull 1
@BoneIndex 53
@TopNode NO
@IsActive 1
@IsShadow 1
$WorldTM 4 4
1.000000 -0.000011 0.000026 0.000000
-0.000027 -0.690127 0.723689 0.000000
0.000011 -0.723688 -0.690128 0.000000
0.000008 0.426483 -0.521606 1.000000
$LocalTM 4 4
1.000000 0.000000 0.000000 0.000000
0.000000 1.000000 0.000000 0.000000
-0.000000 0.000000 1.000000 0.000000
0.000000 0.000000 0.533253 1.000000
#BONE
@NodeName bone
@ParentName Bone
@IsCull 1
@BoneIndex 54
@TopNode NO
@IsActive 1
@IsShadow 1
$WorldTM 4 4
0.000018 0.072392 -0.997376 0.000000
0.999982 0.005904 0.000446 0.000000
0.005921 -0.997359 -0.072391 0.000000
-0.000145 2.673755 -1.110023 1.000000
$LocalTM 4 4
0.000002 0.999999 -0.000957 0.000000
0.999982 0.000004 0.005924 0.000000
0.005924 -0.000957 -0.999982 0.000000
-0.000167 1.061662 0.928060 1.000000
#BONE
@NodeName sapin
@ParentName bone
@IsCull 1
@BoneIndex 55
@TopNode NO
@IsActive 1
@IsShadow 1
$WorldTM 4 4
0.011522 -0.994766 -0.101530 0.000000
0.999681 0.013743 -0.021199 0.000000
0.022483 -0.101253 0.994607 0.000000
-0.012795 2.584522 -1.138828 1.000000
$LocalTM 4 4
0.029250 0.005603 0.999556 0.000000
0.022156 0.999735 -0.006253 0.000000
-0.999327 0.022329 0.029118 0.000000
0.022269 -0.013189 0.091007 1.000000
#BONE
@NodeName ball1
@ParentName sapin
@IsCull 1
@BoneIndex 56
@TopNode NO
@IsActive 1
@IsShadow 1
$WorldTM 4 4
0.000067 -0.996163 -0.087519 0.000000
1.000000 0.000066 0.000022 0.000000
-0.000016 -0.087519 0.996163 0.000000
1.192186 2.322497 -1.141720 1.000000
$LocalTM 4 4
0.999835 -0.011768 0.013819 0.000000
0.011455 0.999681 0.022499 0.000000
-0.014079 -0.022337 0.999651 0.000000
0.274831 1.201056 0.050747 1.000000
#BONE
@NodeName ball1_end
@ParentName ball1
@IsCull 1
@BoneIndex 57
@TopNode NO
@IsActive 1
@IsShadow 1
$WorldTM 4 4
0.000067 -0.996163 -0.087519 0.000000
1.000000 0.000066 0.000022 0.000000
-0.000016 -0.087519 0.996163 0.000000
1.192184 2.311994 -1.022169 1.000000
$LocalTM 4 4
1.000000 -0.000000 0.000000 0.000000
-0.000000 1.000000 0.000000 0.000000
0.000000 -0.000000 1.000000 0.000000
0.000000 0.000000 0.120012 1.000000
#BONE
@NodeName ball2
@ParentName sapin
@IsCull 1
@BoneIndex 58
@TopNode NO
@IsActive 1
@IsShadow 1
$WorldTM 4 4
-0.000011 -0.990928 -0.134396 0.000000
1.000000 -0.000013 0.000012 0.000000
-0.000013 -0.134396 0.990928 0.000000
1.004762 3.263952 -1.062458 1.000000
$LocalTM 4 4
0.999386 -0.010780 -0.033336 0.000000
0.011534 0.999680 0.022496 0.000000
0.033083 -0.022867 0.999191 0.000000
-0.671903 1.024951 0.030043 1.000000
#BONE
@NodeName ball2_end
@ParentName ball2
@IsCull 1
@BoneIndex 59
@TopNode NO
@IsActive 1
@IsShadow 1
$WorldTM 4 4
-0.000011 -0.990928 -0.134396 0.000000
1.000000 -0.000013 0.000012 0.000000
-0.000013 -0.134396 0.990928 0.000000
1.004761 3.247794 -0.943322 1.000000
$LocalTM 4 4
1.000000 0.000000 0.000000 0.000000
0.000000 1.000000 0.000000 0.000000
0.000000 -0.000000 1.000000 0.000000
0.000000 0.000000 0.120226 1.000000
#BONE
@NodeName ball3
@ParentName sapin
@IsCull 1
@BoneIndex 60
@TopNode NO
@IsActive 1
@IsShadow 1
$WorldTM 4 4
-0.000152 -0.999851 0.017244 0.000000
1.000000 -0.000152 0.000019 0.000000
-0.000016 0.017244 0.999851 0.000000
0.002165 3.778314 -1.054725 1.000000
$LocalTM 4 4
0.992865 -0.014258 0.118386 0.000000
0.011671 0.999678 0.022518 0.000000
-0.118669 -0.020975 0.992712 0.000000
-1.195910 0.029578 -0.036890 1.000000
#BONE
@NodeName ball3_end
@ParentName ball3
@IsCull 1
@BoneIndex 61
@TopNode NO
@IsActive 1
@IsShadow 1
$WorldTM 4 4
-0.000152 -0.999851 0.017244 0.000000
1.000000 -0.000152 0.000019 0.000000
-0.000016 0.017244 0.999851 0.000000
0.002164 3.780219 -0.944288 1.000000
$LocalTM 4 4
1.000000 0.000000 -0.000000 0.000000
-0.000000 1.000000 0.000000 0.000000
0.000000 0.000000 1.000000 0.000000
0.000000 0.000000 0.110453 1.000000
#BONE
@NodeName ball4
@ParentName sapin
@IsCull 1
@BoneIndex 62
@TopNode NO
@IsActive 1
@IsShadow 1
$WorldTM 4 4
0.000022 -0.990928 -0.134395 0.000000
1.000000 0.000020 0.000016 0.000000
-0.000013 -0.134395 0.990928 0.000000
-1.006928 3.271023 -1.061968 1.000000
$LocalTM 4 4
0.999386 -0.010747 -0.033335 0.000000
0.011501 0.999681 0.022497 0.000000
0.033083 -0.022867 0.999191 0.000000
-0.702166 -0.986011 -0.015416 1.000000
#BONE
@NodeName ball4_end
@ParentName ball4
@IsCull 1
@BoneIndex 63
@TopNode NO
@IsActive 1
@IsShadow 1
$WorldTM 4 4
0.000022 -0.990928 -0.134395 0.000000
1.000000 0.000020 0.000016 0.000000
-0.000013 -0.134395 0.990928 0.000000
-1.006930 3.254865 -0.942832 1.000000
$LocalTM 4 4
1.000000 -0.000000 0.000000 0.000000
0.000000 1.000000 -0.000000 0.000000
-0.000000 0.000000 1.000000 0.000000
0.000000 -0.000000 0.120226 1.000000
#BONE
@NodeName ball5
@ParentName sapin
@IsCull 1
@BoneIndex 64
@TopNode NO
@IsActive 1
@IsShadow 1
$WorldTM 4 4
-0.000254 -0.997306 -0.073346 0.000000
1.000000 -0.000254 -0.000003 0.000000
-0.000015 -0.073346 0.997306 0.000000
-1.207814 2.320764 -1.141884 1.000000
$LocalTM 4 4
0.999530 -0.012405 0.028024 0.000000
0.011775 0.999677 0.022506 0.000000
-0.028294 -0.022165 0.999354 0.000000
0.248918 -1.198198 -0.003201 1.000000
#BONE
@NodeName ball5_end
@ParentName ball5
@IsCull 1
@BoneIndex 65
@TopNode NO
@IsActive 1
@IsShadow 1
$WorldTM 4 4
-0.000254 -0.997306 -0.073346 0.000000
1.000000 -0.000254 -0.000003 0.000000
-0.000015 -0.073346 0.997306 0.000000
-1.207816 2.312696 -1.032181 1.000000
$LocalTM 4 4
1.000000 0.000000 -0.000000 0.000000
0.000000 1.000000 0.000000 0.000000
-0.000000 0.000000 1.000000 0.000000
0.000000 -0.000000 0.110000 1.000000
#SKIN
@NodeName weapon
@ParentName RootNode
@IsActive 1
@MeshName BossB+_0
@MaterialName BossB+_waphon
@IsShadow 1
@IsCull 1
@TopNode YES
$WorldTM 4 4
-1.000000 0.000000 -0.000000 0.000000
0.000000 1.000000 0.000000 0.000000
0.000000 0.000000 -1.000000 0.000000
0.000000 0.000000 0.000000 1.000000
$LocalTM 4 4
-1.000000 0.000000 -0.000000 0.000000
0.000000 1.000000 0.000000 0.000000
0.000000 0.000000 -1.000000 0.000000
0.000000 0.000000 0.000000 1.000000
$BoneOffset 66 16
-1.000000 -0.000016 -0.000004 0.000000 -0.000004 -0.000000 1.000000 0.000000 -0.000016 1.000000 0.000000 0.000000 0.000006 -0.119291 -1.670000 1.000000
-1.000000 -0.000021 -0.000007 0.000000 0.000004 -0.499809 0.866136 0.000000 -0.000021 0.866136 0.499809 0.000000 -0.000723 0.826646 -1.540851 1.000000
-1.000000 -0.000023 0.000001 0.000000 -0.000001 0.073785 0.997274 0.000000 -0.000023 0.997274 -0.073785 0.000000 -0.000713 -0.317379 -1.936652 1.000000
-0.999997 0.000705 0.002275 0.000000 0.002232 0.610542 0.791981 0.000000 -0.000830 0.791984 -0.610542 0.000000 -0.005579 -1.485275 -1.676176 1.000000
-1.000000 -0.000525 -0.000003 0.000000 0.000119 -0.233210 0.972426 0.000000 -0.000511 0.972426 0.233210 0.000000 -0.000316 0.618301 -2.406741 1.000000
-0.999991 -0.000081 -0.004256 0.000000 -0.003261 0.657002 0.753882 0.000000 0.002735 0.753889 -0.656996 0.000000 0.008748 -1.774340 -2.021838 1.000000
-1.000000 -0.000029 -0.000013 0.000000 -0.000014 0.022511 0.999747 0.000000 -0.000029 0.999747 -0.022511 0.000000 -0.000676 0.037287 -2.817776 1.000000
1.000000 0.000000 0.000000 0.000000 0.000000 1.000000 0.000000 0.000000 0.000000 0.000000 1.000000 0.000000 0.000000 0.000000 0.000000 1.000000
-0.006536 0.656024 0.754712 0.000000 -0.547627 0.629144 -0.551619 0.000000 -0.836697 -0.416906 0.355144 0.000000 1.416236 -1.625308 1.274660 1.000000
0.778773 0.202951 0.593569 0.000000 0.016980 0.939052 -0.343356 0.000000 -0.627076 0.277475 0.727862 0.000000 -0.154621 -2.343551 0.605458 1.000000
-0.828564 -0.511927 0.226745 0.000000 -0.438219 0.340875 -0.831726 0.000000 0.348491 -0.788502 -0.506773 0.000000 1.264129 -0.037411 1.979265 1.000000
-0.999438 0.030954 0.012853 0.000000 0.008297 0.600039 -0.799928 0.000000 -0.032473 -0.799372 -0.599959 0.000000 0.751155 -0.850388 1.307323 1.000000
-0.941948 -0.333782 0.036375 0.000000 -0.186019 0.428602 -0.884137 0.000000 0.279519 -0.839578 -0.465810 0.000000 0.966992 -0.347398 1.184559 1.000000
-0.913655 -0.300399 -0.273851 0.000000 0.126257 0.430655 -0.893641 0.000000 0.386385 -0.851056 -0.355543 0.000000 0.596027 -0.376591 1.202175 1.000000
-0.618203 -0.338882 -0.709214 0.000000 0.569187 0.429259 -0.701258 0.000000 0.542080 -0.837195 -0.072482 0.000000 -0.024511 -0.345269 1.186783 1.000000
1.000000 0.000000 0.000000 0.000000 0.000000 1.000000 0.000000 0.000000 0.000000 0.000000 1.000000 0.000000 0.000000 0.000000 0.000000 1.000000
-0.453407 -0.051559 -0.889811 0.000000 0.051560 0.995136 -0.083935 0.000000 0.889811 -0.083935 -0.448543 0.000000 0.214519 -1.439233 0.756759 1.000000
-0.461557 -0.700483 -0.544325 0.000000 0.217990 0.505221 -0.835004 0.000000 0.859911 -0.504059 -0.080490 0.000000 -0.026819 -0.338349 1.555122 1.000000
-0.110163 -0.979026 -0.171383 0.000000 0.004029 0.171991 -0.985090 0.000000 0.993905 -0.109211 -0.015002 0.000000 0.086050 0.259719 1.397102 1.000000
1.000000 0.000000 0.000000 0.000000 0.000000 1.000000 0.000000 0.000000 0.000000 0.000000 1.000000 0.000000 0.000000 0.000000 0.000000 1.000000
-0.956060 -0.245865 -0.159690 0.000000 0.094940 0.255698 -0.962084 0.000000 0.277375 -0.934970 -0.221120 0.000000 0.610503 -0.117737 1.411737 1.000000
-0.789453 -0.208624 -0.577270 0.000000 0.510496 0.299039 -0.806207 0.000000 0.340820 -0.931156 -0.129575 0.000000 0.020507 -0.194127 1.333992 1.000000
-0.466998 -0.046467 -0.883037 0.000000 0.850050 0.251484 -0.462786 0.000000 0.243574 -0.966746 -0.077943 0.000000 -0.523006 -0.253149 1.017901 1.000000
1.000000 0.000000 0.000000 0.000000 0.000000 1.000000 0.000000 0.000000 0.000000 0.000000 1.000000 0.000000 0.000000 0.000000 0.000000 1.000000
-0.864063 -0.408856 -0.293652 0.000000 0.299789 0.050662 -0.952659 0.000000 0.404378 -0.911192 0.078796 0.000000 0.267055 0.330516 1.490375 1.000000
-0.668841 0.223015 -0.709166 0.000000 0.695504 -0.149174 -0.702867 0.000000 -0.262539 -0.963334 -0.055334 0.000000 -0.252481 0.090956 1.305943 1.000000
-0.397406 0.190926 -0.897561 0.000000 0.913877 -0.006178 -0.405944 0.000000 -0.083050 -0.981585 -0.172028 0.000000 -0.648789 -0.028564 0.963992 1.000000
1.000000 0.000000 0.000000 0.000000 0.000000 1.000000 0.000000 0.000000 0.000000 0.000000 1.000000 0.000000 0.000000 0.000000 0.000000 1.000000
-0.006558 -0.656027 -0.754709 0.000000 0.547658 0.629118 -0.551617 0.000000 0.836676 -0.416940 0.355153 0.000000 -1.416311 -1.625246 1.274655 1.000000
0.778763 -0.202955 -0.593579 0.000000 -0.016980 0.939052 -0.343356 0.000000 0.627088 0.277472 0.727853 0.000000 0.154619 -2.343549 0.605458 1.000000
-0.828558 0.511939 -0.226737 0.000000 0.438219 0.340875 -0.831725 0.000000 -0.348504 -0.788494 -0.506776 0.000000 -1.264129 -0.037411 1.979264 1.000000
-0.999438 -0.030944 -0.012848 0.000000 -0.008298 0.600123 -0.799864 0.000000 0.032461 -0.799309 -0.600043 0.000000 -0.751153 -0.850528 1.307231 1.000000
-0.941944 0.333794 -0.036368 0.000000 0.186019 0.428601 -0.884136 0.000000 -0.279533 -0.839572 -0.465810 0.000000 -0.966991 -0.347397 1.184557 1.000000
-0.913650 0.300412 0.273856 0.000000 -0.126258 0.430655 -0.893641 0.000000 -0.386399 -0.851051 -0.355538 0.000000 -0.596027 -0.376591 1.202174 1.000000
-0.618194 0.338895 0.709215 0.000000 -0.569187 0.429259 -0.701257 0.000000 -0.542089 -0.837189 -0.072471 0.000000 0.024511 -0.345268 1.186782 1.000000
1.000000 0.000000 0.000000 0.000000 0.000000 1.000000 0.000000 0.000000 0.000000 0.000000 1.000000 0.000000 0.000000 0.000000 0.000000 1.000000
-0.453393 0.051560 0.889818 0.000000 -0.051561 0.995136 -0.083935 0.000000 -0.889818 -0.083935 -0.448529 0.000000 -0.214518 -1.439232 0.756759 1.000000
-0.461543 0.700490 0.544326 0.000000 -0.217990 0.505221 -0.835004 0.000000 -0.859917 -0.504048 -0.080481 0.000000 0.026820 -0.338349 1.555122 1.000000
-0.110148 0.979027 0.171384 0.000000 -0.004030 0.171992 -0.985090 0.000000 -0.993907 -0.109196 -0.014999 0.000000 -0.086050 0.259719 1.397102 1.000000
1.000000 0.000000 0.000000 0.000000 0.000000 1.000000 0.000000 0.000000 0.000000 0.000000 1.000000 0.000000 0.000000 0.000000 0.000000 1.000000
-0.956055 0.245879 0.159694 0.000000 -0.094940 0.255697 -0.962083 0.000000 -0.277389 -0.934966 -0.221117 0.000000 -0.610503 -0.117736 1.411736 1.000000
-0.789447 0.208638 0.577272 0.000000 -0.510496 0.299039 -0.806206 0.000000 -0.340832 -0.931153 -0.129566 0.000000 -0.020506 -0.194127 1.333991 1.000000
-0.466994 0.046482 0.883038 0.000000 -0.850050 0.251483 -0.462786 0.000000 -0.243580 -0.966744 -0.077929 0.000000 0.523005 -0.253148 1.017901 1.000000
1.000000 0.000000 0.000000 0.000000 0.000000 1.000000 0.000000 0.000000 0.000000 0.000000 1.000000 0.000000 0.000000 0.000000 0.000000 1.000000
-0.864056 0.408870 0.293651 0.000000 -0.299790 0.050662 -0.952659 0.000000 -0.404391 -0.911185 0.078800 0.000000 -0.267055 0.330516 1.490375 1.000000
-0.668845 -0.223001 0.709166 0.000000 -0.695503 -0.149175 -0.702867 0.000000 0.262529 -0.963336 -0.055323 0.000000 0.252481 0.090956 1.305942 1.000000
-0.397407 -0.190910 0.897564 0.000000 -0.913877 -0.006178 -0.405944 0.000000 0.083044 -0.981588 -0.172013 0.000000 0.648789 -0.028563 0.963992 1.000000
1.000000 0.000000 0.000000 0.000000 0.000000 1.000000 0.000000 0.000000 0.000000 0.000000 1.000000 0.000000 0.000000 0.000000 0.000000 1.000000
-1.000000 -0.000000 0.000008 0.000000 -0.000000 1.000000 0.000000 0.000000 -0.000008 0.000000 -1.000000 0.000000 0.000001 -2.110000 0.019291 1.000000
1.000000 0.000000 0.000000 0.000000 0.000000 1.000000 0.000000 0.000000 0.000000 0.000000 1.000000 0.000000 0.000000 0.000000 0.000000 1.000000
-1.000000 0.000022 -0.000001 0.000000 -0.000000 -0.043726 -0.999044 0.000000 -0.000022 -0.999043 0.043727 0.000000 0.000000 0.049477 1.674724 1.000000
-1.000000 0.000024 -0.000004 0.000000 -0.000003 -0.259678 -0.965695 0.000000 -0.000024 -0.965694 0.259678 0.000000 0.000003 0.298290 1.112743 1.000000
-1.000000 0.000027 -0.000010 0.000000 -0.000010 -0.635188 -0.772357 0.000000 -0.000027 -0.772357 0.635188 0.000000 0.000009 0.585641 0.569515 1.000000
1.000000 0.000000 0.000000 0.000000 0.000000 1.000000 0.000000 0.000000 0.000000 0.000000 1.000000 0.000000 0.000000 0.000000 0.000000 1.000000
-0.000018 -0.999983 -0.005907 0.000000 -0.000957 0.005907 -0.999982 0.000000 1.000000 -0.000012 -0.000957 0.000000 -1.178467 -0.015188 2.965451 1.000000
-0.011508 -0.999681 -0.022483 0.000000 -0.999533 0.012137 -0.028030 0.000000 0.028294 0.022150 -0.999354 0.000000 2.838034 -0.046575 1.283582 1.000000
-0.000053 -1.000000 0.000016 0.000000 -0.999899 0.000053 -0.014219 0.000000 0.014218 -0.000017 -0.999899 0.000000 2.594499 -1.190135 1.224185 1.000000
1.000000 0.000000 0.000000 0.000000 0.000000 1.000000 0.000000 0.000000 0.000000 0.000000 1.000000 0.000000 0.000000 0.000000 0.000000 1.000000
0.000025 -1.000000 0.000014 0.000000 -0.998116 -0.000026 -0.061353 0.000000 0.061353 -0.000012 -0.998116 0.000000 3.477546 -1.002501 1.393148 1.000000
1.000000 0.000000 0.000000 0.000000 0.000000 1.000000 0.000000 0.000000 0.000000 0.000000 1.000000 0.000000 0.000000 0.000000 0.000000 1.000000
0.000166 -1.000000 0.000015 0.000000 -0.995893 -0.000164 0.090533 0.000000 -0.090533 -0.000030 -0.995894 0.000000 4.162576 0.000685 0.833741 1.000000
1.000000 0.000000 0.000000 0.000000 0.000000 1.000000 0.000000 0.000000 0.000000 0.000000 1.000000 0.000000 0.000000 0.000000 0.000000 1.000000
-0.000008 -1.000000 0.000014 0.000000 -0.998116 0.000007 -0.061352 0.000000 0.061352 -0.000014 -0.998116 0.000000 3.484629 1.009076 1.393585 1.000000
1.000000 0.000000 0.000000 0.000000 0.000000 1.000000 0.000000 0.000000 0.000000 0.000000 1.000000 0.000000 0.000000 0.000000 0.000000 1.000000
0.000268 -1.000000 -0.000088 0.000000 -1.000000 -0.000268 0.000000 0.000000 -0.000000 0.000088 -1.000000 0.000000 2.609676 1.210577 1.187294 1.000000
1.000000 0.000000 0.000000 0.000000 0.000000 1.000000 0.000000 0.000000 0.000000 0.000000 1.000000 0.000000 0.000000 0.000000 0.000000 1.000000
#SKIN
@NodeName body
@ParentName RootNode
@IsActive 1
@MeshName BossB+_1
@MaterialName BossB+_body
@IsShadow 1
@IsCull 1
@TopNode YES
$WorldTM 4 4
-1.000000 0.000000 -0.000000 0.000000
0.000000 1.000000 0.000000 0.000000
0.000000 0.000000 -1.000000 0.000000
0.000000 0.000000 0.000000 1.000000
$LocalTM 4 4
-1.000000 0.000000 0.000000 0.000000
0.000000 1.000000 0.000000 0.000000
0.000000 0.000000 -1.000000 0.000000
0.000000 0.000000 0.000000 1.000000
#SKIN
@NodeName w1
@ParentName RootNode
@IsActive 1
@MeshName BossB+_2
@MaterialName BossB+_waphon
@IsShadow 1
@IsCull 1
@TopNode YES
$WorldTM 4 4
-1.000000 0.000000 -0.000000 0.000000
0.000000 1.000000 0.000000 0.000000
0.000000 0.000000 -1.000000 0.000000
0.000000 0.000000 0.000000 1.000000
$LocalTM 4 4
-1.000000 0.000000 -0.000000 0.000000
0.000000 1.000000 0.000000 0.000000
0.000000 0.000000 -1.000000 0.000000
0.000000 0.000000 0.000000 1.000000
#SKIN
@NodeName w2
@ParentName RootNode
@IsActive 1
@MeshName BossB+_3
@MaterialName BossB+_waphon
@IsShadow 1
@IsCull 1
@TopNode YES
$WorldTM 4 4
-1.000000 0.000000 -0.000000 0.000000
0.000000 1.000000 0.000000 0.000000
0.000000 0.000000 -1.000000 0.000000
0.000000 0.000000 0.000000 1.000000
$LocalTM 4 4
-1.000000 0.000000 -0.000000 0.000000
0.000000 1.000000 0.000000 0.000000
0.000000 0.000000 -1.000000 0.000000
0.000000 0.000000 0.000000 1.000000
#SKIN
@NodeName w3
@ParentName RootNode
@IsActive 1
@MeshName BossB+_4
@MaterialName BossB+_waphon
@IsShadow 1
@IsCull 1
@TopNode YES
$WorldTM 4 4
-1.000000 0.000000 -0.000000 0.000000
0.000000 1.000000 0.000000 0.000000
