#BONE
@NodeName Bone
@ParentName Armature
@BoneIndex 0
@TopNode YES
$WorldTM 4 4
1.000000 -0.000004 0.000016 0.000000
0.000016 -0.000000 -1.000000 0.000000
0.000004 1.000000 -0.000000 0.000000
0.000002 1.670325 -0.119291 1.000000
$LocalTM 4 4
-1.000000 -0.000004 -0.000016 0.000000
-0.000016 -0.000000 1.000000 0.000000
-0.000004 1.000000 0.000000 0.000000
-0.000002 1.670325 0.119291 1.000000
#BONE
@NodeName spine.003
@ParentName Bone
@BoneIndex 1
@TopNode NO
$WorldTM 4 4
1.000000 0.000004 0.000021 0.000000
0.000021 -0.499809 -0.866136 0.000000
0.000007 0.866136 -0.499809 0.000000
0.000717 1.748076 -0.054144 1.000000
$LocalTM 4 4
1.000000 -0.000006 0.000008 0.000000
0.000009 0.866136 -0.499809 0.000000
-0.000004 0.499809 0.866136 0.000000
0.000716 -0.065147 0.077751 1.000000
#BONE
@NodeName spine.002
@ParentName spine.003
@BoneIndex 2
@TopNode NO
$WorldTM 4 4
1.000000 -0.000000 0.000023 0.000000
0.000023 0.041306 -0.999147 0.000000
-0.000001 0.999147 0.041306 0.000000
0.000719 1.955116 -0.173617 1.000000
$LocalTM 4 4
1.000000 0.000001 -0.000005 0.000000
0.000002 0.844752 0.535159 0.000000
0.000004 -0.535159 0.844751 0.000000
-0.000000 0.000000 0.239038 1.000000
#BONE
@NodeName spine.001
@ParentName spine.002
@BoneIndex 3
@TopNode NO
$WorldTM 4 4
0.999997 0.002258 0.000757 0.000000
-0.000705 0.584456 -0.811425 0.000000
-0.002275 0.811422 0.584456 0.000000
0.000718 2.235184 -0.162039 1.000000
$LocalTM 4 4
0.999997 -0.000640 0.002286 0.000000
-0.000724 0.834874 0.550441 0.000000
-0.002261 -0.550441 0.834871 0.000000
-0.000000 -0.000000 0.280307 1.000000
#BONE
@NodeName neck2
@ParentName spine.001
@BoneIndex 4
@TopNode NO
$WorldTM 4 4
1.000000 0.000087 0.000518 0.000000
0.000525 -0.169609 -0.985511 0.000000
0.000002 0.985511 -0.169609 0.000000
-0.000000 2.491565 0.022629 1.000000
$LocalTM 4 4
0.999998 -0.001075 -0.001902 0.000000
-0.000604 0.700539 -0.713613 0.000000
0.002099 0.713613 0.700537 0.000000
0.000000 0.000000 0.315965 1.000000
#BONE
@NodeName neck1
@ParentName neck2
@BoneIndex 5
@TopNode NO
$WorldTM 4 4
0.999991 -0.003076 -0.002941 0.000000
0.000080 0.704543 -0.709661 0.000000
0.004255 0.709654 0.704537 0.000000
0.000000 2.699757 -0.013202 1.000000
$LocalTM 4 4
0.999989 0.003945 -0.002530 0.000000
-0.000227 0.579882 0.814701 0.000000
0.004682 -0.814691 0.579876 0.000000
-0.000000 -0.000000 0.211253 1.000000
#BONE
@NodeName head
@ParentName neck1
@BoneIndex 6
@TopNode NO
$WorldTM 4 4
1.000000 -0.000015 0.000028 0.000000
0.000029 0.087346 -0.996178 0.000000
0.000012 0.996178 0.087346 0.000000
0.000712 2.818573 0.104758 1.000000
$LocalTM 4 4
0.999991 0.000049 0.004264 0.000000
0.002691 0.768488 -0.639859 0.000000
-0.003309 0.639865 0.768480 0.000000
0.000000 0.000000 0.167429 1.000000
#BONE
@NodeName head_end
@ParentName head
@BoneIndex 7
@TopNode NO
$WorldTM 4 4
1.000000 -0.000015 0.000028 0.000000
0.000029 0.087346 -0.996178 0.000000
0.000012 0.996178 0.087346 0.000000
0.000714 2.927086 0.114273 1.000000
$LocalTM 4 4
1.000000 -0.000000 -0.000000 0.000000
-0.000000 1.000000 0.000000 0.000000
-0.000000 0.000000 1.000000 0.000000
0.000000 0.000000 0.108930 1.000000
#BONE
@NodeName shoulder.L
@ParentName spine.001
@BoneIndex 8
@TopNode NO
$WorldTM 4 4
0.006536 -0.520119 0.854068 0.000000
-0.656025 0.642372 0.396219 0.000000
-0.754710 -0.562880 -0.337013 0.000000
-0.113498 2.505151 -0.072512 1.000000
$LocalTM 4 4
0.006008 -0.997004 0.077114 0.000000
-0.654273 0.054399 0.754299 0.000000
-0.756234 -0.054985 -0.651986 0.000000
-0.113538 0.085220 0.271642 1.000000
#BONE
@NodeName arm.L
@ParentName shoulder.L
@BoneIndex 9
@TopNode NO
$WorldTM 4 4
-0.778773 0.070601 0.623319 0.000000
-0.294396 0.836293 -0.462541 0.000000
-0.553934 -0.543717 -0.630498 0.000000
-0.236658 2.413296 -0.127509 1.000000
$LocalTM 4 4
0.490547 0.803218 0.337942 0.000000
-0.831938 0.547075 -0.092666 0.000000
-0.259311 -0.235690 0.936594 0.000000
0.000000 0.000000 0.163189 1.000000
#BONE
@NodeName forearm.L
@ParentName arm.L
@BoneIndex 10
@TopNode NO
$WorldTM 4 4
0.893007 -0.448966 -0.031103 0.000000
0.148411 0.228540 0.962155 0.000000
-0.424867 -0.863828 0.270719 0.000000
-0.556580 2.099274 -0.491650 1.000000
$LocalTM 4 4
-0.746535 -0.623979 -0.230946 0.000000
0.500287 -0.297602 -0.813109 0.000000
0.438633 -0.722553 0.534338 0.000000
0.000000 0.000000 0.577545 1.000000
#BONE
@NodeName hand.L
@ParentName forearm.L
@BoneIndex 11
@TopNode NO
$WorldTM 4 4
0.610572 -0.233718 0.756688 0.000000
-0.456057 0.677374 0.577214 0.000000
-0.647466 -0.697524 0.306997 0.000000
-0.895323 1.410552 -0.275808 1.000000
$LocalTM 4 4
0.626643 0.765254 0.147331 0.000000
-0.729333 0.642493 -0.235108 0.000000
-0.274577 0.039876 0.960738 0.000000
0.000000 -0.000000 0.797291 1.000000
#BONE
@NodeName s1.L
@ParentName hand.L
@BoneIndex 12
@TopNode NO
$WorldTM 4 4
0.770800 -0.420982 0.478163 0.000000
-0.274764 0.457489 0.845700 0.000000
-0.574779 -0.783247 0.236962 0.000000
-1.035235 1.257528 -0.195039 1.000000
$LocalTM 4 4
0.930842 -0.360689 -0.058627 0.000000
0.365244 0.923349 0.118418 0.000000
0.011421 -0.131642 0.991232 0.000000
0.011455 0.006775 0.222122 1.000000
#BONE
@NodeName s2.L
@ParentName s1.L
@BoneIndex 13
@TopNode NO
$WorldTM 4 4
0.911466 -0.110827 0.396165 0.000000
-0.296150 0.491636 0.818895 0.000000
-0.285524 -0.863719 0.415288 0.000000
-1.174905 1.067200 -0.137457 1.000000
$LocalTM 4 4
0.938646 0.033897 -0.343211 0.000000
-0.043677 0.998829 -0.020805 0.000000
0.342104 0.034519 0.939027 0.000000
0.000000 -0.000000 0.242998 1.000000
#BONE
@NodeName s3.L
@ParentName s2.L
@BoneIndex 14
@TopNode NO
$WorldTM 4 4
0.901724 0.431269 0.029990 0.000000
-0.264885 0.496349 0.826724 0.000000
0.341655 -0.753421 0.561806 0.000000
-1.228211 0.905947 -0.059924 1.000000
$LocalTM 4 4
0.785976 -0.030460 -0.617505 0.000000
0.031077 0.999469 -0.009746 0.000000
0.617475 -0.011530 0.786506 0.000000
-0.000000 0.000000 0.186697 1.000000
#BONE
@NodeName s3.L_end
@ParentName s3.L
@BoneIndex 15
@TopNode NO
$WorldTM 4 4
0.901724 0.431269 0.029990 0.000000
-0.264885 0.496349 0.826724 0.000000
0.341655 -0.753421 0.561806 0.000000
-1.111311 0.648157 0.132303 1.000000
$LocalTM 4 4
1.000000 0.000000 -0.000000 0.000000
0.000000 1.000000 -0.000000 0.000000
-0.000000 0.000000 1.000000 0.000000
0.000000 0.000000 0.342159 1.000000
#BONE
@NodeName F1.L
@ParentName hand.L
@BoneIndex 16
@TopNode NO
$WorldTM 4 4
0.928155 -0.238186 -0.285997 0.000000
0.192716 0.964938 -0.178199 0.000000
0.318414 0.110280 0.941515 0.000000
-0.942741 1.343009 -0.169542 1.000000
$LocalTM 4 4
0.405964 -0.749715 -0.522609 0.000000
-0.242698 0.462876 -0.852551 0.000000
0.881074 0.472941 0.005957 0.000000
0.067243 0.037212 0.110438 1.000000
#BONE
@NodeName f2.L
@ParentName F1.L
@BoneIndex 17
@TopNode NO
$WorldTM 4 4
0.922015 -0.116134 -0.369324 0.000000
0.261646 0.890038 0.373327 0.000000
0.285357 -0.440845 0.851015 0.000000
-0.907198 1.355319 -0.064444 1.000000
$LocalTM 4 4
0.989061 0.131439 -0.066948 0.000000
-0.075917 0.842729 0.532959 0.000000
0.126471 -0.522046 0.843489 0.000000
0.000000 -0.000000 0.111627 1.000000
#BONE
@NodeName f3.L
@ParentName f2.L
@BoneIndex 18
@TopNode NO
$WorldTM 4 4
0.666230 -0.496029 -0.556859 0.000000
0.734041 0.567964 0.372291 0.000000
0.131609 -0.656789 0.742501 0.000000
-0.857965 1.279259 0.082384 1.000000
$LocalTM 4 4
0.877542 -0.475059 -0.065110 0.000000
0.473342 0.836555 0.275904 0.000000
-0.076602 -0.272937 0.958978 0.000000
0.000000 0.000000 0.172533 1.000000
#BONE
@NodeName f3.L_end
@ParentName f3.L
@BoneIndex 19
@TopNode NO
$WorldTM 4 4
0.666230 -0.496029 -0.556859 0.000000
0.734041 0.567964 0.372291 0.000000
0.131609 -0.656789 0.742501 0.000000
-0.839718 1.188200 0.185325 1.000000
$LocalTM 4 4
1.000000 0.000000 -0.000000 0.000000
-0.000000 1.000000 0.000000 0.000000
-0.000000 0.000000 1.000000 0.000000
0.000000 0.000000 0.138642 1.000000
#BONE
@NodeName t1.L
@ParentName hand.L
@BoneIndex 20
@TopNode NO
$WorldTM 4 4
0.854524 -0.158546 0.494621 0.000000
-0.439200 0.287822 0.851035 0.000000
-0.277291 -0.944468 0.176317 0.000000
-1.032785 1.215143 -0.249182 1.000000
$LocalTM 4 4
0.933078 -0.211605 -0.290839 0.000000
0.308535 0.886493 0.344870 0.000000
0.184851 -0.411525 0.892456 0.000000
-0.018113 -0.054305 0.233479 1.000000
#BONE
@NodeName t2.L
@ParentName t1.L
@BoneIndex 21
@TopNode NO
$WorldTM 4 4
0.894441 0.285170 0.344460 0.000000
-0.430949 0.344000 0.834233 0.000000
0.119404 -0.894618 0.430582 0.000000
-1.092532 1.011642 -0.211192 1.000000
$LocalTM 4 4
0.889487 -0.017613 -0.456621 0.000000
-0.010167 0.998247 -0.058309 0.000000
0.456848 0.056508 0.887749 0.000000
0.000000 0.000000 0.215466 1.000000
#BONE
@NodeName t3.L
@ParentName t2.L
@BoneIndex 22
@TopNode NO
$WorldTM 4 4
0.643852 0.752656 0.137706 0.000000
-0.566342 0.347763 0.747206 0.000000
0.514500 -0.559079 0.650169 0.000000
-1.071243 0.852137 -0.134421 1.000000
$LocalTM 4 4
0.837958 0.096326 -0.537167 0.000000
-0.150006 0.987041 -0.057005 0.000000
0.524715 0.128346 0.841548 0.000000
-0.000000 0.000000 0.178295 1.000000
#BONE
@NodeName t3.L_end
@ParentName t3.L
@BoneIndex 23
@TopNode NO
$WorldTM 4 4
0.643852 0.752656 0.137706 0.000000
-0.566342 0.347763 0.747206 0.000000
0.514500 -0.559079 0.650169 0.000000
-0.887692 0.652682 0.097530 1.000000
$LocalTM 4 4
1.000000 0.000000 -0.000000 0.000000
0.000000 1.000000 0.000000 0.000000
-0.000000 0.000000 1.000000 0.000000
0.000000 0.000000 0.356756 1.000000
#BONE
@NodeName l1.L
@ParentName hand.L
@BoneIndex 24
@TopNode NO
$WorldTM 4 4
0.940034 0.059851 0.335789 0.000000
-0.334166 -0.035629 0.941840 0.000000
0.068334 -0.997571 -0.013493 0.000000
-1.017586 1.208813 -0.295977 1.000000
$LocalTM 4 4
0.814058 -0.194345 -0.547302 0.000000
0.516974 0.671908 0.530356 0.000000
0.264664 -0.714682 0.647444 0.000000
-0.042762 -0.092535 0.213688 1.000000
#BONE
@NodeName l2.L
@ParentName l1.L
@BoneIndex 25
@TopNode NO
$WorldTM 4 4
0.443393 0.549813 0.707889 0.000000
-0.826531 -0.054741 0.560223 0.000000
0.346769 -0.833491 0.430166 0.000000
-1.002097 0.982691 -0.299035 1.000000
$LocalTM 4 4
0.687413 0.498962 -0.527731 0.000000
-0.592127 0.805790 -0.009431 0.000000
0.420534 0.318967 0.849359 0.000000
-0.000000 0.000000 0.226672 1.000000
#BONE
@NodeName l3.L
@ParentName l2.L
@BoneIndex 26
@TopNode NO
$WorldTM 4 4
0.367560 0.875021 0.315020 0.000000
-0.770994 0.097281 0.629369 0.000000
0.520065 -0.474209 0.710392 0.000000
-0.941408 0.836820 -0.223751 1.000000
$LocalTM 4 4
0.867072 -0.175218 -0.466353 0.000000
0.157156 0.984512 -0.077706 0.000000
0.472746 -0.005913 0.881179 0.000000
0.000000 0.000000 0.175012 1.000000
#BONE
@NodeName l3.L_end
@ParentName l3.L
@BoneIndex 27
@TopNode NO
$WorldTM 4 4
0.367560 0.875021 0.315020 0.000000
-0.770994 0.097281 0.629369 0.000000
0.520065 -0.474209 0.710392 0.000000
-0.787891 0.696840 -0.014052 1.000000
$LocalTM 4 4
1.000000 -0.000000 0.000000 0.000000
0.000000 1.000000 -0.000000 0.000000
-0.000000 -0.000000 1.000000 0.000000
0.000000 -0.000000 0.295188 1.000000
#BONE
@NodeName shoulder.R
@ParentName spine.001
@BoneIndex 28
@TopNode NO
$WorldTM 4 4
0.006558 0.520152 -0.854049 0.000000
0.656029 0.642346 0.396254 0.000000
0.754707 -0.562879 -0.337022 0.000000
0.113500 2.505151 -0.072507 1.000000
$LocalTM 4 4
0.007086 0.996998 -0.077106 0.000000
0.657778 0.053430 0.751315 0.000000
0.753179 -0.056042 -0.655424 0.000000
0.113458 0.085056 0.271129 1.000000
#BONE
@NodeName arm.R
@ParentName shoulder.R
@BoneIndex 29
@TopNode NO
$WorldTM 4 4
-0.778765 -0.070600 -0.623331 0.000000
0.294404 0.836293 -0.462536 0.000000
0.553942 -0.543718 -0.630491 0.000000
0.236660 2.413295 -0.127505 1.000000
$LocalTM 4 4
0.490525 -0.803239 -0.337924 0.000000
0.831959 0.547046 -0.092659 0.000000
0.259287 -0.235687 0.936601 0.000000
-0.000000 0.000000 0.163190 1.000000
#BONE
@NodeName forearm.R
@ParentName arm.R
@BoneIndex 30
@TopNode NO
$WorldTM 4 4
0.893007 0.448965 0.031116 0.000000
-0.148425 0.228540 0.962154 0.000000
0.424862 -0.863829 0.270725 0.000000
0.556587 2.099273 -0.491642 1.000000
$LocalTM 4 4
-0.746535 0.623979 0.230946 0.000000
-0.500287 -0.297602 -0.813109 0.000000
-0.438633 -0.722553 0.534339 0.000000
-0.000000 -0.000000 0.577545 1.000000
#BONE
@NodeName hand.R
@ParentName forearm.R
@BoneIndex 31
@TopNode NO
$WorldTM 4 4
0.610575 0.233674 -0.756700 0.000000
0.456016 0.677450 0.577157 0.000000
0.647493 -0.697466 0.307075 0.000000
0.895326 1.410550 -0.275795 1.000000
$LocalTM 4 4
0.626614 -0.765282 -0.147302 0.000000
0.729336 0.642454 -0.235205 0.000000
0.274633 0.039951 0.960719 0.000000
0.000000 0.000000 0.797291 1.000000
#BONE
@NodeName s1.R
@ParentName hand.R
@BoneIndex 32
@TopNode NO
$WorldTM 4 4
0.770813 0.420942 -0.478180 0.000000
0.274784 0.457504 0.845685 0.000000
0.574754 -0.783261 0.236982 0.000000
1.035233 1.257524 -0.195022 1.000000
$LocalTM 4 4
0.930841 0.360685 0.058666 0.000000
-0.365247 0.923336 0.118516 0.000000
-0.011422 -0.131747 0.991218 0.000000
-0.011455 0.006751 0.222123 1.000000
#BONE
@NodeName s2.R
@ParentName s1.R
@BoneIndex 33
@TopNode NO
$WorldTM 4 4
0.911468 0.110783 -0.396173 0.000000
0.296171 0.491650 0.818879 0.000000
0.285496 -0.863717 0.415313 0.000000
1.174897 1.067194 -0.137436 1.000000
$LocalTM 4 4
0.938647 -0.033897 0.343212 0.000000
0.043677 0.998829 -0.020805 0.000000
-0.342104 0.034519 0.939028 0.000000
0.000000 0.000000 0.242998 1.000000
#BONE
@NodeName s3.R
@ParentName s2.R
@BoneIndex 34
@TopNode NO
$WorldTM 4 4
0.901709 -0.431302 -0.029981 0.000000
0.264906 0.496364 0.826709 0.000000
-0.341679 -0.753393 0.561831 0.000000
1.228198 0.905941 -0.059899 1.000000
$LocalTM 4 4
0.785976 0.030460 0.617506 0.000000
-0.031077 0.999469 -0.009746 0.000000
-0.617475 -0.011530 0.786506 0.000000
0.000000 0.000000 0.186697 1.000000
#BONE
@NodeName s3.R_end
@ParentName s3.R
@BoneIndex 35
@TopNode NO
$WorldTM 4 4
0.901709 -0.431302 -0.029981 0.000000
0.264906 0.496364 0.826709 0.000000
-0.341679 -0.753393 0.561831 0.000000
1.111290 0.648160 0.132337 1.000000
$LocalTM 4 4
1.000000 -0.000000 -0.000000 0.000000
0.000000 1.000000 0.000000 0.000000
-0.000000 0.000000 1.000000 0.000000
-0.000000 0.000000 0.342159 1.000000
#BONE
@NodeName F1.R
@ParentName hand.R
@BoneIndex 36
@TopNode NO
$WorldTM 4 4
0.918706 0.235785 0.316835 0.000000
-0.186685 0.966211 -0.177723 0.000000
-0.348034 0.104127 0.931681 0.000000
0.942743 1.343009 -0.169528 1.000000
$LocalTM 4 4
0.376287 0.761542 0.527696 0.000000
0.246276 0.466853 -0.849350 0.000000
-0.893172 0.449558 -0.011879 0.000000
-0.067243 0.037200 0.110442 1.000000
#BONE
@NodeName f2.R
@ParentName F1.R
@BoneIndex 37
@TopNode NO
$WorldTM 4 4
0.901118 0.093628 0.423344 0.000000
-0.267186 0.888891 0.372134 0.000000
-0.341464 -0.448448 0.826012 0.000000
0.903893 1.354633 -0.065527 1.000000
$LocalTM 4 4
0.984069 -0.152999 0.090551 0.000000
0.082027 0.842599 0.532258 0.000000
-0.157733 -0.516351 0.841726 0.000000
-0.000000 -0.000000 0.111627 1.000000
#BONE
@NodeName f3.R
@ParentName f2.R
@BoneIndex 38
@TopNode NO
$WorldTM 4 4
0.637698 0.456522 0.620425 0.000000
-0.743017 0.576976 0.339153 0.000000
-0.203140 -0.677264 0.707140 0.000000
0.844979 1.277261 0.076987 1.000000
$LocalTM 4 4
0.880038 0.466296 0.090001 0.000000
-0.471947 0.837603 0.275114 0.000000
0.052899 -0.284587 0.957189 0.000000
-0.000000 0.000000 0.172533 1.000000
#BONE
@NodeName f3.R_end
@ParentName f3.R
@BoneIndex 39
@TopNode NO
$WorldTM 4 4
0.637698 0.456522 0.620425 0.000000
-0.743017 0.576976 0.339153 0.000000
-0.203140 -0.677264 0.707140 0.000000
0.816815 1.183364 0.175026 1.000000
$LocalTM 4 4
1.000000 -0.000000 -0.000000 0.000000
0.000000 1.000000 0.000000 0.000000
0.000000 0.000000 1.000000 0.000000
0.000000 0.000000 0.138642 1.000000
#BONE
@NodeName t1.R
@ParentName hand.R
@BoneIndex 40
@TopNode NO
$WorldTM 4 4
0.854527 0.158502 -0.494630 0.000000
0.439214 0.287832 0.851025 0.000000
0.277259 -0.944473 0.176344 0.000000
1.032782 1.215138 -0.249164 1.000000
$LocalTM 4 4
0.933078 0.211576 0.290862 0.000000
-0.308538 0.886456 0.344964 0.000000
-0.184851 -0.411620 0.892412 0.000000
0.018113 -0.054330 0.233473 1.000000
#BONE
@NodeName t2.R
@ParentName t1.R
@BoneIndex 41
@TopNode NO
$WorldTM 4 4
0.894429 -0.285212 -0.344456 0.000000
0.430965 0.344010 0.834221 0.000000
-0.119434 -0.894601 0.430609 0.000000
1.092522 1.011637 -0.211168 1.000000
$LocalTM 4 4
0.889487 0.017613 0.456622 0.000000
0.010167 0.998247 -0.058309 0.000000
-0.456848 0.056508 0.887748 0.000000
0.000000 0.000000 0.215466 1.000000
#BONE
@NodeName t3.R
@ParentName t2.R
@BoneIndex 42
@TopNode NO
$WorldTM 4 4
0.643825 -0.752683 -0.137687 0.000000
0.566358 0.347765 0.747193 0.000000
-0.514517 -0.559042 0.650188 0.000000
1.071228 0.852134 -0.134393 1.000000
$LocalTM 4 4
0.837958 -0.096325 0.537167 0.000000
0.150005 0.987041 -0.057005 0.000000
-0.524715 0.128346 0.841548 0.000000
-0.000000 -0.000000 0.178295 1.000000
#BONE
@NodeName t3.R_end
@ParentName t3.R
@BoneIndex 43
@TopNode NO
$WorldTM 4 4
0.643825 -0.752683 -0.137687 0.000000
0.566358 0.347765 0.747193 0.000000
-0.514517 -0.559042 0.650188 0.000000
0.887671 0.652693 0.097565 1.000000
$LocalTM 4 4
1.000000 0.000000 -0.000000 0.000000
-0.000000 1.000000 0.000000 0.000000
0.000000 -0.000000 1.000000 0.000000
-0.000000 0.000000 0.356756 1.000000
#BONE
@NodeName l1.R
@ParentName hand.R
@BoneIndex 44
@TopNode NO
$WorldTM 4 4
0.940030 -0.059894 -0.335792 0.000000
0.334169 -0.035614 0.941840 0.000000
-0.068369 -0.997569 -0.013463 0.000000
1.017583 1.208807 -0.295959 1.000000
$LocalTM 4 4
0.814057 0.194289 0.547324 0.000000
-0.516977 0.671850 0.530427 0.000000
-0.264663 -0.714751 0.647367 0.000000
0.042762 -0.092558 0.213678 1.000000
#BONE
@NodeName l2.R
@ParentName l1.R
@BoneIndex 45
@TopNode NO
$WorldTM 4 4
0.443371 -0.549850 -0.707875 0.000000
0.826532 -0.054754 0.560221 0.000000
-0.346796 -0.833466 0.430192 0.000000
1.002085 0.982686 -0.299010 1.000000
$LocalTM 4 4
0.687413 -0.498962 0.527731 0.000000
0.592127 0.805790 -0.009431 0.000000
-0.420534 0.318966 0.849359 0.000000
0.000000 0.000000 0.226672 1.000000
#BONE
@NodeName l3.R
@ParentName l2.R
@BoneIndex 46
@TopNode NO
$WorldTM 4 4
0.367528 -0.875043 -0.314996 0.000000
0.771000 0.097273 0.629363 0.000000
-0.520078 -0.474170 0.710408 0.000000
0.941392 0.836819 -0.223722 1.000000
$LocalTM 4 4
0.867071 0.175219 0.466353 0.000000
-0.157157 0.984512 -0.077707 0.000000
-0.472746 -0.005913 0.881179 0.000000
-0.000000 -0.000000 0.175012 1.000000
#BONE
@NodeName l3.R_end
@ParentName l3.R
@BoneIndex 47
@TopNode NO
$WorldTM 4 4
0.367528 -0.875043 -0.314996 0.000000
0.771000 0.097273 0.629363 0.000000
-0.520078 -0.474170 0.710408 0.000000
0.787871 0.696850 -0.014018 1.000000
$LocalTM 4 4
1.000000 0.000000 0.000000 0.000000
0.000000 1.000000 -0.000000 0.000000
-0.000000 -0.000000 1.000000 0.000000
0.000000 0.000000 0.295188 1.000000
#BONE
@NodeName inner
@ParentName spine.003
@BoneIndex 48
@TopNode NO
$WorldTM 4 4
1.000000 -0.000000 0.000008 0.000000
0.000000 1.000000 0.000000 0.000000
-0.000008 -0.000000 1.000000 0.000000
-0.000000 2.096407 -0.017418 1.000000
$LocalTM 4 4
1.000000 0.000013 0.000003 0.000000
0.000004 -0.499809 0.866135 0.000000
0.000013 -0.866135 -0.499809 0.000000
-0.000715 -0.205908 0.283346 1.000000
#BONE
@NodeName inner_end
@ParentName inner
@BoneIndex 49
@TopNode NO
$WorldTM 4 4
1.000000 -0.000000 0.000008 0.000000
0.000000 1.000000 0.000000 0.000000
-0.000008 -0.000000 1.000000 0.000000
-0.000001 2.096407 0.072582 1.000000
$LocalTM 4 4
1.000000 0.000000 0.000000 0.000000
0.000000 1.000000 0.000000 0.000000
0.000000 -0.000000 1.000000 0.000000
0.000000 0.000000 0.090000 1.000000
#BONE
@NodeName spine.004
@ParentName Bone
@BoneIndex 50
@TopNode NO
$WorldTM 4 4
1.000000 -0.000000 0.000022 0.000000
-0.000022 -0.043726 0.999044 0.000000
0.000001 -0.999043 -0.043726 0.000000
-0.000000 1.675610 0.023800 1.000000
$LocalTM 4 4
1.000000 -0.000006 0.000003 0.000000
-0.000006 -0.999044 -0.043727 0.000000
0.000004 0.043726 -0.999043 0.000000
0.000000 -0.143091 0.005285 1.000000
#BONE
@NodeName spine.005
@ParentName spine.004
@BoneIndex 51
@TopNode NO
$WorldTM 4 4
1.000000 -0.000003 0.000024 0.000000
-0.000024 -0.259678 0.965696 0.000000
0.000004 -0.965695 -0.259679 0.000000
0.000000 1.152355 0.000898 1.000000
$LocalTM 4 4
1.000000 0.000003 0.000002 0.000000
-0.000003 0.976126 0.217204 0.000000
-0.000002 -0.217204 0.976126 0.000000
0.000000 0.000000 0.523756 1.000000
#BONE
@NodeName spine.006
@ParentName spine.005
@BoneIndex 52
@TopNode NO
$WorldTM 4 4
1.000000 -0.000010 0.000027 0.000000
-0.000027 -0.635188 0.772358 0.000000
0.000010 -0.772357 -0.635189 0.000000
0.000001 0.812186 -0.090575 1.000000
$LocalTM 4 4
1.000000 0.000004 0.000006 0.000000
-0.000007 0.910806 0.412834 0.000000
-0.000004 -0.412834 0.910806 0.000000
-0.000000 -0.000000 0.352253 1.000000
#BONE
@NodeName spine.006_end
@ParentName spine.006
@BoneIndex 53
@TopNode NO
$WorldTM 4 4
1.000000 -0.000010 0.000027 0.000000
-0.000027 -0.635188 0.772358 0.000000
0.000010 -0.772357 -0.635189 0.000000
0.000006 0.400325 -0.429291 1.000000
$LocalTM 4 4
1.000000 -0.000000 -0.000000 0.000000
-0.000000 1.000000 -0.000000 0.000000
0.000000 0.000000 1.000000 0.000000
0.000000 0.000000 0.533253 1.000000
#BONE
@NodeName bone
@ParentName Bone
@BoneIndex 54
@TopNode NO
$WorldTM 4 4
0.000017 -0.000957 -0.999999 0.000000
0.999982 0.005920 0.000012 0.000000
0.005920 -0.999982 0.000957 0.000000
-0.002308 2.964684 -1.181303 1.000000
$LocalTM 4 4
0.000002 0.999999 -0.000957 0.000000
0.999982 0.000004 0.005924 0.000000
0.005924 -0.000957 -0.999982 0.000000
-0.002332 1.062012 1.294359 1.000000
#BONE
@NodeName sapin
@ParentName bone
@BoneIndex 55
@TopNode NO
$WorldTM 4 4
0.011521 -0.999533 -0.028294 0.000000
0.999681 0.012150 -0.022150 0.000000
0.022484 -0.028030 0.999354 0.000000
-0.014958 2.873579 -1.203485 1.000000
$LocalTM 4 4
0.029250 0.005603 0.999556 0.000000
0.022156 0.999735 -0.006253 0.000000
-0.999327 0.022329 0.029118 0.000000
0.022269 -0.013189 0.091007 1.000000
#BONE
@NodeName ball1
@ParentName sapin
@BoneIndex 56
@TopNode NO
$WorldTM 4 4
0.000066 -0.999899 -0.014218 0.000000
1.000000 0.000066 0.000017 0.000000
-0.000016 -0.014218 0.999899 0.000000
1.190023 2.612047 -1.187151 1.000000
$LocalTM 4 4
0.999835 -0.011768 0.013819 0.000000
0.011455 0.999681 0.022499 0.000000
-0.014079 -0.022337 0.999651 0.000000
0.274831 1.201056 0.050747 1.000000
#BONE
@NodeName ball1_end
@ParentName ball1
@BoneIndex 57
@TopNode NO
$WorldTM 4 4
0.000066 -0.999899 -0.014218 0.000000
1.000000 0.000066 0.000017 0.000000
-0.000016 -0.014218 0.999899 0.000000
1.190021 2.610341 -1.067151 1.000000
$LocalTM 4 4
1.000000 0.000000 0.000000 0.000000
0.000000 1.000000 0.000000 0.000000
-0.000000 -0.000000 1.000000 0.000000
-0.000000 0.000000 0.120012 1.000000
#BONE
@NodeName ball2
@ParentName sapin
@BoneIndex 58
@TopNode NO
$WorldTM 4 4
-0.000012 -0.998116 -0.061352 0.000000
1.000000 -0.000013 0.000012 0.000000
-0.000013 -0.061352 0.998116 0.000000
1.002600 3.556780 -1.177154 1.000000
$LocalTM 4 4
0.999386 -0.010780 -0.033336 0.000000
0.011534 0.999680 0.022496 0.000000
0.033083 -0.022867 0.999191 0.000000
-0.671903 1.024951 0.030043 1.000000
#BONE
@NodeName ball2_end
@ParentName ball2
@BoneIndex 59
@TopNode NO
$WorldTM 4 4
-0.000012 -0.998116 -0.061352 0.000000
1.000000 -0.000013 0.000012 0.000000
-0.000013 -0.061352 0.998116 0.000000
1.002599 3.549403 -1.057155 1.000000
$LocalTM 4 4
1.000000 0.000000 -0.000000 0.000000
-0.000000 1.000000 0.000000 0.000000
0.000000 -0.000000 1.000000 0.000000
0.000000 0.000000 0.120226 1.000000
#BONE
@NodeName ball3
@ParentName sapin
@BoneIndex 60
@TopNode NO
$WorldTM 4 4
-0.000153 -0.995893 0.090534 0.000000
1.000000 -0.000151 0.000030 0.000000
-0.000016 0.090534 0.995893 0.000000
0.000004 4.070325 -1.207170 1.000000
$LocalTM 4 4
0.992865 -0.014258 0.118386 0.000000
0.011671 0.999678 0.022518 0.000000
-0.118669 -0.020975 0.992712 0.000000
-1.195911 0.029578 -0.036889 1.000000
#BONE
@NodeName ball3_end
@ParentName ball3
@BoneIndex 61
@TopNode NO
$WorldTM 4 4
-0.000153 -0.995893 0.090534 0.000000
1.000000 -0.000151 0.000030 0.000000
-0.000016 0.090534 0.995893 0.000000
0.000002 4.080325 -1.097170 1.000000
$LocalTM 4 4
1.000000 -0.000000 -0.000000 0.000000
0.000000 1.000000 -0.000000 0.000000
0.000000 0.000000 1.000000 0.000000
0.000000 0.000000 0.110453 1.000000
#BONE
@NodeName ball4
@ParentName sapin
@BoneIndex 62
@TopNode NO
$WorldTM 4 4
0.000021 -0.998116 -0.061352 0.000000
1.000000 0.000020 0.000014 0.000000
-0.000013 -0.061352 0.998116 0.000000
-1.009091 3.563870 -1.177184 1.000000
$LocalTM 4 4
0.999386 -0.010747 -0.033335 0.000000
0.011501 0.999681 0.022497 0.000000
0.033083 -0.022867 0.999191 0.000000
-0.702166 -0.986012 -0.015416 1.000000
#BONE
@NodeName ball4_end
@ParentName ball4
@BoneIndex 63
@TopNode NO
$WorldTM 4 4
0.000021 -0.998116 -0.061352 0.000000
1.000000 0.000020 0.000014 0.000000
-0.000013 -0.061352 0.998116 0.000000
-1.009092 3.556494 -1.057184 1.000000
$LocalTM 4 4
1.000000 0.000000 0.000000 0.000000
-0.000000 1.000000 0.000000 0.000000
0.000000 -0.000000 1.000000 0.000000
0.000000 0.000000 0.120226 1.000000
#BONE
@NodeName ball5
@ParentName sapin
@BoneIndex 64
@TopNode NO
$WorldTM 4 4
-0.000255 -1.000000 0.000000 0.000000
1.000000 -0.000255 0.000015 0.000000
-0.000015 0.000000 1.000000 0.000000
-1.209978 2.610309 -1.187187 1.000000
$LocalTM 4 4
0.999530 -0.012405 0.028024 0.000000
0.011775 0.999677 0.022506 0.000000
-0.028294 -0.022165 0.999354 0.000000
0.248918 -1.198198 -0.003201 1.000000
#BONE
@NodeName ball5_end
@ParentName ball5
@BoneIndex 65
@TopNode NO
$WorldTM 4 4
-0.000255 -1.000000 0.000000 0.000000
1.000000 -0.000255 0.000015 0.000000
-0.000015 0.000000 1.000000 0.000000
-1.209979 2.610309 -1.077187 1.000000
$LocalTM 4 4
1.000000 -0.000000 0.000000 0.000000
0.000000 1.000000 0.000000 0.000000
0.000000 0.000000 1.000000 0.000000
0.000000 0.000000 0.110000 1.000000
#SKIN
@NodeName weapon
@ParentName RootNode
@MeshName BossB+_0
@MaterialName BossB+_waphon
@TopNode YES
$WorldTM 4 4
-1.000000 0.000000 -0.000000 0.000000
0.000000 1.000000 0.000000 0.000000
0.000000 0.000000 -1.000000 0.000000
0.000000 0.000000 0.000000 1.000000
$LocalTM 4 4
-1.000000 0.000000 0.000000 0.000000
0.000000 1.000000 0.000000 0.000000
0.000000 0.000000 -1.000000 0.000000
0.000000 0.000000 0.000000 1.000000
$BoneOffset 66 16
-1.000000 -0.000016 -0.000004 0.000000 -0.000004 -0.000000 1.000000 0.000000 -0.000016 1.000000 0.000000 0.000000 0.000006 -0.119291 -1.670000 1.000000
-1.000000 -0.000021 -0.000007 0.000000 0.000004 -0.499809 0.866136 0.000000 -0.000021 0.866136 0.499809 0.000000 -0.000723 0.826646 -1.540851 1.000000
-1.000000 -0.000023 0.000001 0.000000 -0.000001 0.073785 0.997274 0.000000 -0.000023 0.997274 -0.073785 0.000000 -0.000713 -0.317379 -1.936652 1.000000
-0.999997 0.000705 0.002275 0.000000 0.002232 0.610542 0.791981 0.000000 -0.000830 0.791984 -0.610542 0.000000 -0.005579 -1.485275 -1.676176 1.000000
-1.000000 -0.000525 -0.000003 0.000000 0.000119 -0.233210 0.972426 0.000000 -0.000511 0.972426 0.233210 0.000000 -0.000316 0.618301 -2.406741 1.000000
-0.999991 -0.000081 -0.004256 0.000000 -0.003261 0.657002 0.753882 0.000000 0.002735 0.753889 -0.656996 0.000000 0.008748 -1.774340 -2.021838 1.000000
-1.000000 -0.000029 -0.000013 0.000000 -0.000014 0.022511 0.999747 0.000000 -0.000029 0.999747 -0.022511 0.000000 -0.000676 0.037287 -2.817776 1.000000
1.000000 0.000000 0.000000 0.000000 0.000000 1.000000 0.000000 0.000000 0.000000 0.000000 1.000000 0.000000 0.000000 0.000000 0.000000 1.000000
-0.006536 0.656024 0.754712 0.000000 -0.547627 0.629144 -0.551619 0.000000 -0.836697 -0.416906 0.355144 0.000000 1.416236 -1.625308 1.274660 1.000000
0.778773 0.202951 0.593569 0.000000 0.016980 0.939052 -0.343356 0.000000 -0.627076 0.277475 0.727862 0.000000 -0.154621 -2.343551 0.605458 1.000000
-0.828564 -0.511927 0.226745 0.000000 -0.438219 0.340875 -0.831726 0.000000 0.348491 -0.788502 -0.506773 0.000000 1.264129 -0.037411 1.979265 1.000000
-0.999438 0.030954 0.012853 0.000000 0.008297 0.600039 -0.799928 0.000000 -0.032473 -0.799372 -0.599959 0.000000 0.751155 -0.850388 1.307323 1.000000
-0.941948 -0.333782 0.036375 0.000000 -0.186019 0.428602 -0.884137 0.000000 0.279519 -0.839578 -0.465810 0.000000 0.966992 -0.347398 1.184559 1.000000
-0.913655 -0.300399 -0.273851 0.000000 0.126257 0.430655 -0.893641 0.000000 0.386385 -0.851056 -0.355543 0.000000 0.596027 -0.376591 1.202175 1.000000
-0.618203 -0.338882 -0.709214 0.000000 0.569187 0.429259 -0.701258 0.000000 0.542080 -0.837195 -0.072482 0.000000 -0.024511 -0.345269 1.186783 1.000000
1.000000 0.000000 0.000000 0.000000 0.000000 1.000000 0.000000 0.000000 0.000000 0.000000 1.000000 0.000000 0.000000 0.000000 0.000000 1.000000
-0.453407 -0.051559 -0.889811 0.000000 0.051560 0.995136 -0.083935 0.000000 0.889811 -0.083935 -0.448543 0.000000 0.214519 -1.439233 0.756759 1.000000
-0.461557 -0.700483 -0.544325 0.000000 0.217990 0.505221 -0.835004 0.000000 0.859911 -0.504059 -0.080490 0.000000 -0.026819 -0.338349 1.555122 1.000000
-0.110163 -0.979026 -0.171383 0.000000 0.004029 0.171991 -0.985090 0.000000 0.993905 -0.109211 -0.015002 0.000000 0.086050 0.259719 1.397102 1.000000
1.000000 0.000000 0.000000 0.000000 0.000000 1.000000 0.000000 0.000000 0.000000 0.000000 1.000000 0.000000 0.000000 0.000000 0.000000 1.000000
-0.956060 -0.245865 -0.159690 0.000000 0.094940 0.255698 -0.962084 0.000000 0.277375 -0.934970 -0.221120 0.000000 0.610503 -0.117737 1.411737 1.000000
-0.789453 -0.208624 -0.577270 0.000000 0.510496 0.299039 -0.806207 0.000000 0.340820 -0.931156 -0.129575 0.000000 0.020507 -0.194127 1.333992 1.000000
-0.466998 -0.046467 -0.883037 0.000000 0.850050 0.251484 -0.462786 0.000000 0.243574 -0.966746 -0.077943 0.000000 -0.523006 -0.253149 1.017901 1.000000
1.000000 0.000000 0.000000 0.000000 0.000000 1.000000 0.000000 0.000000 0.000000 0.000000 1.000000 0.000000 0.000000 0.000000 0.000000 1.000000
-0.864063 -0.408856 -0.293652 0.000000 0.299789 0.050662 -0.952659 0.000000 0.404378 -0.911192 0.078796 0.000000 0.267055 0.330516 1.490375 1.000000
-0.668841 0.223015 -0.709166 0.000000 0.695504 -0.149174 -0.702867 0.000000 -0.262539 -0.963334 -0.055334 0.000000 -0.252481 0.090956 1.305943 1.000000
-0.397406 0.190926 -0.897561 0.000000 0.913877 -0.006178 -0.405944 0.000000 -0.083050 -0.981585 -0.172028 0.000000 -0.648789 -0.028564 0.963992 1.000000
1.000000 0.000000 0.000000 0.000000 0.000000 1.000000 0.000000 0.000000 0.000000 0.000000 1.000000 0.000000 0.000000 0.000000 0.000000 1.000000
-0.006558 -0.656027 -0.754709 0.000000 0.547658 0.629118 -0.551617 0.000000 0.836676 -0.416940 0.355153 0.000000 -1.416311 -1.625246 1.274655 1.000000
0.778763 -0.202955 -0.593579 0.000000 -0.016980 0.939052 -0.343356 0.000000 0.627088 0.277472 0.727853 0.000000 0.154619 -2.343549 0.605458 1.000000
-0.828558 0.511939 -0.226737 0.000000 0.438219 0.340875 -0.831725 0.000000 -0.348504 -0.788494 -0.506776 0.000000 -1.264129 -0.037411 1.979264 1.000000
-0.999438 -0.030944 -0.012848 0.000000 -0.008298 0.600123 -0.799864 0.000000 0.032461 -0.799309 -0.600043 0.000000 -0.751153 -0.850528 1.307231 1.000000
-0.941944 0.333794 -0.036368 0.000000 0.186019 0.428601 -0.884136 0.000000 -0.279533 -0.839572 -0.465810 0.000000 -0.966991 -0.347397 1.184557 1.000000
-0.913650 0.300412 0.273856 0.000000 -0.126258 0.430655 -0.893641 0.000000 -0.386399 -0.851051 -0.355538 0.000000 -0.596027 -0.376591 1.202174 1.000000
-0.618194 0.338895 0.709215 0.000000 -0.569187 0.429259 -0.701257 0.000000 -0.542089 -0.837189 -0.072471 0.000000 0.024511 -0.345268 1.186782 1.000000
1.000000 0.000000 0.000000 0.000000 0.000000 1.000000 0.000000 0.000000 0.000000 0.000000 1.000000 0.000000 0.000000 0.000000 0.000000 1.000000
-0.453393 0.051560 0.889818 0.000000 -0.051561 0.995136 -0.083935 0.000000 -0.889818 -0.083935 -0.448529 0.000000 -0.214518 -1.439232 0.756759 1.000000
-0.461543 0.700490 0.544326 0.000000 -0.217990 0.505221 -0.835004 0.000000 -0.859917 -0.504048 -0.080481 0.000000 0.026820 -0.338349 1.555122 1.000000
-0.110148 0.979027 0.171384 0.000000 -0.004030 0.171992 -0.985090 0.000000 -0.993907 -0.109196 -0.014999 0.000000 -0.086050 0.259719 1.397102 1.000000
1.000000 0.000000 0.000000 0.000000 0.000000 1.000000 0.000000 0.000000 0.000000 0.000000 1.000000 0.000000 0.000000 0.000000 0.000000 1.000000
-0.956055 0.245879 0.159694 0.000000 -0.094940 0.255697 -0.962083 0.000000 -0.277389 -0.934966 -0.221117 0.000000 -0.610503 -0.117736 1.411736 1.000000
-0.789447 0.208638 0.577272 0.000000 -0.510496 0.299039 -0.806206 0.000000 -0.340832 -0.931153 -0.129566 0.000000 -0.020506 -0.194127 1.333991 1.000000
-0.466994 0.046482 0.883038 0.000000 -0.850050 0.251483 -0.462786 0.000000 -0.243580 -0.966744 -0.077929 0.000000 0.523005 -0.253148 1.017901 1.000000
1.000000 0.000000 0.000000 0.000000 0.000000 1.000000 0.000000 0.000000 0.000000 0.000000 1.000000 0.000000 0.000000 0.000000 0.000000 1.000000
-0.864056 0.408870 0.293651 0.000000 -0.299790 0.050662 -0.952659 0.000000 -0.404391 -0.911185 0.078800 0.000000 -0.267055 0.330516 1.490375 1.000000
-0.668845 -0.223001 0.709166 0.000000 -0.695503 -0.149175 -0.702867 0.000000 0.262529 -0.963336 -0.055323 0.000000 0.252481 0.090956 1.305942 1.000000
-0.397407 -0.190910 0.897564 0.000000 -0.913877 -0.006178 -0.405944 0.000000 0.083044 -0.981588 -0.172013 0.000000 0.648789 -0.028563 0.963992 1.000000
1.000000 0.000000 0.000000 0.000000 0.000000 1.000000 0.000000 0.000000 0.000000 0.000000 1.000000 0.000000 0.000000 0.000000 0.000000 1.000000
-1.000000 -0.000000 0.000008 0.000000 -0.000000 1.000000 0.000000 0.000000 -0.000008 0.000000 -1.000000 0.000000 0.000001 -2.110000 0.019291 1.000000
1.000000 0.000000 0.000000 0.000000 0.000000 1.000000 0.000000 0.000000 0.000000 0.000000 1.000000 0.000000 0.000000 0.000000 0.000000 1.000000
-1.000000 0.000022 -0.000001 0.000000 -0.000000 -0.043726 -0.999044 0.000000 -0.000022 -0.999043 0.043727 0.000000 0.000000 0.049477 1.674724 1.000000
-1.000000 0.000024 -0.000004 0.000000 -0.000003 -0.259678 -0.965695 0.000000 -0.000024 -0.965694 0.259678 0.000000 0.000003 0.298290 1.112743 1.000000
-1.000000 0.000027 -0.000010 0.000000 -0.000010 -0.635188 -0.772357 0.000000 -0.000027 -0.772357 0.635188 0.000000 0.000009 0.585641 0.569515 1.000000
1.000000 0.000000 0.000000 0.000000 0.000000 1.000000 0.000000 0.000000 0.000000 0.000000 1.000000 0.000000 0.000000 0.000000 0.000000 1.000000
-0.000018 -0.999983 -0.005907 0.000000 -0.000957 0.005907 -0.999982 0.000000 1.000000 -0.000012 -0.000957 0.000000 -1.178467 -0.015188 2.965451 1.000000
-0.011508 -0.999681 -0.022483 0.000000 -0.999533 0.012137 -0.028030 0.000000 0.028294 0.022150 -0.999354 0.000000 2.838034 -0.046575 1.283582 1.000000
-0.000053 -1.000000 0.000016 0.000000 -0.999899 0.000053 -0.014219 0.000000 0.014218 -0.000017 -0.999899 0.000000 2.594499 -1.190135 1.224185 1.000000
1.000000 0.000000 0.000000 0.000000 0.000000 1.000000 0.000000 0.000000 0.000000 0.000000 1.000000 0.000000 0.000000 0.000000 0.000000 1.000000
0.000025 -1.000000 0.000014 0.000000 -0.998116 -0.000026 -0.061353 0.000000 0.061353 -0.000012 -0.998116 0.000000 3.477546 -1.002501 1.393148 1.000000
1.000000 0.000000 0.000000 0.000000 0.000000 1.000000 0.000000 0.000000 0.000000 0.000000 1.000000 0.000000 0.000000 0.000000 0.000000 1.000000
0.000166 -1.000000 0.000015 0.000000 -0.995893 -0.000164 0.090533 0.000000 -0.090533 -0.000030 -0.995894 0.000000 4.162576 0.000685 0.833741 1.000000
1.000000 0.000000 0.000000 0.000000 0.000000 1.000000 0.000000 0.000000 0.000000 0.000000 1.000000 0.000000 0.000000 0.000000 0.000000 1.000000
-0.000008 -1.000000 0.000014 0.000000 -0.998116 0.000007 -0.061352 0.000000 0.061352 -0.000014 -0.998116 0.000000 3.484629 1.009076 1.393585 1.000000
1.000000 0.000000 0.000000 0.000000 0.000000 1.000000 0.000000 0.000000 0.000000 0.000000 1.000000 0.000000 0.000000 0.000000 0.000000 1.000000
0.000268 -1.000000 -0.000088 0.000000 -1.000000 -0.000268 0.000000 0.000000 -0.000000 0.000088 -1.000000 0.000000 2.609676 1.210577 1.187294 1.000000
1.000000 0.000000 0.000000 0.000000 0.000000 1.000000 0.000000 0.000000 0.000000 0.000000 1.000000 0.000000 0.000000 0.000000 0.000000 1.000000
#SKIN
@NodeName body
@ParentName RootNode
@MeshName BossB+_1
@MaterialName BossB+_body
@TopNode YES
$WorldTM 4 4
-1.000000 0.000000 -0.000000 0.000000
0.000000 1.000000 0.000000 0.000000
0.000000 0.000000 -1.000000 0.000000
0.000000 0.000000 0.000000 1.000000
$LocalTM 4 4
-1.000000 0.000000 -0.000000 0.000000
0.000000 1.000000 0.000000 0.000000
0.000000 0.000000 -1.000000 0.000000
0.000000 0.000000 0.000000 1.000000
#SKIN
@NodeName w1
@ParentName RootNode
@MeshName BossB+_2
@MaterialName BossB+_waphon
@TopNode YES
$WorldTM 4 4
-1.000000 0.000000 -0.000000 0.000000
0.000000 1.000000 0.000000 0.000000
0.000000 0.000000 -1.000000 0.000000
0.000000 0.000000 0.000000 1.000000
$LocalTM 4 4
-1.000000 0.000000 -0.000000 0.000000
0.000000 1.000000 0.000000 0.000000
0.000000 0.000000 -1.000000 0.000000
0.000000 0.000000 0.000000 1.000000
#SKIN
@NodeName w2
@ParentName RootNode
@MeshName BossB+_3
@MaterialName BossB+_waphon
@TopNode YES
$WorldTM 4 4
-1.000000 0.000000 -0.000000 0.000000
0.000000 1.000000 0.000000 0.000000
0.000000 0.000000 -1.000000 0.000000
0.000000 0.000000 0.000000 1.000000
$LocalTM 4 4
-1.000000 0.000000 -0.000000 0.000000
0.000000 1.000000 0.000000 0.000000
0.000000 0.000000 -1.000000 0.000000
0.000000 0.000000 0.000000 1.000000
#SKIN
@NodeName w3
@ParentName RootNode
@MeshName BossB+_4
@MaterialName BossB+_waphon
@TopNode YES
$WorldTM 4 4
-1.000000 0.000000 -0.000000 0.000000
0.000000 1.000000 0.000000 0.000000
0.000000 0.000000 -1.000000 0.000000
0.000000 0.000000 0.000000 1.000000
$LocalTM 4 4
-1.000000 0.000000 -0.000000 0.000000
0.000000 1.000000 0.000000 0.000000
0.000000 0.000000 -1.000000 0.000000
0.000000 0.000000 0.000000 1.000000
#SKIN
@NodeName w4
@ParentName RootNode
@MeshName BossB+_5
@MaterialName BossB+_waphon
@TopNode YES
$WorldTM 4 4
-1.000000 0.000000 -0.000000 0.000000
0.000000 1.000000 0.000000 0.000000
0.000000 0.000000 -1.000000 0.000000
0.000000 0.000000 0.000000 1.000000
$LocalTM 4 4
-1.000000 0.000000 -0.000000 0.000000
0.000000 1.000000 0.000000 0.000000
0.000000 0.000000 -1.000000 0.000000
0.000000 0.000000 0.000000 1.000000
#SKIN
@NodeName w5
@ParentName RootNode
@MeshName BossB+_6
@MaterialName BossB+_waphon
@TopNode YES
$WorldTM 4 4
-1.000000 0.000000 -0.000000 0.000000
0.000000 1.000000 0.000000 0.000000
0.000000 0.000000 -1.000000 0.000000
0.000000 0.000000 0.000000 1.000000
$LocalTM 4 4
-1.000000 0.000000 -0.000000 0.000000
0.000000 1.000000 0.000000 0.000000
0.000000 0.000000 -1.000000 0.000000
0.000000 0.000000 0.000000 1.000000
&