#STATIC
@NodeName Cube.011
@ParentName RootNode
@MeshName Dome2_0
@MaterialName Dome2_M_ETC
$WorldTM 4 4
58.778500 0.000000 80.901703 0.000000
0.000000 100.000000 0.000000 0.000000
-80.901703 0.000000 58.778500 0.000000
0.000000 0.000000 0.000000 1.000000
$LocalTM 4 4
0.587785 0.000000 0.809017 0.000000
0.000000 1.000000 0.000000 0.000000
-0.809017 0.000000 0.587785 0.000000
0.000000 0.000000 0.000000 1.000000
#STATIC
@NodeName Cube.491
@ParentName RootNode
@MeshName Dome2_1
@MaterialName Dome2_M_ETC
$WorldTM 4 4
0.000000 0.000000 100.000000 0.000000
-54.482101 83.855202 0.000000 0.000000
-83.855202 -54.482101 0.000000 0.000000
2811.968262 2126.490234 0.000000 1.000000
$LocalTM 4 4
0.000000 0.000000 1.000000 0.000000
-0.544821 0.838552 0.000000 0.000000
-0.838552 -0.544821 0.000000 0.000000
28.119682 21.264902 0.000000 1.000000
#STATIC
@NodeName Cylinder.123
@ParentName RootNode
@MeshName Dome2_2
@MaterialName Dome2_M_ETC
$WorldTM 4 4
0.002800 333.500214 0.000000 0.000000
-359.701385 0.003020 0.000000 0.000000
0.000000 0.000000 333.500092 0.000000
-2914.598389 1571.146118 276.072998 1.000000
$LocalTM 4 4
0.000028 3.335002 0.000000 0.000000
-3.597014 0.000030 0.000000 0.000000
0.000000 0.000000 3.335001 0.000000
-29.145983 15.711461 2.760730 1.000000
#STATIC
@NodeName BezierCurve.019
@ParentName RootNode
@MeshName Dome2_3
@MaterialName Dome2_M_ETC
$WorldTM 4 4
-92.853104 0.000000 -37.125500 0.000000
0.000000 100.000000 0.000000 0.000000
37.125500 0.000000 -92.853104 0.000000
0.000000 0.000000 0.000000 1.000000
$LocalTM 4 4
-0.928531 0.000000 -0.371255 0.000000
0.000000 1.000000 0.000000 0.000000
0.371255 0.000000 -0.928531 0.000000
0.000000 0.000000 0.000000 1.000000
#STATIC
@NodeName BezierCurve.020
@ParentName RootNode
@MeshName Dome2_4
@MaterialName Dome2_M_ETC
$WorldTM 4 4
-30.418699 0.000000 95.261200 0.000000
0.000000 100.000000 0.000000 0.000000
-95.261200 0.000000 -30.418699 0.000000
0.000000 0.000000 0.000000 1.000000
$LocalTM 4 4
-0.304187 0.000000 0.952612 0.000000
0.000000 1.000000 0.000000 0.000000
-0.952612 0.000000 -0.304187 0.000000
0.000000 0.000000 0.000000 1.000000
#STATIC
@NodeName BezierCurve.021
@ParentName RootNode
@MeshName Dome2_5
@MaterialName Dome2_M_ETC
$WorldTM 4 4
-21.410500 0.000000 97.681099 0.000000
0.000000 100.000000 0.000000 0.000000
-97.681099 0.000000 -21.410500 0.000000
0.000000 0.000000 0.000000 1.000000
$LocalTM 4 4
-0.214105 0.000000 0.976811 0.000000
0.000000 1.000000 0.000000 0.000000
-0.976811 0.000000 -0.214105 0.000000
0.000000 0.000000 0.000000 1.000000
#STATIC
@NodeName Cylinder.025
@ParentName RootNode
@MeshName Dome2_6
@MaterialName Dome2_M_ETC
$WorldTM 4 4
100.000000 0.000000 0.000000 0.000000
0.000000 141.944000 0.000000 0.000000
0.000000 0.000000 100.000000 0.000000
0.000000 1376.192871 0.000000 1.000000
$LocalTM 4 4
1.000000 0.000000 0.000000 0.000000
0.000000 1.419440 0.000000 0.000000
0.000000 0.000000 1.000000 0.000000
0.000000 13.761929 0.000000 1.000000
#STATIC
@NodeName Cube.480
@ParentName RootNode
@MeshName Dome2_7
@MaterialName Dome2_M_ETC
$WorldTM 4 4
100.000000 0.000000 0.000000 0.000000
0.000000 16.575399 0.000000 0.000000
0.000000 0.000000 795.327209 0.000000
-2321.593506 1836.205933 0.000000 1.000000
$LocalTM 4 4
1.000000 0.000000 0.000000 0.000000
0.000000 0.165754 0.000000 0.000000
0.000000 0.000000 7.953272 0.000000
-23.215935 18.362059 0.000000 1.000000
#STATIC
@NodeName Cylinder.024
@ParentName RootNode
@MeshName Dome2_8
@MaterialName Dome2_M_ETC
$WorldTM 4 4
12.171200 -16.235901 -0.109200 0.000000
9.576224 7.179368 -0.085820 0.000000
0.181917 -0.000100 20.291000 0.000000
-668.985291 1556.771240 70.347603 1.000000
$LocalTM 4 4
0.121712 -0.162359 -0.001092 0.000000
0.095762 0.071794 -0.000858 0.000000
0.001819 -0.000001 0.202910 0.000000
-6.689853 15.567712 0.703476 1.000000
#STATIC
@NodeName Cylinder.107
@ParentName RootNode
@MeshName Dome2_9
@MaterialName Dome2_M_ETC
$WorldTM 4 4
133.551697 0.000000 0.000000 0.000000
0.000000 480.267303 0.000000 0.000000
0.000000 0.000000 133.551697 0.000000
-39.777100 2831.611328 -58.433601 1.000000
$LocalTM 4 4
1.335517 0.000000 0.000000 0.000000
0.000000 4.802673 0.000000 0.000000
0.000000 0.000000 1.335517 0.000000
-0.397771 28.316113 -0.584336 1.000000
#STATIC
@NodeName BezierCurve.029
@ParentName RootNode
@MeshName Dome2_10
@MaterialName Dome2_M_ETC
$WorldTM 4 4
-98.028099 0.000000 19.760700 0.000000
0.000000 100.000000 0.000000 0.000000
-19.760700 0.000000 -98.028099 0.000000
384.019989 2193.240723 -12.120000 1.000000
$LocalTM 4 4
-0.980281 0.000000 0.197607 0.000000
0.000000 1.000000 0.000000 0.000000
-0.197607 0.000000 -0.980281 0.000000
3.840200 21.932407 -0.121200 1.000000
#STATIC
@NodeName BezierCurve.030
@ParentName RootNode
@MeshName Dome2_11
@MaterialName Dome2_M_ETC
$WorldTM 4 4
-96.055298 0.000000 27.809799 0.000000
0.000000 100.000000 0.000000 0.000000
-27.809799 0.000000 -96.055298 0.000000
292.392792 2211.322510 -177.601898 1.000000
$LocalTM 4 4
-0.960553 0.000000 0.278098 0.000000
0.000000 1.000000 0.000000 0.000000
-0.278098 0.000000 -0.960553 0.000000
2.923928 22.113224 -1.776019 1.000000
#STATIC
@NodeName BezierCurve.032
@ParentName RootNode
@MeshName Dome2_12
@MaterialName Dome2_M_ETC
$WorldTM 4 4
-16.255600 0.000000 98.669899 0.000000
0.000000 100.000000 0.000000 0.000000
-98.669899 0.000000 -16.255600 0.000000
138.873993 2193.240723 -375.480499 1.000000
$LocalTM 4 4
-0.162556 0.000000 0.986699 0.000000
0.000000 1.000000 0.000000 0.000000
-0.986699 0.000000 -0.162556 0.000000
1.388740 21.932407 -3.754805 1.000000
#STATIC
@NodeName Cube.431
@ParentName RootNode
@MeshName Dome2_13
@MaterialName Dome2_M_ETC
$WorldTM 4 4
-0.001400 -494.686890 0.001900 0.000000
-494.686890 0.001400 -0.000000 0.000000
-0.000000 -0.001900 -494.686890 0.000000
-3287.179199 1064.731934 0.000500 1.000000
$LocalTM 4 4
-0.000014 -4.946869 0.000019 0.000000
-4.946869 0.000014 0.000000 0.000000
0.000000 -0.000019 -4.946869 0.000000
-32.871792 10.647319 0.000005 1.000000
#STATIC
@NodeName BezierCurve.023
@ParentName RootNode
@MeshName Dome2_14
@MaterialName Dome2_M_ETC
$WorldTM 4 4
96.451500 0.000000 26.402901 0.000000
0.000000 100.000000 0.000000 0.000000
-26.402901 0.000000 96.451500 0.000000
0.000000 499.187500 0.000000 1.000000
$LocalTM 4 4
0.964515 0.000000 0.264029 0.000000
0.000000 1.000000 0.000000 0.000000
-0.264029 0.000000 0.964515 0.000000
0.000000 4.991875 0.000000 1.000000
#STATIC
@NodeName BezierCurve.033
@ParentName RootNode
@MeshName Dome2_15
@MaterialName Dome2_M_ETC
$WorldTM 4 4
-97.683998 0.000000 -21.396999 0.000000
0.000000 100.000000 0.000000 0.000000
21.396999 0.000000 -97.683998 0.000000
260.381287 2233.649170 319.006592 1.000000
$LocalTM 4 4
-0.976840 0.000000 -0.213970 0.000000
0.000000 1.000000 0.000000 0.000000
0.213970 0.000000 -0.976840 0.000000
2.603813 22.336491 3.190066 1.000000
#STATIC
@NodeName BezierCurve.039
@ParentName RootNode
@MeshName Dome2_16
@MaterialName Dome2_M_ETC
$WorldTM 4 4
58.588600 0.000000 81.039398 0.000000
0.000000 100.000000 0.000000 0.000000
-81.039398 0.000000 58.588600 0.000000
513.906677 2247.168213 81.971802 1.000000
$LocalTM 4 4
0.585886 0.000000 0.810394 0.000000
0.000000 1.000000 0.000000 0.000000
-0.810394 0.000000 0.585886 0.000000
5.139067 22.471682 0.819718 1.000000
#STATIC
@NodeName Plane_RPanel.004
@ParentName RootNode
@MeshName Dome2_17
@MaterialName Dome2_M_ETC
$WorldTM 4 4
-100.000000 0.000000 0.000000 0.000000
0.000000 100.000000 0.000000 0.000000
-0.000000 0.000000 -100.000000 0.000000
0.000000 0.000000 0.000000 1.000000
$LocalTM 4 4
-1.000000 0.000000 0.000000 0.000000
0.000000 1.000000 0.000000 0.000000
0.000000 0.000000 -1.000000 0.000000
0.000000 0.000000 0.000000 1.000000
#STATIC
@NodeName Screw.042
@ParentName RootNode
@MeshName Dome2_18
@MaterialName Dome2_M_ETC
$WorldTM 4 4
100.000000 0.000000 0.000000 0.000000
0.000000 100.000000 0.000000 0.000000
0.000000 0.000000 100.000000 0.000000
0.000000 0.000000 0.000000 1.000000
$LocalTM 4 4
1.000000 0.000000 0.000000 0.000000
0.000000 1.000000 0.000000 0.000000
0.000000 0.000000 1.000000 0.000000
0.000000 0.000000 0.000000 1.000000
#STATIC
@NodeName Cube.003
@ParentName RootNode
@MeshName Dome2_19
@MaterialName Dome2_M_ETC
$WorldTM 4 4
15.256200 -2.994500 0.000000 0.000000
10.950414 55.789516 0.000000 0.000000
0.000000 0.000000 -40.829102 0.000000
-2256.621582 1682.275757 637.362915 1.000000
$LocalTM 4 4
0.152562 -0.029945 0.000000 0.000000
0.109504 0.557895 0.000000 0.000000
0.000000 0.000000 -0.408291 0.000000
-22.566216 16.822758 6.373629 1.000000
#STATIC
@NodeName Cube.406
@ParentName RootNode
@MeshName Dome2_20
@MaterialName Dome2_M_ETC
$WorldTM 4 4
-169.838593 0.000000 96.742302 0.000000
0.000000 100.000000 0.000000 0.000000
-49.494953 0.000000 -86.892227 0.000000
0.000000 0.000000 0.000000 1.000000
$LocalTM 4 4
-1.698386 0.000000 0.967423 0.000000
0.000000 1.000000 0.000000 0.000000
-0.494950 0.000000 -0.868922 0.000000
0.000000 0.000000 0.000000 1.000000
#STATIC
@NodeName Cube.407
@ParentName RootNode
@MeshName Dome2_21
@MaterialName Dome2_M_ETC
$WorldTM 4 4
-121.495300 0.000000 153.111404 0.000000
0.000000 100.000000 0.000000 0.000000
-78.334305 0.000000 -62.158993 0.000000
0.000000 0.000000 0.000000 1.000000
$LocalTM 4 4
-1.214953 0.000000 1.531114 0.000000
0.000000 1.000000 0.000000 0.000000
-0.783343 0.000000 -0.621590 0.000000
0.000000 0.000000 0.000000 1.000000
#STATIC
@NodeName Cube.408
@ParentName RootNode
@MeshName Dome2_22
@MaterialName Dome2_M_ETC
$WorldTM 4 4
177.722595 0.000000 81.356499 0.000000
0.000000 100.000000 0.000000 0.000000
-41.623318 0.000000 90.925789 0.000000
0.000000 0.000000 0.000000 1.000000
$LocalTM 4 4
1.777226 0.000000 0.813565 0.000000
0.000000 1.000000 0.000000 0.000000
-0.416233 0.000000 0.909258 0.000000
0.000000 0.000000 0.000000 1.000000
#STATIC
@NodeName Cube.409
@ParentName RootNode
@MeshName Dome2_23
@MaterialName Dome2_M_ETC
$WorldTM 4 4
92.607498 0.000000 172.128006 0.000000
0.000000 100.000000 0.000000 0.000000
-88.063492 0.000000 47.379509 0.000000
0.000000 0.000000 0.000000 1.000000
$LocalTM 4 4
0.926075 0.000000 1.721280 0.000000
0.000000 1.000000 0.000000 0.000000
-0.880635 0.000000 0.473795 0.000000
0.000000 0.000000 0.000000 1.000000
#STATIC
@NodeName Cube.006
@ParentName RootNode
@MeshName Dome2_24
@MaterialName Dome2_M_ETC
$WorldTM 4 4
0.000000 100.000000 0.000000 0.000000
-58.778500 0.000000 -80.901703 0.000000
-101.477798 0.000000 73.727898 0.000000
0.000000 0.000000 0.000000 1.000000
$LocalTM 4 4
0.000000 1.000000 0.000000 0.000000
-0.587785 0.000000 -0.809017 0.000000
-1.014778 0.000000 0.737279 0.000000
0.000000 0.000000 0.000000 1.000000
#STATIC
@NodeName BezierCurve.009
@ParentName RootNode
@MeshName Dome2_25
@MaterialName Dome2_M_ETC
$WorldTM 4 4
64.038597 0.000000 76.805298 0.000000
0.000000 100.000000 0.000000 0.000000
-76.805298 0.000000 64.038597 0.000000
0.000000 0.000000 0.000000 1.000000
$LocalTM 4 4
0.640386 0.000000 0.768053 0.000000
0.000000 1.000000 0.000000 0.000000
-0.768053 0.000000 0.640386 0.000000
0.000000 0.000000 0.000000 1.000000
#STATIC
@NodeName BezierCurve.018
@ParentName RootNode
@MeshName Dome2_26
@MaterialName Dome2_M_ETC
$WorldTM 4 4
69.020103 0.000000 72.361702 0.000000
0.000000 100.000000 0.000000 0.000000
-72.361702 0.000000 69.020103 0.000000
0.000000 0.000000 0.000000 1.000000
$LocalTM 4 4
0.690201 0.000000 0.723617 0.000000
0.000000 1.000000 0.000000 0.000000
-0.723617 0.000000 0.690201 0.000000
0.000000 0.000000 0.000000 1.000000
#STATIC
@NodeName Cylinder.089
@ParentName RootNode
@MeshName Dome2_27
@MaterialName Dome2_M_ETC
$WorldTM 4 4
0.001000 122.718803 0.000000 0.000000
-79.288399 0.000646 0.000000 0.000000
0.000000 0.000000 122.718803 0.000000
-3515.666504 1320.407227 725.576172 1.000000
$LocalTM 4 4
0.000010 1.227188 0.000000 0.000000
-0.792884 0.000006 0.000000 0.000000
0.000000 0.000000 1.227188 0.000000
-35.156666 13.204072 7.255762 1.000000
#STATIC
@NodeName Cube.071
@ParentName RootNode
@MeshName Dome2_28
@MaterialName Dome2_M_ETC
$WorldTM 4 4
175.675507 0.000000 -85.687401 0.000000
0.000000 100.000000 0.000000 0.000000
43.839096 0.000000 89.878502 0.000000
0.000000 0.000000 0.000000 1.000000
$LocalTM 4 4
1.756755 0.000000 -0.856874 0.000000
0.000000 1.000000 0.000000 0.000000
0.438391 0.000000 0.898785 0.000000
0.000000 0.000000 0.000000 1.000000
#STATIC
@NodeName Cube.318
@ParentName RootNode
@MeshName Dome2_29
@MaterialName Dome2_M_ETC
$WorldTM 4 4
107.280701 0.000000 -163.386307 0.000000
0.000000 100.000000 0.000000 0.000000
83.591118 0.000000 54.886570 0.000000
0.000000 0.000000 0.000000 1.000000
$LocalTM 4 4
1.072807 0.000000 -1.633863 0.000000
0.000000 1.000000 0.000000 0.000000
0.835911 0.000000 0.548866 0.000000
0.000000 0.000000 0.000000 1.000000
#STATIC
@NodeName Screw.077
@ParentName RootNode
@MeshName Dome2_30
@MaterialName Dome2_M_ETC
$WorldTM 4 4
100.000000 0.000000 0.000000 0.000000
0.000000 100.000000 0.000000 0.000000
0.000000 0.000000 100.000000 0.000000
0.000000 1515.818237 0.000000 1.000000
$LocalTM 4 4
1.000000 0.000000 0.000000 0.000000
0.000000 1.000000 0.000000 0.000000
0.000000 0.000000 1.000000 0.000000
0.000000 15.158182 0.000000 1.000000
#STATIC
@NodeName Cylinder.049
@ParentName RootNode
@MeshName Dome2_31
@MaterialName Dome2_M_ETC
$WorldTM 4 4
55.460999 0.000000 0.000000 0.000000
0.000000 966.806091 0.000000 0.000000
0.000000 0.000000 55.460999 0.000000
0.000000 2272.738037 0.000000 1.000000
$LocalTM 4 4
0.554610 0.000000 0.000000 0.000000
0.000000 9.668060 0.000000 0.000000
0.000000 0.000000 0.554610 0.000000
0.000000 22.727381 0.000000 1.000000
#STATIC
@NodeName Cylinder.046
@ParentName RootNode
@MeshName Dome2_32
@MaterialName Dome2_M_ETC
$WorldTM 4 4
100.000000 0.000000 0.000000 0.000000
0.000000 141.944000 0.000000 0.000000
0.000000 0.000000 100.000000 0.000000
0.000000 1425.711304 0.000000 1.000000
$LocalTM 4 4
1.000000 0.000000 0.000000 0.000000
0.000000 1.419440 0.000000 0.000000
0.000000 0.000000 1.000000 0.000000
0.000000 14.257113 0.000000 1.000000
#STATIC
@NodeName Cylinder.047
@ParentName RootNode
@MeshName Dome2_33
@MaterialName Dome2_M_ETC
$WorldTM 4 4
114.483498 0.000000 0.000000 0.000000
0.000000 109.855202 0.000000 0.000000
0.000000 0.000000 114.483498 0.000000
0.000000 1499.294678 0.000000 1.000000
$LocalTM 4 4
1.144835 0.000000 0.000000 0.000000
0.000000 1.098552 0.000000 0.000000
0.000000 0.000000 1.144835 0.000000
0.000000 14.992947 0.000000 1.000000
#STATIC
@NodeName Cylinder.050
@ParentName RootNode
@MeshName Dome2_34
@MaterialName Dome2_M_ETC
$WorldTM 4 4
121.229103 0.000000 -10.422500 0.000000
0.000000 116.757202 0.000000 0.000000
10.422500 0.000000 121.229103 0.000000
0.000000 1596.945801 0.000000 1.000000
$LocalTM 4 4
1.212291 0.000000 -0.104225 0.000000
0.000000 1.167572 0.000000 0.000000
0.104225 0.000000 1.212291 0.000000
0.000000 15.969458 0.000000 1.000000
#STATIC
@NodeName BezierCurve.037
@ParentName RootNode
@MeshName Dome2_35
@MaterialName Dome2_M_ETC
$WorldTM 4 4
-55.810299 0.000000 -82.977203 0.000000
0.000000 100.000000 0.000000 0.000000
82.977203 0.000000 -55.810299 0.000000
-293.312714 2189.947021 322.752594 1.000000
$LocalTM 4 4
-0.558103 0.000000 -0.829772 0.000000
0.000000 1.000000 0.000000 0.000000
0.829772 0.000000 -0.558103 0.000000
-2.933127 21.899469 3.227526 1.000000
#STATIC
@NodeName Cylinder.053
@ParentName RootNode
@MeshName Dome2_36
@MaterialName Dome2_M_ETC
$WorldTM 4 4
-10.698400 0.000000 -121.205101 0.000000
0.000000 116.757202 0.000000 0.000000
121.205101 0.000000 -10.698400 0.000000
0.000000 1596.945801 0.000000 1.000000
$LocalTM 4 4
-0.106984 0.000000 -1.212051 0.000000
0.000000 1.167572 0.000000 0.000000
1.212051 0.000000 -0.106984 0.000000
0.000000 15.969458 0.000000 1.000000
#STATIC
@NodeName Cylinder.022
@ParentName RootNode
@MeshName Dome2_37
@MaterialName Dome2_M_ETC
$WorldTM 4 4
-0.109200 -16.235800 -12.171300 0.000000
-0.085818 7.179435 -9.576175 0.000000
20.291000 -0.000100 -0.181916 0.000000
86.061302 1556.771240 676.328918 1.000000
$LocalTM 4 4
-0.001092 -0.162358 -0.121713 0.000000
-0.000858 0.071794 -0.095762 0.000000
0.202910 -0.000001 -0.001819 0.000000
0.860613 15.567712 6.763289 1.000000
#STATIC
@NodeName BezierCurve.025
@ParentName RootNode
@MeshName Dome2_38
@MaterialName Dome2_M_ETC
$WorldTM 4 4
12.983200 0.000000 -99.153603 0.000000
0.000000 100.000000 0.000000 0.000000
99.153603 0.000000 12.983200 0.000000
80.726402 2211.322510 -380.246307 1.000000
$LocalTM 4 4
0.129832 0.000000 -0.991536 0.000000
0.000000 1.000000 0.000000 0.000000
0.991536 0.000000 0.129832 0.000000
0.807264 22.113224 -3.802463 1.000000
#STATIC
@NodeName BezierCurve.031
@ParentName RootNode
@MeshName Dome2_39
@MaterialName Dome2_M_ETC
$WorldTM 4 4
3.182300 0.000000 -99.949402 0.000000
0.000000 100.000000 0.000000 0.000000
99.949402 0.000000 3.182300 0.000000
22.332600 2193.240723 377.380707 1.000000
$LocalTM 4 4
0.031823 0.000000 -0.999494 0.000000
0.000000 1.000000 0.000000 0.000000
0.999494 0.000000 0.031823 0.000000
0.223326 21.932407 3.773807 1.000000
#STATIC
@NodeName Cylinder.092
@ParentName RootNode
@MeshName Dome2_40
@MaterialName Dome2_M_ETC
$WorldTM 4 4
0.001200 140.985504 0.000000 0.000000
-179.450302 0.001527 0.000000 0.000000
0.000000 0.000000 140.985504 0.000000
-3365.030762 1322.972656 725.576172 1.000000
$LocalTM 4 4
0.000012 1.409855 0.000000 0.000000
-1.794503 0.000015 0.000000 0.000000
0.000000 0.000000 1.409855 0.000000
-33.650307 13.229726 7.255762 1.000000
#STATIC
@NodeName BezierCurve.034
@ParentName RootNode
@MeshName Dome2_41
@MaterialName Dome2_M_ETC
$WorldTM 4 4
96.975098 0.000000 24.409401 0.000000
0.000000 100.000000 0.000000 0.000000
-24.409401 0.000000 96.975098 0.000000
-239.287796 2151.908936 -308.809601 1.000000
$LocalTM 4 4
0.969751 0.000000 0.244094 0.000000
0.000000 1.000000 0.000000 0.000000
-0.244094 0.000000 0.969751 0.000000
-2.392878 21.519089 -3.088096 1.000000
#STATIC
@NodeName BezierCurve.038
@ParentName RootNode
@MeshName Dome2_42
@MaterialName Dome2_M_ETC
$WorldTM 4 4
-57.926601 0.000000 -81.513901 0.000000
0.000000 100.000000 0.000000 0.000000
81.513901 0.000000 -57.926601 0.000000
38.067501 2211.322510 383.288696 1.000000
$LocalTM 4 4
-0.579266 0.000000 -0.815139 0.000000
0.000000 1.000000 0.000000 0.000000
0.815139 0.000000 -0.579266 0.000000
0.380675 22.113224 3.832887 1.000000
#STATIC
@NodeName BezierCurve.014
@ParentName RootNode
@MeshName Dome2_43
@MaterialName Dome2_M_ETC
$WorldTM 4 4
96.451500 0.000000 26.402901 0.000000
0.000000 100.000000 0.000000 0.000000
-26.402901 0.000000 96.451500 0.000000
0.000000 0.000000 0.000000 1.000000
$LocalTM 4 4
0.964515 0.000000 0.264029 0.000000
0.000000 1.000000 0.000000 0.000000
-0.264029 0.000000 0.964515 0.000000
0.000000 0.000000 0.000000 1.000000
#STATIC
@NodeName Cylinder.015
@ParentName RootNode
@MeshName Dome2_44
@MaterialName Dome2_M_ETC
$WorldTM 4 4
100.000000 0.000000 0.000000 0.000000
0.000000 100.000000 0.000000 0.000000
0.000000 0.000000 100.000000 0.000000
0.000000 0.000000 0.000000 1.000000
$LocalTM 4 4
1.000000 0.000000 0.000000 0.000000
0.000000 1.000000 0.000000 0.000000
0.000000 0.000000 1.000000 0.000000
0.000000 0.000000 0.000000 1.000000
#STATIC
@NodeName Cube.007
@ParentName RootNode
@MeshName Dome2_24
@MaterialName Dome2_M_ETC
$WorldTM 4 4
0.000000 100.000000 0.000000 0.000000
58.961514 -0.000000 -80.768486 0.000000
-101.310608 0.000000 -73.957390 0.000000
0.000000 0.000000 0.000000 1.000000
$LocalTM 4 4
0.000000 1.000000 0.000000 0.000000
0.589615 0.000000 -0.807685 0.000000
-1.013106 0.000000 -0.739574 0.000000
0.000000 0.000000 0.000000 1.000000
#STATIC
@NodeName OutsideWall.002
@ParentName RootNode
@MeshName Dome2_45
@MaterialName Dome2_M_OutsideWall
$WorldTM 4 4
1.000000 0.000000 0.000000 0.000000
0.000000 0.000000 -1.000000 0.000000
0.000000 1.000000 0.000000 0.000000
0.000000 0.000000 0.000000 1.000000
$LocalTM 4 4
0.010000 0.000000 0.000000 0.000000
0.000000 0.000000 -0.010000 0.000000
0.000000 0.010000 0.000000 0.000000
0.000000 0.000000 0.000000 1.000000
#STATIC
@NodeName FloorA_low.001
@ParentName RootNode
@MeshName Dome2_46
@MaterialName Dome2_M_floor_a
$WorldTM 4 4
100.000000 0.000000 0.000000 0.000000
0.000000 100.000000 0.000000 0.000000
0.000000 0.000000 100.000000 0.000000
0.000000 0.000000 0.000000 1.000000
$LocalTM 4 4
1.000000 0.000000 0.000000 0.000000
0.000000 1.000000 0.000000 0.000000
0.000000 0.000000 1.000000 0.000000
0.000000 0.000000 0.000000 1.000000
#STATIC
@NodeName FloorB_low.001
@ParentName RootNode
@MeshName Dome2_47
@MaterialName Dome2_M_floor_b
$WorldTM 4 4
100.000000 0.000000 0.000000 0.000000
0.000000 100.000000 0.000000 0.000000
0.000000 0.000000 100.000000 0.000000
0.000000 0.000000 0.000000 1.000000
$LocalTM 4 4
1.000000 0.000000 0.000000 0.000000
0.000000 1.000000 0.000000 0.000000
0.000000 0.000000 1.000000 0.000000
0.000000 0.000000 0.000000 1.000000
#STATIC
@NodeName FloorA_low.003
@ParentName RootNode
@MeshName Dome2_48
@MaterialName Dome2_M_floor_a
$WorldTM 4 4
100.000000 0.000000 0.000000 0.000000
0.000000 100.000000 0.000000 0.000000
0.000000 0.000000 100.000000 0.000000
0.000000 0.000000 0.000000 1.000000
$LocalTM 4 4
1.000000 0.000000 0.000000 0.000000
0.000000 1.000000 0.000000 0.000000
0.000000 0.000000 1.000000 0.000000
0.000000 0.000000 0.000000 1.000000
#STATIC
@NodeName CenterGlass
@ParentName RootNode
@MeshName Dome2_49
@MaterialName Dome2_M_ETC
$WorldTM 4 4
100.000000 0.000000 0.000000 0.000000
0.000000 234.046204 0.000000 0.000000
0.000000 0.000000 100.000000 0.000000
0.000000 817.111084 0.000000 1.000000
$LocalTM 4 4
1.000000 0.000000 0.000000 0.000000
0.000000 2.340462 0.000000 0.000000
0.000000 0.000000 1.000000 0.000000
0.000000 8.171111 0.000000 1.000000
#STATIC
@NodeName Cube.043
@ParentName RootNode
@MeshName Dome2_50
@MaterialName Dome2_M_ETC
$WorldTM 4 4
95.105698 0.000000 30.901699 0.000000
0.000000 100.000000 0.000000 0.000000
-30.901699 0.000000 95.105698 0.000000
0.000000 0.000000 0.000000 1.000000
$LocalTM 4 4
0.951057 0.000000 0.309017 0.000000
0.000000 1.000000 0.000000 0.000000
-0.309017 0.000000 0.951057 0.000000
0.000000 0.000000 0.000000 1.000000
#STATIC
@NodeName Cube.042
@ParentName RootNode
@MeshName Dome2_51
@MaterialName Dome2_M_ETC
$WorldTM 4 4
95.105698 0.000000 30.901699 0.000000
0.000000 100.000000 0.000000 0.000000
-30.901699 0.000000 95.105698 0.000000
0.000000 0.000000 0.000000 1.000000
$LocalTM 4 4
0.951057 0.000000 0.309017 0.000000
0.000000 1.000000 0.000000 0.000000
-0.309017 0.000000 0.951057 0.000000
0.000000 0.000000 0.000000 1.000000
#STATIC
@NodeName Cylinder.094
@ParentName RootNode
@MeshName Dome2_52
@MaterialName Dome2_M_ETC
$WorldTM 4 4
0.002100 120.767403 0.000000 0.000000
-0.000000 0.000000 71.233498 0.000000
120.767403 -0.002100 0.000000 0.000000
-3607.486816 739.654724 -863.135681 1.000000
$LocalTM 4 4
0.000021 1.207674 0.000000 0.000000
0.000000 0.000000 0.712335 0.000000
1.207674 -0.000021 0.000000 0.000000
-36.074867 7.396547 -8.631356 1.000000
#STATIC
@NodeName Screw.070
@ParentName RootNode
@MeshName Dome2_53
@MaterialName Dome2_M_floor_c
$WorldTM 4 4
100.000000 0.000000 0.000000 0.000000
0.000000 100.000000 0.000000 0.000000
0.000000 0.000000 100.000000 0.000000
0.000000 0.000000 0.000000 1.000000
$LocalTM 4 4
1.000000 0.000000 0.000000 0.000000
0.000000 1.000000 0.000000 0.000000
0.000000 0.000000 1.000000 0.000000
0.000000 0.000000 0.000000 1.000000
#STATIC
@NodeName BezierCurve.015
@ParentName RootNode
@MeshName Dome2_54
@MaterialName Dome2_M_ETC
$WorldTM 4 4
68.792900 0.000000 -72.577797 0.000000
0.000000 100.000000 0.000000 0.000000
72.577797 0.000000 68.792900 0.000000
0.000000 0.000000 0.000000 1.000000
$LocalTM 4 4
0.687929 0.000000 -0.725778 0.000000
0.000000 1.000000 0.000000 0.000000
0.725778 0.000000 0.687929 0.000000
0.000000 0.000000 0.000000 1.000000
#STATIC
@NodeName Screw.068
@ParentName RootNode
@MeshName Dome2_55
@MaterialName Dome2_M_ETC
$WorldTM 4 4
100.000000 0.000000 0.000000 0.000000
0.000000 100.000000 0.000000 0.000000
0.000000 0.000000 100.000000 0.000000
0.000000 0.000000 0.000000 1.000000
$LocalTM 4 4
1.000000 0.000000 0.000000 0.000000
0.000000 1.000000 0.000000 0.000000
0.000000 0.000000 1.000000 0.000000
0.000000 0.000000 0.000000 1.000000
#STATIC
@NodeName Screw.015
@ParentName RootNode
@MeshName Dome2_56
@MaterialName Dome2_M_ETC
$WorldTM 4 4
80.901703 0.000000 58.778500 0.000000
0.000000 100.000000 0.000000 0.000000
-58.778500 0.000000 80.901703 0.000000
0.000000 0.000000 0.000000 1.000000
$LocalTM 4 4
0.809017 0.000000 0.587785 0.000000
0.000000 1.000000 0.000000 0.000000
-0.587785 0.000000 0.809017 0.000000
0.000000 0.000000 0.000000 1.000000
#STATIC
@NodeName Screw.010
@ParentName RootNode
@MeshName Dome2_57
@MaterialName Dome2_M_ETC
$WorldTM 4 4
100.000000 0.000000 0.000000 0.000000
0.000000 100.000000 0.000000 0.000000
0.000000 0.000000 100.000000 0.000000
0.000000 0.000000 0.000000 1.000000
$LocalTM 4 4
1.000000 0.000000 0.000000 0.000000
0.000000 1.000000 0.000000 0.000000
0.000000 0.000000 1.000000 0.000000
0.000000 0.000000 0.000000 1.000000
#STATIC
@NodeName Cube.475
@ParentName RootNode
@MeshName Dome2_58
@MaterialName Dome2_M_ETC
$WorldTM 4 4
24.144899 -11.265700 0.000000 0.000000
42.237953 90.525322 0.000000 0.000000
0.000000 0.000000 42.915600 0.000000
-2185.541260 1677.460083 -785.985291 1.000000
$LocalTM 4 4
0.241449 -0.112657 0.000000 0.000000
0.422380 0.905253 0.000000 0.000000
0.000000 0.000000 0.429156 0.000000
-21.855412 16.774601 -7.859853 1.000000
#STATIC
@NodeName Cube.490
@ParentName RootNode
@MeshName Dome2_59
@MaterialName Dome2_M_ETC
$WorldTM 4 4
58.778500 0.000000 80.901703 0.000000
0.000000 100.000000 0.000000 0.000000
-80.901703 0.000000 58.778500 0.000000
0.000000 0.000000 0.000000 1.000000
$LocalTM 4 4
0.587785 0.000000 0.809017 0.000000
0.000000 1.000000 0.000000 0.000000
-0.809017 0.000000 0.587785 0.000000
0.000000 0.000000 0.000000 1.000000
#STATIC
@NodeName Cube.531
@ParentName RootNode
@MeshName Dome2_60
@MaterialName Dome2_M_ETC
$WorldTM 4 4
58.778500 0.000000 80.901703 0.000000
0.000000 100.000000 0.000000 0.000000
-80.901703 0.000000 58.778500 0.000000
0.000000 0.000000 0.000000 1.000000
$LocalTM 4 4
0.587785 0.000000 0.809017 0.000000
0.000000 1.000000 0.000000 0.000000
-0.809017 0.000000 0.587785 0.000000
0.000000 0.000000 0.000000 1.000000
#STATIC
@NodeName Cube.515
@ParentName RootNode
@MeshName Dome2_61
@MaterialName Dome2_M_ETC
$WorldTM 4 4
100.000000 0.000000 0.000000 0.000000
0.000000 100.000000 0.000000 0.000000
0.000000 0.000000 100.000000 0.000000
-2370.795898 102.122101 -785.126404 1.000000
$LocalTM 4 4
1.000000 0.000000 0.000000 0.000000
0.000000 1.000000 0.000000 0.000000
0.000000 0.000000 1.000000 0.000000
-23.707958 1.021221 -7.851264 1.000000
#STATIC
@NodeName Cube.516
@ParentName Cube.515
@MeshName Dome2_62
@MaterialName Dome2_M_ETC
$WorldTM 4 4
12.900900 -7.856100 0.000000 0.000000
64.128189 105.308144 0.000000 0.000000
0.000000 0.000000 15.216600 0.000000
-2456.546875 183.106598 -676.884827 1.000000
$LocalTM 4 4
0.129009 -0.078561 0.000000 0.000000
0.641282 1.053082 0.000000 0.000000
0.000000 0.000000 0.152166 0.000000
-0.857510 0.809845 1.082416 1.000000
#STATIC
@NodeName Cube.514
@ParentName Cube.515
@MeshName Dome2_63
@MaterialName Dome2_M_ETC
$WorldTM 4 4
100.000000 0.000000 0.000000 0.000000
0.000000 100.000000 0.000000 0.000000
0.000000 0.000000 100.000000 0.000000
-2526.989746 109.481499 -785.126404 1.000000
$LocalTM 4 4
1.000000 0.000000 0.000000 0.000000
0.000000 1.000000 0.000000 0.000000
0.000000 0.000000 1.000000 0.000000
-1.561939 0.073594 0.000000 1.000000
#STATIC
@NodeName Cube.517
@ParentName Cube.515
@MeshName Dome2_64
@MaterialName Dome2_M_ETC
$WorldTM 4 4
100.000000 0.000000 0.000000 0.000000
0.000000 100.000000 0.000000 0.000000
0.000000 0.000000 114.242500 0.000000
-2425.910889 112.335403 -785.126404 1.000000
$LocalTM 4 4
1.000000 0.000000 0.000000 0.000000
0.000000 1.000000 0.000000 0.000000
0.000000 0.000000 1.142425 0.000000
-0.551150 0.102133 0.000000 1.000000
#STATIC
@NodeName Cube.128
@ParentName RootNode
@MeshName Dome2_65
@MaterialName Dome2_M_ETC
$WorldTM 4 4
100.000000 0.000000 0.000000 0.000000
0.000000 100.000000 0.000000 0.000000
0.000000 0.000000 100.000000 0.000000
-2334.734619 144.471893 -887.576111 1.000000
$LocalTM 4 4
1.000000 0.000000 0.000000 0.000000
0.000000 1.000000 0.000000 0.000000
0.000000 0.000000 1.000000 0.000000
-23.347345 1.444719 -8.875761 1.000000
#STATIC
@NodeName BezierCurve.016
@ParentName RootNode
@MeshName Dome2_66
@MaterialName Dome2_M_ETC
$WorldTM 4 4
62.696098 0.000000 -77.905098 0.000000
0.000000 100.000000 0.000000 0.000000
77.905098 0.000000 62.696098 0.000000
0.000000 0.000000 0.000000 1.000000
$LocalTM 4 4
0.626961 0.000000 -0.779051 0.000000
0.000000 1.000000 0.000000 0.000000
0.779051 0.000000 0.626961 0.000000
0.000000 0.000000 0.000000 1.000000
#STATIC
@NodeName Cube.479
@ParentName RootNode
@MeshName Dome2_67
@MaterialName Dome2_M_ETC
$WorldTM 4 4
58.778500 0.000000 80.901703 0.000000
0.000000 100.000000 0.000000 0.000000
-80.901703 0.000000 58.778500 0.000000
0.000000 5048.845215 0.000000 1.000000
$LocalTM 4 4
0.587785 0.000000 0.809017 0.000000
0.000000 1.000000 0.000000 0.000000
-0.809017 0.000000 0.587785 0.000000
0.000000 50.488453 0.000000 1.000000
#STATIC
@NodeName BezierCurve.026
@ParentName RootNode
@MeshName Dome2_68
@MaterialName Dome2_M_ETC
$WorldTM 4 4
96.451500 0.000000 26.402901 0.000000
0.000000 100.000000 0.000000 0.000000
-26.402901 0.000000 96.451500 0.000000
0.000000 161.731003 0.000000 1.000000
$LocalTM 4 4
0.964515 0.000000 0.264029 0.000000
0.000000 1.000000 0.000000 0.000000
-0.264029 0.000000 0.964515 0.000000
0.000000 1.617310 0.000000 1.000000
#STATIC
@NodeName Cube.489
@ParentName RootNode
@MeshName Dome2_69
@MaterialName Dome2_M_ETC
$WorldTM 4 4
58.778500 0.000000 80.901703 0.000000
0.000000 100.000000 0.000000 0.000000
-80.901703 0.000000 58.778500 0.000000
0.000000 0.000000 0.000000 1.000000
$LocalTM 4 4
0.587785 0.000000 0.809017 0.000000
0.000000 1.000000 0.000000 0.000000
-0.809017 0.000000 0.587785 0.000000
0.000000 0.000000 0.000000 1.000000
#STATIC
@NodeName Cylinder.006
@ParentName RootNode
@MeshName Dome2_70
@MaterialName Dome2_M_ETC
$WorldTM 4 4
696.235229 0.000000 0.000000 0.000000
0.000000 -86.480202 -0.000000 0.000000
-0.000000 0.000000 696.235229 0.000000
0.000000 -251.742706 0.000000 1.000000
$LocalTM 4 4
6.962352 0.000000 0.000000 0.000000
0.000000 -0.864802 0.000000 0.000000
0.000000 0.000000 6.962352 0.000000
0.000000 -2.517427 0.000000 1.000000
#STATIC
@NodeName Cylinder.001
@ParentName RootNode
@MeshName Dome2_71
@MaterialName Dome2_M_ETC
$WorldTM 4 4
354.459503 0.000000 0.000000 0.000000
0.000000 19.815500 0.000000 0.000000
0.000000 0.000000 354.459503 0.000000
0.000000 24.203501 0.000000 1.000000
$LocalTM 4 4
3.544595 0.000000 0.000000 0.000000
0.000000 0.198155 0.000000 0.000000
0.000000 0.000000 3.544595 0.000000
0.000000 0.242035 0.000000 1.000000
#STATIC
@NodeName Cylinder.023
@ParentName RootNode
@MeshName Dome2_72
@MaterialName Dome2_M_ETC
$WorldTM 4 4
398.083496 0.000000 0.000000 0.000000
0.000000 22.254200 0.000000 0.000000
0.000000 0.000000 398.083496 0.000000
0.000000 4.442200 0.000000 1.000000
$LocalTM 4 4
3.980835 0.000000 0.000000 0.000000
0.000000 0.222542 0.000000 0.000000
0.000000 0.000000 3.980835 0.000000
0.000000 0.044422 0.000000 1.000000
#STATIC
@NodeName Cube.045
@ParentName RootNode
@MeshName Dome2_73
@MaterialName Dome2_M_ETC
$WorldTM 4 4
95.105698 0.000000 30.901699 0.000000
0.000000 100.000000 0.000000 0.000000
-30.901699 0.000000 95.105698 0.000000
0.000000 0.000000 0.000000 1.000000
$LocalTM 4 4
0.951057 0.000000 0.309017 0.000000
0.000000 1.000000 0.000000 0.000000
-0.309017 0.000000 0.951057 0.000000
0.000000 0.000000 0.000000 1.000000
#STATIC
@NodeName Cube.044
@ParentName RootNode
@MeshName Dome2_74
@MaterialName Dome2_M_ETC
$WorldTM 4 4
95.105698 0.000000 30.901699 0.000000
0.000000 100.000000 0.000000 0.000000
-30.901699 0.000000 95.105698 0.000000
0.000000 0.000000 0.000000 1.000000
$LocalTM 4 4
0.951057 0.000000 0.309017 0.000000
0.000000 1.000000 0.000000 0.000000
-0.309017 0.000000 0.951057 0.000000
0.000000 0.000000 0.000000 1.000000
#STATIC
@NodeName Screw.071
@ParentName RootNode
@MeshName Dome2_75
@MaterialName Dome2_M_ETC
$WorldTM 4 4
-100.000000 0.000000 -0.000200 0.000000
0.000000 100.000000 0.000000 0.000000
0.000200 0.000000 -100.000000 0.000000
0.000000 6.373700 0.000000 1.000000
$LocalTM 4 4
-1.000000 0.000000 -0.000002 0.000000
0.000000 1.000000 0.000000 0.000000
0.000002 0.000000 -1.000000 0.000000
0.000000 0.063737 0.000000 1.000000
#STATIC
@NodeName Screw.067
@ParentName RootNode
@MeshName Dome2_76
@MaterialName Dome2_M_ETC
$WorldTM 4 4
100.000000 0.000000 0.000000 0.000000
0.000000 100.000000 0.000000 0.000000
0.000000 0.000000 100.000000 0.000000
0.000000 0.000000 0.000000 1.000000
$LocalTM 4 4
1.000000 0.000000 0.000000 0.000000
0.000000 1.000000 0.000000 0.000000
0.000000 0.000000 1.000000 0.000000
0.000000 0.000000 0.000000 1.000000
#STATIC
@NodeName Cylinder.120
@ParentName RootNode
@MeshName Dome2_77
@MaterialName Dome2_M_ETC
$WorldTM 4 4
100.000000 0.000000 0.000000 0.000000
0.000000 100.000000 0.000000 0.000000
0.000000 0.000000 100.000000 0.000000
0.000000 0.000000 0.000000 1.000000
$LocalTM 4 4
1.000000 0.000000 0.000000 0.000000
0.000000 1.000000 0.000000 0.000000
0.000000 0.000000 1.000000 0.000000
0.000000 0.000000 0.000000 1.000000
#STATIC
@NodeName Screw.066
@ParentName RootNode
@MeshName Dome2_78
@MaterialName Dome2_M_ETC
$WorldTM 4 4
2879.476318 0.000000 0.000000 0.000000
0.000000 815.517212 0.000000 0.000000
0.000000 0.000000 2879.476318 0.000000
0.000000 1515.818237 0.000000 1.000000
$LocalTM 4 4
28.794762 0.000000 0.000000 0.000000
0.000000 8.155172 0.000000 0.000000
0.000000 0.000000 28.794762 0.000000
0.000000 15.158182 0.000000 1.000000
#STATIC
@NodeName BezierCurve.024
@ParentName RootNode
@MeshName Dome2_79
@MaterialName Dome2_M_ETC
$WorldTM 4 4
65.778397 0.000000 -75.320602 0.000000
0.000000 100.000000 0.000000 0.000000
75.320602 0.000000 65.778397 0.000000
-381.356812 2211.322510 152.380493 1.000000
$LocalTM 4 4
0.657784 0.000000 -0.753206 0.000000
0.000000 1.000000 0.000000 0.000000
0.753206 0.000000 0.657784 0.000000
-3.813568 22.113224 1.523805 1.000000
#STATIC
@NodeName Screw.027
@ParentName RootNode
@MeshName Dome2_80
@MaterialName Dome2_M_ETC
$WorldTM 4 4
100.000000 0.000000 0.000000 0.000000
0.000000 100.000000 0.000000 0.000000
0.000000 0.000000 100.000000 0.000000
0.000000 0.000000 0.000000 1.000000
$LocalTM 4 4
1.000000 0.000000 0.000000 0.000000
0.000000 1.000000 0.000000 0.000000
0.000000 0.000000 1.000000 0.000000
0.000000 0.000000 0.000000 1.000000
#STATIC
@NodeName Cylinder.095
@ParentName RootNode
@MeshName Dome2_81
@MaterialName Dome2_M_ETC
$WorldTM 4 4
0.001300 153.648407 0.000000 0.000000
-99.271896 0.000840 0.000000 0.000000
0.000000 0.000000 153.648407 0.000000
-3429.069092 984.671082 803.081970 1.000000
$LocalTM 4 4
0.000013 1.536484 0.000000 0.000000
-0.992719 0.000008 0.000000 0.000000
0.000000 0.000000 1.536484 0.000000
-34.290691 9.846710 8.030820 1.000000
#STATIC
@NodeName Screw.069
@ParentName RootNode
@MeshName Dome2_82
@MaterialName Dome2_M_ETC
$WorldTM 4 4
-100.000000 0.000000 -0.000200 0.000000
0.000000 100.000000 0.000000 0.000000
0.000200 0.000000 -100.000000 0.000000
0.000000 6.373700 0.000000 1.000000
$LocalTM 4 4
-1.000000 0.000000 -0.000002 0.000000
0.000000 1.000000 0.000000 0.000000
0.000002 0.000000 -1.000000 0.000000
0.000000 0.063737 0.000000 1.000000
#STATIC
@NodeName Cylinder.097
@ParentName RootNode
@MeshName Dome2_83
@MaterialName Dome2_M_ETC
$WorldTM 4 4
-82.402802 11.160100 0.000000 0.000000
-46.083038 -340.263214 0.000000 0.000000
0.000000 0.000000 83.155098 0.000000
-4530.370605 184.674301 340.956909 1.000000
$LocalTM 4 4
-0.824028 0.111601 0.000000 0.000000
-0.460830 -3.402632 0.000000 0.000000
0.000000 0.000000 0.831551 0.000000
-45.303703 1.846743 3.409569 1.000000
#STATIC
@NodeName Cube.492
@ParentName RootNode
@MeshName Dome2_84
@MaterialName Dome2_M_ETC
$WorldTM 4 4
0.000000 0.000000 100.000000 0.000000
-64.920197 76.061600 0.000000 0.000000
-76.061600 -64.920197 0.000000 0.000000
2650.516357 2351.251953 0.000000 1.000000
$LocalTM 4 4
0.000000 0.000000 1.000000 0.000000
-0.649202 0.760616 0.000000 0.000000
-0.760616 -0.649202 0.000000 0.000000
26.505163 23.512520 0.000000 1.000000
#STATIC
@NodeName Cube.016
@ParentName RootNode
@MeshName Dome2_85
@MaterialName Dome2_M_ETC
$WorldTM 4 4
53.464802 0.000000 0.000000 0.000000
0.000000 100.000000 0.000000 0.000000
0.000000 0.000000 93.610397 0.000000
-3310.379395 782.622375 0.000000 1.000000
$LocalTM 4 4
0.534648 0.000000 0.000000 0.000000
0.000000 1.000000 0.000000 0.000000
0.000000 0.000000 0.936104 0.000000
-33.103794 7.826223 0.000000 1.000000
#STATIC
@NodeName Cube.390
@ParentName RootNode
@MeshName Dome2_86
@MaterialName Dome2_M_ETC
$WorldTM 4 4
80.901703 0.000000 -58.778500 0.000000
0.000000 100.000000 0.000000 0.000000
58.778500 0.000000 80.901703 0.000000
0.000000 0.000000 0.000000 1.000000
$LocalTM 4 4
0.809017 0.000000 -0.587785 0.000000
0.000000 1.000000 0.000000 0.000000
0.587785 0.000000 0.809017 0.000000
0.000000 0.000000 0.000000 1.000000
#STATIC
@NodeName Cube.393
@ParentName RootNode
@MeshName Dome2_87
@MaterialName Dome2_M_ETC
$WorldTM 4 4
99.888100 0.000000 0.000000 0.000000
0.000000 96.303703 0.000000 0.000000
0.000000 0.000000 90.150299 0.000000
-3014.674316 782.622375 0.000000 1.000000
$LocalTM 4 4
0.998881 0.000000 0.000000 0.000000
0.000000 0.963037 0.000000 0.000000
0.000000 0.000000 0.901503 0.000000
-30.146742 7.826223 0.000000 1.000000
#STATIC
@NodeName Screw.038
@ParentName RootNode
@MeshName Dome2_88
@MaterialName Dome2_M_ETC
$WorldTM 4 4
100.000000 0.000000 0.000000 0.000000
0.000000 100.000000 0.000000 0.000000
0.000000 0.000000 100.000000 0.000000
0.000000 1198.704956 0.000000 1.000000
$LocalTM 4 4
1.000000 0.000000 0.000000 0.000000
0.000000 1.000000 0.000000 0.000000
0.000000 0.000000 1.000000 0.000000
0.000000 11.987049 0.000000 1.000000
#STATIC
@NodeName Screw.065
@ParentName RootNode
@MeshName Dome2_89
@MaterialName Dome2_M_ETC
$WorldTM 4 4
100.000000 0.000000 0.000000 0.000000
0.000000 100.000000 0.000000 0.000000
0.000000 0.000000 100.000000 0.000000
0.000000 1515.818237 0.000000 1.000000
$LocalTM 4 4
1.000000 0.000000 0.000000 0.000000
0.000000 1.000000 0.000000 0.000000
0.000000 0.000000 1.000000 0.000000
0.000000 15.158182 0.000000 1.000000
#STATIC
@NodeName Cube.382
@ParentName RootNode
@MeshName Dome2_90
@MaterialName Dome2_M_ETC
$WorldTM 4 4
17.238899 0.000000 0.000000 0.000000
0.000000 100.000000 0.000000 0.000000
0.000000 0.000000 93.610397 0.000000
-3072.798828 782.622375 0.000000 1.000000
$LocalTM 4 4
0.172389 0.000000 0.000000 0.000000
0.000000 1.000000 0.000000 0.000000
0.000000 0.000000 0.936104 0.000000
-30.727987 7.826223 0.000000 1.000000
#STATIC
@NodeName Cube.495
@ParentName RootNode
@MeshName Dome2_91
@MaterialName Dome2_M_ETC
$WorldTM 4 4
58.778500 0.000000 80.901703 0.000000
0.000000 100.000000 0.000000 0.000000
-80.901703 0.000000 58.778500 0.000000
0.000000 5048.845215 0.000000 1.000000
$LocalTM 4 4
0.587785 0.000000 0.809017 0.000000
0.000000 1.000000 0.000000 0.000000
-0.809017 0.000000 0.587785 0.000000
0.000000 50.488453 0.000000 1.000000
#STATIC
@NodeName BezierCurve.028
@ParentName RootNode
@MeshName Dome2_92
@MaterialName Dome2_M_ETC
$WorldTM 4 4
79.976601 0.000000 60.031200 0.000000
0.000000 100.000000 0.000000 0.000000
-60.031200 0.000000 79.976601 0.000000
-422.369202 2193.240723 -85.451302 1.000000
$LocalTM 4 4
0.799766 0.000000 0.600312 0.000000
0.000000 1.000000 0.000000 0.000000
-0.600312 0.000000 0.799766 0.000000
-4.223692 21.932407 -0.854513 1.000000
#STATIC
@NodeName Cube.494
@ParentName RootNode
@MeshName Dome2_93
@MaterialName Dome2_M_ETC
$WorldTM 4 4
100.000000 0.000000 0.000000 0.000000
0.000000 100.000000 0.000000 0.000000
0.000000 0.000000 100.000000 0.000000
