#STATIC
@ParentName RootNode
@NodeName Balcony_A_low
@MeshName Dome_IN_0
@MaterialName Dome_IN_M_SideFloor_A
$WorldTM 4 4
0.809017 0.000000 -0.587785 0.000000
0.000000 1.000000 0.000000 0.000000
0.587785 0.000000 0.809017 0.000000
0.000000 0.000000 0.000000 1.000000
$LocalTM 4 4
0.809017 0.000000 -0.587785 0.000000
0.000000 1.000000 0.000000 0.000000
0.587785 0.000000 0.809017 0.000000
0.000000 0.000000 0.000000 1.000000
#STATIC
@ParentName RootNode
@NodeName Balcony_A_low.001
@MeshName Dome_IN_0
@MaterialName Dome_IN_M_SideFloor_A
$WorldTM 4 4
0.809017 0.000000 0.587785 0.000000
0.000000 1.000000 0.000000 0.000000
-0.587785 0.000000 0.809017 0.000000
0.000000 0.000000 0.000000 1.000000
$LocalTM 4 4
0.809017 0.000000 0.587785 0.000000
0.000000 1.000000 0.000000 0.000000
-0.587785 0.000000 0.809017 0.000000
0.000000 0.000000 0.000000 1.000000
#STATIC
@ParentName RootNode
@NodeName Bridge_low
@MeshName Dome_IN_1
@MaterialName Dome_IN_M_InsideBridge
$WorldTM 4 4
0.587785 0.000000 0.809017 0.000000
0.000000 1.000000 0.000000 0.000000
-0.809017 0.000000 0.587785 0.000000
0.000000 0.000000 0.000000 1.000000
$LocalTM 4 4
0.587785 0.000000 0.809017 0.000000
0.000000 1.000000 0.000000 0.000000
-0.809017 0.000000 0.587785 0.000000
0.000000 0.000000 0.000000 1.000000
#STATIC
@ParentName RootNode
@NodeName Bridge_low.001
@MeshName Dome_IN_1
@MaterialName Dome_IN_M_InsideBridge
$WorldTM 4 4
-0.587785 0.000000 0.809017 0.000000
0.000000 1.000000 0.000000 0.000000
-0.809017 0.000000 -0.587785 0.000000
0.000000 0.000000 0.000000 1.000000
$LocalTM 4 4
-0.587785 0.000000 0.809017 0.000000
0.000000 1.000000 0.000000 0.000000
-0.809017 0.000000 -0.587785 0.000000
0.000000 0.000000 0.000000 1.000000
#STATIC
@ParentName RootNode
@NodeName Bridge_low.002
@MeshName Dome_IN_1
@MaterialName Dome_IN_M_InsideBridge
$WorldTM 4 4
-0.951057 0.000000 -0.309017 0.000000
0.000000 1.000000 0.000000 0.000000
0.309017 0.000000 -0.951057 0.000000
0.000000 0.000000 0.000000 1.000000
$LocalTM 4 4
-0.951057 0.000000 -0.309017 0.000000
0.000000 1.000000 0.000000 0.000000
0.309017 0.000000 -0.951057 0.000000
0.000000 0.000000 0.000000 1.000000
#STATIC
@ParentName RootNode
@NodeName Bridge_low.003
@MeshName Dome_IN_1
@MaterialName Dome_IN_M_InsideBridge
$WorldTM 4 4
0.587785 0.000000 -0.809017 0.000000
0.000000 1.000000 0.000000 0.000000
0.809017 0.000000 0.587785 0.000000
0.000000 0.000000 0.000000 1.000000
$LocalTM 4 4
0.587785 0.000000 -0.809017 0.000000
0.000000 1.000000 0.000000 0.000000
0.809017 0.000000 0.587785 0.000000
0.000000 0.000000 0.000000 1.000000
#STATIC
@ParentName RootNode
@NodeName Ceiling_low.001
@MeshName Dome_IN_2
@MaterialName Dome_IN_M_Ceiling
$WorldTM 4 4
0.975519 0.000000 0.000000 0.000000
0.000000 0.975519 0.000000 0.000000
0.000000 0.000000 0.975519 0.000000
0.000000 25.205553 0.000000 1.000000
$LocalTM 4 4
0.975519 0.000000 0.000000 0.000000
0.000000 0.975519 0.000000 0.000000
0.000000 0.000000 0.975519 0.000000
0.000000 25.205553 0.000000 1.000000
#STATIC
@ParentName RootNode
@NodeName Ceiling_low.002
@MeshName Dome_IN_3
@MaterialName Dome_IN_M_CeilingHolder
$WorldTM 4 4
0.303646 0.000000 0.934525 0.000000
0.000000 0.982618 0.000000 0.000000
-0.934525 0.000000 0.303646 0.000000
0.000000 0.000000 0.000000 1.000000
$LocalTM 4 4
0.303646 0.000000 0.934525 0.000000
0.000000 0.982618 0.000000 0.000000
-0.934525 0.000000 0.303646 0.000000
0.000000 0.000000 0.000000 1.000000
#STATIC
@ParentName RootNode
@NodeName Ceiling_low.004
@MeshName Dome_IN_3
@MaterialName Dome_IN_M_CeilingHolder
$WorldTM 4 4
-0.794955 0.000000 0.577568 0.000000
0.000000 0.982618 0.000000 0.000000
-0.577568 0.000000 -0.794955 0.000000
0.000000 0.000000 0.000000 1.000000
$LocalTM 4 4
-0.794955 0.000000 0.577568 0.000000
0.000000 0.982618 0.000000 0.000000
-0.577568 0.000000 -0.794955 0.000000
0.000000 0.000000 0.000000 1.000000
#STATIC
@ParentName RootNode
@NodeName Ceiling_low.005
@MeshName Dome_IN_3
@MaterialName Dome_IN_M_CeilingHolder
$WorldTM 4 4
0.303646 0.000000 -0.934525 0.000000
0.000000 0.982618 0.000000 0.000000
0.934525 0.000000 0.303646 0.000000
0.000000 0.000000 0.000000 1.000000
$LocalTM 4 4
0.303646 0.000000 -0.934525 0.000000
0.000000 0.982618 0.000000 0.000000
0.934525 0.000000 0.303646 0.000000
0.000000 0.000000 0.000000 1.000000
#STATIC
@ParentName RootNode
@NodeName Ceiling_low.006
@MeshName Dome_IN_3
@MaterialName Dome_IN_M_CeilingHolder
$WorldTM 4 4
-0.794955 0.000000 -0.577568 0.000000
0.000000 0.982618 0.000000 0.000000
0.577568 0.000000 -0.794955 0.000000
0.000000 0.000000 0.000000 1.000000
$LocalTM 4 4
-0.794955 0.000000 -0.577568 0.000000
0.000000 0.982618 0.000000 0.000000
0.577568 0.000000 -0.794955 0.000000
0.000000 0.000000 0.000000 1.000000
#STATIC
@ParentName RootNode
@NodeName Ceiling_low.007
@MeshName Dome_IN_3
@MaterialName Dome_IN_M_CeilingHolder
$WorldTM 4 4
0.982618 0.000000 0.000000 0.000000
0.000000 0.982618 0.000000 0.000000
0.000000 0.000000 0.982618 0.000000
0.000000 0.000000 0.000000 1.000000
$LocalTM 4 4
0.982618 0.000000 0.000000 0.000000
0.000000 0.982618 0.000000 0.000000
0.000000 0.000000 0.982618 0.000000
0.000000 0.000000 0.000000 1.000000
#STATIC
@ParentName RootNode
@NodeName Balcony_A_low.002
@MeshName Dome_IN_0
@MaterialName Dome_IN_M_SideFloor_A
$WorldTM 4 4
-0.309017 0.000000 0.951056 0.000000
0.000000 1.000000 0.000000 0.000000
-0.951056 0.000000 -0.309017 0.000000
0.000000 0.000000 0.000000 1.000000
$LocalTM 4 4
-0.309017 0.000000 0.951056 0.000000
0.000000 1.000000 0.000000 0.000000
-0.951056 0.000000 -0.309017 0.000000
0.000000 0.000000 0.000000 1.000000
#STATIC
@ParentName RootNode
@NodeName CenterA_low
@MeshName Dome_IN_4
@MaterialName Dome_IN_M_CenterFloorSide
$WorldTM 4 4
1.000000 0.000000 0.000000 0.000000
0.000000 1.000000 0.000000 0.000000
0.000000 0.000000 1.000000 0.000000
0.000000 0.000000 0.000000 1.000000
$LocalTM 4 4
1.000000 0.000000 0.000000 0.000000
0.000000 1.000000 0.000000 0.000000
0.000000 0.000000 1.000000 0.000000
0.000000 0.000000 0.000000 1.000000
#STATIC
@ParentName RootNode
@NodeName CenterGlass_low
@MeshName Dome_IN_5
@MaterialName Dome_IN_M_CenterGlass
$WorldTM 4 4
1.000000 0.000000 0.000000 0.000000
0.000000 1.000000 0.000000 0.000000
0.000000 0.000000 1.000000 0.000000
0.000000 0.000000 0.000000 1.000000
$LocalTM 4 4
1.000000 0.000000 0.000000 0.000000
0.000000 1.000000 0.000000 0.000000
0.000000 0.000000 1.000000 0.000000
0.000000 0.000000 0.000000 1.000000
#STATIC
@ParentName RootNode
@NodeName Cube.004
@MeshName Dome_IN_6
@MaterialName Dome_IN_M_InsideWall
$WorldTM 4 4
0.809017 0.000000 0.587785 0.000000
0.000000 1.000000 0.000000 0.000000
-0.587785 0.000000 0.809017 0.000000
0.000000 0.000000 0.000000 1.000000
$LocalTM 4 4
0.809017 0.000000 0.587785 0.000000
0.000000 1.000000 0.000000 0.000000
-0.587785 0.000000 0.809017 0.000000
0.000000 0.000000 0.000000 1.000000
#STATIC
@ParentName RootNode
@NodeName Cube.005
@MeshName Dome_IN_7
@MaterialName Dome_IN_M_CeilingPillar
$WorldTM 4 4
0.809017 0.000000 -0.587785 0.000000
0.000000 1.000000 0.000000 0.000000
0.587785 0.000000 0.809017 0.000000
0.000000 0.000000 0.000000 1.000000
$LocalTM 4 4
0.809017 0.000000 -0.587785 0.000000
0.000000 1.000000 0.000000 0.000000
0.587785 0.000000 0.809017 0.000000
0.000000 0.000000 0.000000 1.000000
#STATIC
@ParentName RootNode
@NodeName Cube.006
@MeshName Dome_IN_7
@MaterialName Dome_IN_M_CeilingPillar
$WorldTM 4 4
0.309017 0.000000 -0.951057 0.000000
0.000000 1.000000 0.000000 0.000000
0.951057 0.000000 0.309017 0.000000
0.000000 0.000000 0.000000 1.000000
$LocalTM 4 4
0.309017 0.000000 -0.951057 0.000000
0.000000 1.000000 0.000000 0.000000
0.951057 0.000000 0.309017 0.000000
0.000000 0.000000 0.000000 1.000000
#STATIC
@ParentName RootNode
@NodeName Cube.007
@MeshName Dome_IN_7
@MaterialName Dome_IN_M_CeilingPillar
$WorldTM 4 4
-0.309017 0.000000 -0.951056 0.000000
0.000000 1.000000 0.000000 0.000000
0.951056 0.000000 -0.309017 0.000000
0.000000 0.000000 0.000000 1.000000
$LocalTM 4 4
-0.309017 0.000000 -0.951056 0.000000
0.000000 1.000000 0.000000 0.000000
0.951056 0.000000 -0.309017 0.000000
0.000000 0.000000 0.000000 1.000000
#STATIC
@ParentName RootNode
@NodeName Cube.008
@MeshName Dome_IN_7
@MaterialName Dome_IN_M_CeilingPillar
$WorldTM 4 4
-0.809017 0.000000 -0.587785 0.000000
0.000000 1.000000 0.000000 0.000000
0.587785 0.000000 -0.809017 0.000000
0.000000 0.000000 0.000000 1.000000
$LocalTM 4 4
-0.809017 0.000000 -0.587785 0.000000
0.000000 1.000000 0.000000 0.000000
0.587785 0.000000 -0.809017 0.000000
0.000000 0.000000 0.000000 1.000000
#STATIC
@ParentName RootNode
@NodeName Cube.009
@MeshName Dome_IN_7
@MaterialName Dome_IN_M_CeilingPillar
$WorldTM 4 4
1.000000 0.000000 0.000000 0.000000
0.000000 1.000000 0.000000 0.000000
0.000000 0.000000 1.000000 0.000000
0.000000 0.000000 0.000000 1.000000
$LocalTM 4 4
1.000000 0.000000 0.000000 0.000000
0.000000 1.000000 0.000000 0.000000
0.000000 0.000000 1.000000 0.000000
0.000000 0.000000 0.000000 1.000000
#STATIC
@ParentName RootNode
@NodeName Cube.010
@MeshName Dome_IN_7
@MaterialName Dome_IN_M_CeilingPillar
$WorldTM 4 4
0.809017 0.000000 0.587785 0.000000
0.000000 1.000000 0.000000 0.000000
-0.587785 0.000000 0.809017 0.000000
0.000000 0.000000 0.000000 1.000000
$LocalTM 4 4
0.809017 0.000000 0.587785 0.000000
0.000000 1.000000 0.000000 0.000000
-0.587785 0.000000 0.809017 0.000000
0.000000 0.000000 0.000000 1.000000
#STATIC
@ParentName RootNode
@NodeName Cube.011
@MeshName Dome_IN_7
@MaterialName Dome_IN_M_CeilingPillar
$WorldTM 4 4
-0.309017 0.000000 0.951056 0.000000
0.000000 1.000000 0.000000 0.000000
-0.951056 0.000000 -0.309017 0.000000
0.000000 0.000000 0.000000 1.000000
$LocalTM 4 4
-0.309017 0.000000 0.951056 0.000000
0.000000 1.000000 0.000000 0.000000
-0.951056 0.000000 -0.309017 0.000000
0.000000 0.000000 0.000000 1.000000
#STATIC
@ParentName RootNode
@NodeName Balcony_A_low.003
@MeshName Dome_IN_0
@MaterialName Dome_IN_M_SideFloor_A
$WorldTM 4 4
-0.809017 0.000000 -0.587785 0.000000
0.000000 1.000000 0.000000 0.000000
0.587785 0.000000 -0.809017 0.000000
0.000000 0.000000 0.000000 1.000000
$LocalTM 4 4
-0.809017 0.000000 -0.587785 0.000000
0.000000 1.000000 0.000000 0.000000
0.587785 0.000000 -0.809017 0.000000
0.000000 0.000000 0.000000 1.000000
#STATIC
@ParentName RootNode
@NodeName Cube.012
@MeshName Dome_IN_7
@MaterialName Dome_IN_M_CeilingPillar
$WorldTM 4 4
-0.809017 0.000000 0.587785 0.000000
0.000000 1.000000 0.000000 0.000000
-0.587785 0.000000 -0.809017 0.000000
0.000000 0.000000 0.000000 1.000000
$LocalTM 4 4
-0.809017 0.000000 0.587785 0.000000
0.000000 1.000000 0.000000 0.000000
-0.587785 0.000000 -0.809017 0.000000
0.000000 0.000000 0.000000 1.000000
#STATIC
@ParentName RootNode
@NodeName Cube.013
@MeshName Dome_IN_7
@MaterialName Dome_IN_M_CeilingPillar
$WorldTM 4 4
-1.000000 0.000000 -0.000000 0.000000
0.000000 1.000000 0.000000 0.000000
0.000000 0.000000 -1.000000 0.000000
0.000000 0.000000 0.000000 1.000000
$LocalTM 4 4
-1.000000 0.000000 -0.000000 0.000000
0.000000 1.000000 0.000000 0.000000
0.000000 0.000000 -1.000000 0.000000
0.000000 0.000000 0.000000 1.000000
#STATIC
@ParentName RootNode
@NodeName Cube.014
@MeshName Dome_IN_6
@MaterialName Dome_IN_M_InsideWall
$WorldTM 4 4
1.000000 0.000000 0.000000 0.000000
0.000000 1.000000 0.000000 0.000000
0.000000 0.000000 1.000000 0.000000
0.000000 0.000000 0.000000 1.000000
$LocalTM 4 4
1.000000 0.000000 0.000000 0.000000
0.000000 1.000000 0.000000 0.000000
0.000000 0.000000 1.000000 0.000000
0.000000 0.000000 0.000000 1.000000
#STATIC
@ParentName RootNode
@NodeName Cube.015
@MeshName Dome_IN_6
@MaterialName Dome_IN_M_InsideWall
$WorldTM 4 4
0.309017 0.000000 0.951057 0.000000
0.000000 1.000000 0.000000 0.000000
-0.951057 0.000000 0.309017 0.000000
0.000000 0.000000 0.000000 1.000000
$LocalTM 4 4
0.309017 0.000000 0.951057 0.000000
0.000000 1.000000 0.000000 0.000000
-0.951057 0.000000 0.309017 0.000000
0.000000 0.000000 0.000000 1.000000
#STATIC
@ParentName RootNode
@NodeName Cube.016
@MeshName Dome_IN_6
@MaterialName Dome_IN_M_InsideWall
$WorldTM 4 4
-0.309017 0.000000 0.951056 0.000000
0.000000 1.000000 0.000000 0.000000
-0.951056 0.000000 -0.309017 0.000000
0.000000 0.000000 0.000000 1.000000
$LocalTM 4 4
-0.309017 0.000000 0.951056 0.000000
0.000000 1.000000 0.000000 0.000000
-0.951056 0.000000 -0.309017 0.000000
0.000000 0.000000 0.000000 1.000000
#STATIC
@ParentName RootNode
@NodeName Cube.017
@MeshName Dome_IN_6
@MaterialName Dome_IN_M_InsideWall
$WorldTM 4 4
-0.809017 0.000000 0.587785 0.000000
0.000000 1.000000 0.000000 0.000000
-0.587785 0.000000 -0.809017 0.000000
0.000000 0.000000 0.000000 1.000000
$LocalTM 4 4
-0.809017 0.000000 0.587785 0.000000
0.000000 1.000000 0.000000 0.000000
-0.587785 0.000000 -0.809017 0.000000
0.000000 0.000000 0.000000 1.000000
#STATIC
@ParentName RootNode
@NodeName Cube.018
@MeshName Dome_IN_6
@MaterialName Dome_IN_M_InsideWall
$WorldTM 4 4
-1.000000 0.000000 -0.000000 0.000000
0.000000 1.000000 0.000000 0.000000
0.000000 0.000000 -1.000000 0.000000
0.000000 0.000000 0.000000 1.000000
$LocalTM 4 4
-1.000000 0.000000 -0.000000 0.000000
0.000000 1.000000 0.000000 0.000000
0.000000 0.000000 -1.000000 0.000000
0.000000 0.000000 0.000000 1.000000
#STATIC
@ParentName RootNode
@NodeName Cube.019
@MeshName Dome_IN_6
@MaterialName Dome_IN_M_InsideWall
$WorldTM 4 4
0.809017 0.000000 -0.587785 0.000000
0.000000 1.000000 0.000000 0.000000
0.587785 0.000000 0.809017 0.000000
0.000000 0.000000 0.000000 1.000000
$LocalTM 4 4
0.809017 0.000000 -0.587785 0.000000
0.000000 1.000000 0.000000 0.000000
0.587785 0.000000 0.809017 0.000000
0.000000 0.000000 0.000000 1.000000
#STATIC
@ParentName RootNode
@NodeName Cube.020
@MeshName Dome_IN_6
@MaterialName Dome_IN_M_InsideWall
$WorldTM 4 4
0.309017 0.000000 -0.951057 0.000000
0.000000 1.000000 0.000000 0.000000
0.951057 0.000000 0.309017 0.000000
0.000000 0.000000 0.000000 1.000000
$LocalTM 4 4
0.309017 0.000000 -0.951057 0.000000
0.000000 1.000000 0.000000 0.000000
0.951057 0.000000 0.309017 0.000000
0.000000 0.000000 0.000000 1.000000
#STATIC
@ParentName RootNode
@NodeName Cube.021
@MeshName Dome_IN_6
@MaterialName Dome_IN_M_InsideWall
$WorldTM 4 4
-0.309017 0.000000 -0.951056 0.000000
0.000000 1.000000 0.000000 0.000000
0.951056 0.000000 -0.309017 0.000000
0.000000 0.000000 0.000000 1.000000
$LocalTM 4 4
-0.309017 0.000000 -0.951056 0.000000
0.000000 1.000000 0.000000 0.000000
0.951056 0.000000 -0.309017 0.000000
0.000000 0.000000 0.000000 1.000000
#STATIC
@ParentName RootNode
@NodeName Balcony_B_low
@MeshName Dome_IN_8
@MaterialName Dome_IN_M_SideFloor_B
$WorldTM 4 4
0.309017 0.000000 -0.951057 0.000000
0.000000 1.000000 0.000000 0.000000
0.951057 0.000000 0.309017 0.000000
0.000000 0.000000 0.000000 1.000000
$LocalTM 4 4
0.309017 0.000000 -0.951057 0.000000
0.000000 1.000000 0.000000 0.000000
0.951057 0.000000 0.309017 0.000000
0.000000 0.000000 0.000000 1.000000
#STATIC
@ParentName RootNode
@NodeName Cube.022
@MeshName Dome_IN_6
@MaterialName Dome_IN_M_InsideWall
$WorldTM 4 4
-0.809017 0.000000 -0.587785 0.000000
0.000000 1.000000 0.000000 0.000000
0.587785 0.000000 -0.809017 0.000000
0.000000 0.000000 0.000000 1.000000
$LocalTM 4 4
-0.809017 0.000000 -0.587785 0.000000
0.000000 1.000000 0.000000 0.000000
0.587785 0.000000 -0.809017 0.000000
0.000000 0.000000 0.000000 1.000000
#STATIC
@ParentName RootNode
@NodeName Cube.023
@MeshName Dome_IN_9
@MaterialName Dome_IN_M_InsideWall
$WorldTM 4 4
1.000000 0.000000 0.000000 0.000000
0.000000 1.000000 0.000000 0.000000
0.000000 0.000000 1.000000 0.000000
0.000000 0.000000 0.000000 1.000000
$LocalTM 4 4
1.000000 0.000000 0.000000 0.000000
0.000000 1.000000 0.000000 0.000000
0.000000 0.000000 1.000000 0.000000
0.000000 0.000000 0.000000 1.000000
#STATIC
@ParentName RootNode
@NodeName Cube.024
@MeshName Dome_IN_10
@MaterialName Dome_IN_M_CenterMachineHinge
$WorldTM 4 4
0.309017 0.000000 0.951057 0.000000
0.000000 1.000000 0.000000 0.000000
-0.951057 0.000000 0.309017 0.000000
0.000000 0.000000 0.000000 1.000000
$LocalTM 4 4
0.309017 0.000000 0.951057 0.000000
0.000000 1.000000 0.000000 0.000000
-0.951057 0.000000 0.309017 0.000000
0.000000 0.000000 0.000000 1.000000
#STATIC
@ParentName RootNode
@NodeName Cube.025
@MeshName Dome_IN_10
@MaterialName Dome_IN_M_CenterMachineHinge
$WorldTM 4 4
-0.809017 0.000000 0.587785 0.000000
0.000000 1.000000 0.000000 0.000000
-0.587785 0.000000 -0.809017 0.000000
0.000000 0.000000 0.000000 1.000000
$LocalTM 4 4
-0.809017 0.000000 0.587785 0.000000
0.000000 1.000000 0.000000 0.000000
-0.587785 0.000000 -0.809017 0.000000
0.000000 0.000000 0.000000 1.000000
#STATIC
@ParentName RootNode
@NodeName Cube.026
@MeshName Dome_IN_10
@MaterialName Dome_IN_M_CenterMachineHinge
$WorldTM 4 4
0.309017 0.000000 -0.951057 0.000000
0.000000 1.000000 0.000000 0.000000
0.951057 0.000000 0.309017 0.000000
0.000000 0.000000 0.000000 1.000000
$LocalTM 4 4
0.309017 0.000000 -0.951057 0.000000
0.000000 1.000000 0.000000 0.000000
0.951057 0.000000 0.309017 0.000000
0.000000 0.000000 0.000000 1.000000
#STATIC
@ParentName RootNode
@NodeName Cube.027
@MeshName Dome_IN_10
@MaterialName Dome_IN_M_CenterMachineHinge
$WorldTM 4 4
-0.809017 0.000000 -0.587785 0.000000
0.000000 1.000000 0.000000 0.000000
0.587785 0.000000 -0.809017 0.000000
0.000000 0.000000 0.000000 1.000000
$LocalTM 4 4
-0.809017 0.000000 -0.587785 0.000000
0.000000 1.000000 0.000000 0.000000
0.587785 0.000000 -0.809017 0.000000
0.000000 0.000000 0.000000 1.000000
#STATIC
@ParentName RootNode
@NodeName Cube.028
@MeshName Dome_IN_11
@MaterialName Dome_IN_M_VendingFloor
$WorldTM 4 4
-1.000000 0.000000 -0.000000 0.000000
0.000000 1.000000 0.000000 0.000000
0.000000 0.000000 -1.000000 0.000000
0.000000 0.000000 0.000000 1.000000
$LocalTM 4 4
-1.000000 0.000000 -0.000000 0.000000
0.000000 1.000000 0.000000 0.000000
0.000000 0.000000 -1.000000 0.000000
0.000000 0.000000 0.000000 1.000000
#STATIC
@ParentName RootNode
@NodeName Cube.029
@MeshName Dome_IN_12
@MaterialName Dome_IN_M_BottomFloor
$WorldTM 4 4
1.000000 0.000000 0.000000 0.000000
0.000000 1.000000 0.000000 0.000000
0.000000 0.000000 1.000000 0.000000
0.000000 0.000000 0.000000 1.000000
$LocalTM 4 4
1.000000 0.000000 0.000000 0.000000
0.000000 1.000000 0.000000 0.000000
0.000000 0.000000 1.000000 0.000000
0.000000 0.000000 0.000000 1.000000
#STATIC
@ParentName RootNode
@NodeName Cube.030
@MeshName Dome_IN_12
@MaterialName Dome_IN_M_BottomFloor
$WorldTM 4 4
0.809017 0.000000 0.587785 0.000000
0.000000 1.000000 0.000000 0.000000
-0.587785 0.000000 0.809017 0.000000
0.000000 0.000000 0.000000 1.000000
$LocalTM 4 4
0.809017 0.000000 0.587785 0.000000
0.000000 1.000000 0.000000 0.000000
-0.587785 0.000000 0.809017 0.000000
0.000000 0.000000 0.000000 1.000000
#STATIC
@ParentName RootNode
@NodeName Cube.031
@MeshName Dome_IN_12
@MaterialName Dome_IN_M_BottomFloor
$WorldTM 4 4
0.309017 0.000000 0.951057 0.000000
0.000000 1.000000 0.000000 0.000000
-0.951057 0.000000 0.309017 0.000000
0.000000 0.000000 0.000000 1.000000
$LocalTM 4 4
0.309017 0.000000 0.951057 0.000000
0.000000 1.000000 0.000000 0.000000
-0.951057 0.000000 0.309017 0.000000
0.000000 0.000000 0.000000 1.000000
#STATIC
@ParentName RootNode
@NodeName Balcony_B_low.001
@MeshName Dome_IN_8
@MaterialName Dome_IN_M_SideFloor_B
$WorldTM 4 4
-0.309017 0.000000 -0.951056 0.000000
0.000000 1.000000 0.000000 0.000000
0.951056 0.000000 -0.309017 0.000000
0.000000 0.000000 0.000000 1.000000
$LocalTM 4 4
-0.309017 0.000000 -0.951056 0.000000
0.000000 1.000000 0.000000 0.000000
0.951056 0.000000 -0.309017 0.000000
0.000000 0.000000 0.000000 1.000000
#STATIC
@ParentName RootNode
@NodeName Cube.032
@MeshName Dome_IN_12
@MaterialName Dome_IN_M_BottomFloor
$WorldTM 4 4
-0.809017 0.000000 0.587785 0.000000
0.000000 1.000000 0.000000 0.000000
-0.587785 0.000000 -0.809017 0.000000
0.000000 0.000000 0.000000 1.000000
$LocalTM 4 4
-0.809017 0.000000 0.587785 0.000000
0.000000 1.000000 0.000000 0.000000
-0.587785 0.000000 -0.809017 0.000000
0.000000 0.000000 0.000000 1.000000
#STATIC
@ParentName RootNode
@NodeName Cube.033
@MeshName Dome_IN_12
@MaterialName Dome_IN_M_BottomFloor
$WorldTM 4 4
-0.309017 0.000000 0.951056 0.000000
0.000000 1.000000 0.000000 0.000000
-0.951056 0.000000 -0.309017 0.000000
0.000000 0.000000 0.000000 1.000000
$LocalTM 4 4
-0.309017 0.000000 0.951056 0.000000
0.000000 1.000000 0.000000 0.000000
-0.951056 0.000000 -0.309017 0.000000
0.000000 0.000000 0.000000 1.000000
#STATIC
@ParentName RootNode
@NodeName Cube.034
@MeshName Dome_IN_12
@MaterialName Dome_IN_M_BottomFloor
$WorldTM 4 4
0.809017 0.000000 -0.587785 0.000000
0.000000 1.000000 0.000000 0.000000
0.587785 0.000000 0.809017 0.000000
0.000000 0.000000 0.000000 1.000000
$LocalTM 4 4
0.809017 0.000000 -0.587785 0.000000
0.000000 1.000000 0.000000 0.000000
0.587785 0.000000 0.809017 0.000000
0.000000 0.000000 0.000000 1.000000
#STATIC
@ParentName RootNode
@NodeName Cube.035
@MeshName Dome_IN_12
@MaterialName Dome_IN_M_BottomFloor
$WorldTM 4 4
0.309017 0.000000 -0.951057 0.000000
0.000000 1.000000 0.000000 0.000000
0.951057 0.000000 0.309017 0.000000
0.000000 0.000000 0.000000 1.000000
$LocalTM 4 4
0.309017 0.000000 -0.951057 0.000000
0.000000 1.000000 0.000000 0.000000
0.951057 0.000000 0.309017 0.000000
0.000000 0.000000 0.000000 1.000000
#STATIC
@ParentName RootNode
@NodeName Cube.036
@MeshName Dome_IN_12
@MaterialName Dome_IN_M_BottomFloor
$WorldTM 4 4
-0.309017 0.000000 -0.951056 0.000000
0.000000 1.000000 0.000000 0.000000
0.951056 0.000000 -0.309017 0.000000
0.000000 0.000000 0.000000 1.000000
$LocalTM 4 4
-0.309017 0.000000 -0.951056 0.000000
0.000000 1.000000 0.000000 0.000000
0.951056 0.000000 -0.309017 0.000000
0.000000 0.000000 0.000000 1.000000
#STATIC
@ParentName RootNode
@NodeName Cube.037
@MeshName Dome_IN_12
@MaterialName Dome_IN_M_BottomFloor
$WorldTM 4 4
-0.809017 0.000000 -0.587785 0.000000
0.000000 1.000000 0.000000 0.000000
0.587785 0.000000 -0.809017 0.000000
0.000000 0.000000 0.000000 1.000000
$LocalTM 4 4
-0.809017 0.000000 -0.587785 0.000000
0.000000 1.000000 0.000000 0.000000
0.587785 0.000000 -0.809017 0.000000
0.000000 0.000000 0.000000 1.000000
#STATIC
@ParentName RootNode
@NodeName Cube.038
@MeshName Dome_IN_12
@MaterialName Dome_IN_M_BottomFloor
$WorldTM 4 4
-1.000000 0.000000 -0.000000 0.000000
0.000000 1.000000 0.000000 0.000000
0.000000 0.000000 -1.000000 0.000000
0.000000 0.000000 0.000000 1.000000
$LocalTM 4 4
-1.000000 0.000000 -0.000000 0.000000
0.000000 1.000000 0.000000 0.000000
0.000000 0.000000 -1.000000 0.000000
0.000000 0.000000 0.000000 1.000000
#STATIC
@ParentName RootNode
@NodeName Cube.039
@MeshName Dome_IN_12
@MaterialName Dome_IN_M_BottomFloor
$WorldTM 4 4
0.950968 0.000000 -0.309290 0.000000
0.000000 1.000000 0.000000 0.000000
0.309290 0.000000 0.950968 0.000000
0.000000 0.000000 0.000000 1.000000
$LocalTM 4 4
0.950968 0.000000 -0.309290 0.000000
0.000000 1.000000 0.000000 0.000000
0.309290 0.000000 0.950968 0.000000
0.000000 0.000000 0.000000 1.000000
#STATIC
@ParentName RootNode
@NodeName Cube.040
@MeshName Dome_IN_12
@MaterialName Dome_IN_M_BottomFloor
$WorldTM 4 4
0.951145 0.000000 0.308744 0.000000
0.000000 1.000000 0.000000 0.000000
-0.308744 0.000000 0.951145 0.000000
0.000000 0.000000 0.000000 1.000000
$LocalTM 4 4
0.951145 0.000000 0.308744 0.000000
0.000000 1.000000 0.000000 0.000000
-0.308744 0.000000 0.951145 0.000000
0.000000 0.000000 0.000000 1.000000
#STATIC
@ParentName RootNode
@NodeName Cube.041
@MeshName Dome_IN_12
@MaterialName Dome_IN_M_BottomFloor
$WorldTM 4 4
0.588017 0.000000 0.808848 0.000000
0.000000 1.000000 0.000000 0.000000
-0.808848 0.000000 0.588017 0.000000
0.000000 0.000000 0.000000 1.000000
$LocalTM 4 4
0.588017 0.000000 0.808848 0.000000
0.000000 1.000000 0.000000 0.000000
-0.808848 0.000000 0.588017 0.000000
0.000000 0.000000 0.000000 1.000000
#STATIC
@ParentName RootNode
@NodeName Balcony_B_low.002
@MeshName Dome_IN_8
@MaterialName Dome_IN_M_SideFloor_B
$WorldTM 4 4
1.000000 0.000000 0.000000 0.000000
0.000000 1.000000 0.000000 0.000000
0.000000 0.000000 1.000000 0.000000
0.000000 0.000000 0.000000 1.000000
$LocalTM 4 4
1.000000 0.000000 0.000000 0.000000
0.000000 1.000000 0.000000 0.000000
0.000000 0.000000 1.000000 0.000000
0.000000 0.000000 0.000000 1.000000
#STATIC
@ParentName RootNode
@NodeName Cube.042
@MeshName Dome_IN_12
@MaterialName Dome_IN_M_BottomFloor
$WorldTM 4 4
-0.587553 0.000000 0.809186 0.000000
0.000000 1.000000 0.000000 0.000000
-0.809186 0.000000 -0.587553 0.000000
0.000000 0.000000 0.000000 1.000000
$LocalTM 4 4
-0.587553 0.000000 0.809186 0.000000
0.000000 1.000000 0.000000 0.000000
-0.809186 0.000000 -0.587553 0.000000
0.000000 0.000000 0.000000 1.000000
#STATIC
@ParentName RootNode
@NodeName Cube.043
@MeshName Dome_IN_12
@MaterialName Dome_IN_M_BottomFloor
$WorldTM 4 4
0.000287 0.000000 1.000000 0.000000
0.000000 1.000000 0.000000 0.000000
-1.000000 0.000000 0.000287 0.000000
0.000000 0.000000 0.000000 1.000000
$LocalTM 4 4
0.000287 0.000000 1.000000 0.000000
0.000000 1.000000 0.000000 0.000000
-1.000000 0.000000 0.000287 0.000000
0.000000 0.000000 0.000000 1.000000
#STATIC
@ParentName RootNode
@NodeName Cube.044
@MeshName Dome_IN_12
@MaterialName Dome_IN_M_BottomFloor
$WorldTM 4 4
0.587553 0.000000 -0.809186 0.000000
0.000000 1.000000 0.000000 0.000000
0.809186 0.000000 0.587553 0.000000
0.000000 0.000000 0.000000 1.000000
$LocalTM 4 4
0.587553 0.000000 -0.809186 0.000000
0.000000 1.000000 0.000000 0.000000
0.809186 0.000000 0.587553 0.000000
0.000000 0.000000 0.000000 1.000000
#STATIC
@ParentName RootNode
@NodeName Cube.046
@MeshName Dome_IN_12
@MaterialName Dome_IN_M_BottomFloor
$WorldTM 4 4
-0.000287 0.000000 -1.000000 0.000000
0.000000 1.000000 0.000000 0.000000
1.000000 0.000000 -0.000287 0.000000
0.000000 0.000000 0.000000 1.000000
$LocalTM 4 4
-0.000287 0.000000 -1.000000 0.000000
0.000000 1.000000 0.000000 0.000000
1.000000 0.000000 -0.000287 0.000000
0.000000 0.000000 0.000000 1.000000
#STATIC
@ParentName RootNode
@NodeName Cube.047
@MeshName Dome_IN_12
@MaterialName Dome_IN_M_BottomFloor
$WorldTM 4 4
-0.588018 0.000000 -0.808848 0.000000
0.000000 1.000000 0.000000 0.000000
0.808848 0.000000 -0.588018 0.000000
0.000000 0.000000 0.000000 1.000000
$LocalTM 4 4
-0.588018 0.000000 -0.808848 0.000000
0.000000 1.000000 0.000000 0.000000
0.808848 0.000000 -0.588018 0.000000
0.000000 0.000000 0.000000 1.000000
#STATIC
@ParentName RootNode
@NodeName Cube.058
@MeshName Dome_IN_12
@MaterialName Dome_IN_M_BottomFloor
$WorldTM 4 4
-0.951145 0.000000 -0.308744 0.000000
0.000000 1.000000 0.000000 0.000000
0.308744 0.000000 -0.951145 0.000000
0.000000 0.000000 0.000000 1.000000
$LocalTM 4 4
-0.951145 0.000000 -0.308744 0.000000
0.000000 1.000000 0.000000 0.000000
0.308744 0.000000 -0.951145 0.000000
0.000000 0.000000 0.000000 1.000000
#STATIC
@ParentName RootNode
@NodeName Cube.059
@MeshName Dome_IN_12
@MaterialName Dome_IN_M_BottomFloor
$WorldTM 4 4
-0.950970 0.000000 0.309283 0.000000
0.000000 1.000000 0.000000 0.000000
-0.309283 0.000000 -0.950970 0.000000
0.000000 0.000000 0.000000 1.000000
$LocalTM 4 4
-0.950970 0.000000 0.309283 0.000000
0.000000 1.000000 0.000000 0.000000
-0.309283 0.000000 -0.950970 0.000000
0.000000 0.000000 0.000000 1.000000
#STATIC
@ParentName RootNode
@NodeName Cube.060
@MeshName Dome_IN_13
@MaterialName Dome_IN_M_BottomFloor
$WorldTM 4 4
1.000000 0.000000 0.000000 0.000000
0.000000 1.000000 0.000000 0.000000
0.000000 0.000000 1.000000 0.000000
0.000000 0.000000 0.000000 1.000000
$LocalTM 4 4
1.000000 0.000000 0.000000 0.000000
0.000000 1.000000 0.000000 0.000000
0.000000 0.000000 1.000000 0.000000
0.000000 0.000000 0.000000 1.000000
#STATIC
@ParentName RootNode
@NodeName Cube.061
@MeshName Dome_IN_13
@MaterialName Dome_IN_M_BottomFloor
$WorldTM 4 4
0.000000 0.000000 1.000000 0.000000
0.000000 1.000000 0.000000 0.000000
-1.000000 0.000000 0.000000 0.000000
0.000000 0.000000 0.000000 1.000000
$LocalTM 4 4
0.000000 0.000000 1.000000 0.000000
0.000000 1.000000 0.000000 0.000000
-1.000000 0.000000 0.000000 0.000000
0.000000 0.000000 0.000000 1.000000
#STATIC
@ParentName RootNode
@NodeName Cube.062
@MeshName Dome_IN_13
@MaterialName Dome_IN_M_BottomFloor
$WorldTM 4 4
-1.000000 0.000000 -0.000000 0.000000
0.000000 1.000000 0.000000 0.000000
0.000000 0.000000 -1.000000 0.000000
0.000000 0.000000 0.000000 1.000000
$LocalTM 4 4
-1.000000 0.000000 -0.000000 0.000000
0.000000 1.000000 0.000000 0.000000
0.000000 0.000000 -1.000000 0.000000
0.000000 0.000000 0.000000 1.000000
#STATIC
@ParentName RootNode
@NodeName Balcony_B_low.003
@MeshName Dome_IN_8
@MaterialName Dome_IN_M_SideFloor_B
$WorldTM 4 4
0.309017 0.000000 0.951057 0.000000
0.000000 1.000000 0.000000 0.000000
-0.951057 0.000000 0.309017 0.000000
0.000000 0.000000 0.000000 1.000000
$LocalTM 4 4
0.309017 0.000000 0.951057 0.000000
0.000000 1.000000 0.000000 0.000000
-0.951057 0.000000 0.309017 0.000000
0.000000 0.000000 0.000000 1.000000
#STATIC
@ParentName RootNode
@NodeName Cube.063
@MeshName Dome_IN_13
@MaterialName Dome_IN_M_BottomFloor
$WorldTM 4 4
0.000000 0.000000 -1.000000 0.000000
0.000000 1.000000 0.000000 0.000000
1.000000 0.000000 0.000000 0.000000
0.000000 0.000000 0.000000 1.000000
$LocalTM 4 4
0.000000 0.000000 -1.000000 0.000000
0.000000 1.000000 0.000000 0.000000
1.000000 0.000000 0.000000 0.000000
0.000000 0.000000 0.000000 1.000000
#STATIC
@ParentName RootNode
@NodeName Cube.074
@MeshName Dome_IN_7
@MaterialName Dome_IN_M_CeilingPillar
$WorldTM 4 4
0.309017 0.000000 0.951057 0.000000
0.000000 1.000000 0.000000 0.000000
-0.951057 0.000000 0.309017 0.000000
0.000000 0.000000 0.000000 1.000000
$LocalTM 4 4
0.309017 0.000000 0.951057 0.000000
0.000000 1.000000 0.000000 0.000000
-0.951057 0.000000 0.309017 0.000000
0.000000 0.000000 0.000000 1.000000
#STATIC
@ParentName RootNode
@NodeName Cube.134
@MeshName Dome_IN_10
@MaterialName Dome_IN_M_CenterMachineHinge
$WorldTM 4 4
1.000000 0.000000 0.000000 0.000000
0.000000 1.000000 0.000000 0.000000
0.000000 0.000000 1.000000 0.000000
0.000000 0.000000 0.000000 1.000000
$LocalTM 4 4
1.000000 0.000000 0.000000 0.000000
0.000000 1.000000 0.000000 0.000000
0.000000 0.000000 1.000000 0.000000
0.000000 0.000000 0.000000 1.000000
#STATIC
@ParentName RootNode
@NodeName Cube.447
@MeshName Dome_IN_11
@MaterialName Dome_IN_M_VendingFloor
$WorldTM 4 4
1.000000 0.000000 0.000000 0.000000
0.000000 1.000000 0.000000 0.000000
0.000000 0.000000 1.000000 0.000000
0.000000 0.000000 0.000000 1.000000
$LocalTM 4 4
1.000000 0.000000 0.000000 0.000000
0.000000 1.000000 0.000000 0.000000
0.000000 0.000000 1.000000 0.000000
0.000000 0.000000 0.000000 1.000000
#STATIC
@ParentName RootNode
@NodeName Screw.147
@MeshName Dome_IN_14
@MaterialName Dome_IN_M_CenterMachine
$WorldTM 4 4
1.000000 0.000000 0.000000 0.000000
0.000000 1.000000 0.000000 0.000000
0.000000 0.000000 1.000000 0.000000
0.000000 0.000000 0.000000 1.000000
$LocalTM 4 4
1.000000 0.000000 0.000000 0.000000
0.000000 1.000000 0.000000 0.000000
0.000000 0.000000 1.000000 0.000000
0.000000 0.000000 0.000000 1.000000
#STATIC
@ParentName RootNode
@NodeName Screw.318
@MeshName Dome_IN_15
@MaterialName Dome_IN_M_CenterFloor
$WorldTM 4 4
1.000000 0.000000 0.000000 0.000000
0.000000 1.000000 0.000000 0.000000
0.000000 0.000000 1.000000 0.000000
0.000000 0.000000 0.000000 1.000000
$LocalTM 4 4
1.000000 0.000000 0.000000 0.000000
0.000000 1.000000 0.000000 0.000000
0.000000 0.000000 1.000000 0.000000
0.000000 0.000000 0.000000 1.000000
#STATIC
@ParentName RootNode
@NodeName mana_tree
@MeshName Dome_IN_16
@MaterialName Dome_IN_M_mana_tree
$WorldTM 4 4
-0.000137 0.000000 -0.009499 0.000000
0.000000 0.009500 0.000000 0.000000
0.009499 0.000000 -0.000137 0.000000
0.000124 -1.478476 0.000051 1.000000
$LocalTM 4 4
-0.000137 0.000000 -0.009499 0.000000
0.000000 0.009500 0.000000 0.000000
0.009499 0.000000 -0.000137 0.000000
0.000124 -1.478476 0.000051 1.000000
#STATIC
@ParentName RootNode
@NodeName Screw.002
@MeshName Dome_IN_17
@MaterialName Dome_IN_M_GateRound
$WorldTM 4 4
-1.629716 0.000000 -1.184060 0.000000
0.000000 2.014441 0.000000 0.000000
1.184060 0.000000 -1.629716 0.000000
-0.000002 0.000000 0.000000 1.000000
$LocalTM 4 4
-1.629716 0.000000 -1.184060 0.000000
0.000000 2.014441 0.000000 0.000000
1.184060 0.000000 -1.629716 0.000000
-0.000002 0.000000 0.000000 1.000000
#STATIC
@ParentName RootNode
@NodeName Screw.009
@MeshName Dome_IN_17
@MaterialName Dome_IN_M_GateRound
$WorldTM 4 4
-0.622496 0.000000 1.915847 0.000000
0.000000 2.014441 0.000000 0.000000
-1.915847 0.000000 -0.622496 0.000000
-0.000002 0.000000 0.000000 1.000000
$LocalTM 4 4
-0.622496 0.000000 1.915847 0.000000
0.000000 2.014441 0.000000 0.000000
-1.915847 0.000000 -0.622496 0.000000
-0.000002 0.000000 0.000000 1.000000
#STATIC
@ParentName RootNode
@NodeName Screw.010
@MeshName Dome_IN_17
@MaterialName Dome_IN_M_GateRound
$WorldTM 4 4
1.629717 0.000000 1.184059 0.000000
0.000000 2.014441 0.000000 0.000000
-1.184059 0.000000 1.629717 0.000000
-0.000002 0.000000 0.000000 1.000000
$LocalTM 4 4
1.629717 0.000000 1.184059 0.000000
0.000000 2.014441 0.000000 0.000000
-1.184059 0.000000 1.629717 0.000000
-0.000002 0.000000 0.000000 1.000000
#STATIC
@ParentName RootNode
@NodeName Balcony_B_low.004
@MeshName Dome_IN_8
@MaterialName Dome_IN_M_SideFloor_B
$WorldTM 4 4
-0.809017 0.000000 0.587785 0.000000
0.000000 1.000000 0.000000 0.000000
-0.587785 0.000000 -0.809017 0.000000
0.000000 0.000000 0.000000 1.000000
$LocalTM 4 4
-0.809017 0.000000 0.587785 0.000000
0.000000 1.000000 0.000000 0.000000
-0.587785 0.000000 -0.809017 0.000000
0.000000 0.000000 0.000000 1.000000
#STATIC
@ParentName RootNode
@NodeName Screw.011
@MeshName Dome_IN_17
@MaterialName Dome_IN_M_GateRound
$WorldTM 4 4
1.629717 0.000000 -1.184059 0.000000
0.000000 2.014441 0.000000 0.000000
1.184059 0.000000 1.629717 0.000000
-0.000002 0.000000 0.000000 1.000000
$LocalTM 4 4
1.629717 0.000000 -1.184059 0.000000
0.000000 2.014441 0.000000 0.000000
1.184059 0.000000 1.629717 0.000000
-0.000002 0.000000 0.000000 1.000000
#STATIC
@ParentName RootNode
@NodeName LOW
@MeshName Dome_IN_18
@MaterialName Dome_IN_M_VendingMachine
$WorldTM 4 4
0.782159 0.000000 0.000000 0.000000
0.000000 0.782159 0.000000 0.000000
0.000000 0.000000 0.782159 0.000000
16.623905 0.005832 1.793268 1.000000
$LocalTM 4 4
0.782159 0.000000 0.000000 0.000000
0.000000 0.782159 0.000000 0.000000
0.000000 0.000000 0.782159 0.000000
16.623905 0.005832 1.793268 1.000000
#STATIC
@ParentName RootNode
@NodeName LOW.001
@MeshName Dome_IN_18
@MaterialName Dome_IN_M_VendingMachine
$WorldTM 4 4
0.782159 0.000000 0.000000 0.000000
0.000000 0.782159 0.000000 0.000000
0.000000 0.000000 0.782159 0.000000
16.638147 0.005832 -0.012865 1.000000
$LocalTM 4 4
0.782159 0.000000 0.000000 0.000000
0.000000 0.782159 0.000000 0.000000
0.000000 0.000000 0.782159 0.000000
16.638147 0.005832 -0.012865 1.000000
#STATIC
@ParentName RootNode
@NodeName LOW.002
@MeshName Dome_IN_18
@MaterialName Dome_IN_M_VendingMachine
$WorldTM 4 4
0.782159 0.000000 0.000000 0.000000
0.000000 0.782159 0.000000 0.000000
0.000000 0.000000 0.782159 0.000000
16.623905 0.005832 -1.832773 1.000000
$LocalTM 4 4
0.782159 0.000000 0.000000 0.000000
0.000000 0.782159 0.000000 0.000000
0.000000 0.000000 0.782159 0.000000
16.623905 0.005832 -1.832773 1.000000
#STATIC
@ParentName RootNode
@NodeName Balcony_B_low.005
@MeshName Dome_IN_8
@MaterialName Dome_IN_M_SideFloor_B
$WorldTM 4 4
-1.000000 0.000000 0.000000 0.000000
0.000000 1.000000 0.000000 0.000000
-0.000000 0.000000 -1.000000 0.000000
0.000000 0.000000 0.000000 1.000000
$LocalTM 4 4
-1.000000 0.000000 0.000000 0.000000
0.000000 1.000000 0.000000 0.000000
-0.000000 0.000000 -1.000000 0.000000
0.000000 0.000000 0.000000 1.000000
&