#STATIC
@ParentName RootNode
@NodeName Screw.056
@MeshName Dome_OUT_0
@MaterialName Dome_OUT_M_UpperWall
$WorldTM 4 4
1.000000 0.000000 0.000000 0.000000
0.000000 1.000000 0.000000 0.000000
0.000000 0.000000 1.000000 0.000000
0.000000 0.000000 0.000000 1.000000
$LocalTM 4 4
1.000000 0.000000 0.000000 0.000000
0.000000 1.000000 0.000000 0.000000
0.000000 0.000000 1.000000 0.000000
0.000000 0.000000 0.000000 1.000000
#STATIC
@ParentName RootNode
@NodeName Cube.056
@MeshName Dome_OUT_1
@MaterialName Dome_OUT_M_domePillar
$WorldTM 4 4
-0.309017 0.000000 -0.951056 0.000000
0.000000 1.000000 0.000000 0.000000
0.951056 0.000000 -0.309017 0.000000
0.000000 0.000000 0.000000 1.000000
$LocalTM 4 4
-0.309017 0.000000 -0.951056 0.000000
0.000000 1.000000 0.000000 0.000000
0.951056 0.000000 -0.309017 0.000000
0.000000 0.000000 0.000000 1.000000
#STATIC
@ParentName RootNode
@NodeName Cube.045
@MeshName Dome_OUT_1
@MaterialName Dome_OUT_M_domePillar
$WorldTM 4 4
1.000000 0.000000 0.000000 0.000000
0.000000 1.000000 0.000000 0.000000
0.000000 0.000000 1.000000 0.000000
0.000000 0.000000 0.000000 1.000000
$LocalTM 4 4
1.000000 0.000000 0.000000 0.000000
0.000000 1.000000 0.000000 0.000000
0.000000 0.000000 1.000000 0.000000
0.000000 0.000000 0.000000 1.000000
#STATIC
@ParentName RootNode
@NodeName Ceiling_low.003
@MeshName Dome_OUT_2
@MaterialName Dome_OUT_M_Ceiling
$WorldTM 4 4
1.000000 0.000000 0.000000 0.000000
0.000000 1.000000 0.000000 0.000000
0.000000 0.000000 1.000000 0.000000
0.000000 0.000000 0.000000 1.000000
$LocalTM 4 4
1.000000 0.000000 0.000000 0.000000
0.000000 1.000000 0.000000 0.000000
0.000000 0.000000 1.000000 0.000000
0.000000 0.000000 0.000000 1.000000
#STATIC
@ParentName RootNode
@NodeName Cube.057
@MeshName Dome_OUT_3
@MaterialName Dome_OUT_M_Outsidewall
$WorldTM 4 4
-0.309017 0.000000 -0.951056 0.000000
0.000000 1.000000 0.000000 0.000000
0.951056 0.000000 -0.309017 0.000000
0.000000 0.000000 0.000000 1.000000
$LocalTM 4 4
-0.309017 0.000000 -0.951056 0.000000
0.000000 1.000000 0.000000 0.000000
0.951056 0.000000 -0.309017 0.000000
0.000000 0.000000 0.000000 1.000000
#STATIC
@ParentName RootNode
@NodeName Screw.041
@MeshName Dome_OUT_4
@MaterialName Dome_OUT_M_GateRound
$WorldTM 4 4
0.809017 0.000000 0.587785 0.000000
0.000000 1.000000 0.000000 0.000000
-0.587785 0.000000 0.809017 0.000000
0.000000 0.000000 0.000000 1.000000
$LocalTM 4 4
0.809017 0.000000 0.587785 0.000000
0.000000 1.000000 0.000000 0.000000
-0.587785 0.000000 0.809017 0.000000
0.000000 0.000000 0.000000 1.000000
#STATIC
@ParentName RootNode
@NodeName Screw.003
@MeshName Dome_OUT_4
@MaterialName Dome_OUT_M_GateRound
$WorldTM 4 4
-0.809017 0.000000 0.587785 0.000000
0.000000 1.000000 0.000000 0.000000
-0.587785 0.000000 -0.809017 0.000000
0.000000 0.000000 0.000000 1.000000
$LocalTM 4 4
-0.809017 0.000000 0.587785 0.000000
0.000000 1.000000 0.000000 0.000000
-0.587785 0.000000 -0.809017 0.000000
0.000000 0.000000 0.000000 1.000000
#STATIC
@ParentName RootNode
@NodeName Screw.006
@MeshName Dome_OUT_4
@MaterialName Dome_OUT_M_GateRound
$WorldTM 4 4
-0.809017 0.000000 -0.587785 0.000000
0.000000 1.000000 0.000000 0.000000
0.587785 0.000000 -0.809017 0.000000
0.000000 0.000000 0.000000 1.000000
$LocalTM 4 4
-0.809017 0.000000 -0.587785 0.000000
0.000000 1.000000 0.000000 0.000000
0.587785 0.000000 -0.809017 0.000000
0.000000 0.000000 0.000000 1.000000
#STATIC
@ParentName RootNode
@NodeName Screw.007
@MeshName Dome_OUT_4
@MaterialName Dome_OUT_M_GateRound
$WorldTM 4 4
0.309017 0.000000 -0.951057 0.000000
0.000000 1.000000 0.000000 0.000000
0.951057 0.000000 0.309017 0.000000
0.000000 0.000000 0.000000 1.000000
$LocalTM 4 4
0.309017 0.000000 -0.951057 0.000000
0.000000 1.000000 0.000000 0.000000
0.951057 0.000000 0.309017 0.000000
0.000000 0.000000 0.000000 1.000000
#STATIC
@ParentName RootNode
@NodeName Cube.055
@MeshName Dome_OUT_1
@MaterialName Dome_OUT_M_domePillar
$WorldTM 4 4
0.809017 0.000000 -0.587785 0.000000
0.000000 1.000000 0.000000 0.000000
0.587785 0.000000 0.809017 0.000000
0.000000 0.000000 0.000000 1.000000
$LocalTM 4 4
0.809017 0.000000 -0.587785 0.000000
0.000000 1.000000 0.000000 0.000000
0.587785 0.000000 0.809017 0.000000
0.000000 0.000000 0.000000 1.000000
#STATIC
@ParentName RootNode
@NodeName Cube.054
@MeshName Dome_OUT_1
@MaterialName Dome_OUT_M_domePillar
$WorldTM 4 4
0.309017 0.000000 -0.951057 0.000000
0.000000 1.000000 0.000000 0.000000
0.951057 0.000000 0.309017 0.000000
0.000000 0.000000 0.000000 1.000000
$LocalTM 4 4
0.309017 0.000000 -0.951057 0.000000
0.000000 1.000000 0.000000 0.000000
0.951057 0.000000 0.309017 0.000000
0.000000 0.000000 0.000000 1.000000
#STATIC
@ParentName RootNode
@NodeName Cube.053
@MeshName Dome_OUT_1
@MaterialName Dome_OUT_M_domePillar
$WorldTM 4 4
-0.809017 0.000000 -0.587785 0.000000
0.000000 1.000000 0.000000 0.000000
0.587785 0.000000 -0.809017 0.000000
0.000000 0.000000 0.000000 1.000000
$LocalTM 4 4
-0.809017 0.000000 -0.587785 0.000000
0.000000 1.000000 0.000000 0.000000
0.587785 0.000000 -0.809017 0.000000
0.000000 0.000000 0.000000 1.000000
#STATIC
@ParentName RootNode
@NodeName Cube.052
@MeshName Dome_OUT_1
@MaterialName Dome_OUT_M_domePillar
$WorldTM 4 4
-1.000000 0.000000 0.000000 0.000000
0.000000 1.000000 0.000000 0.000000
-0.000000 0.000000 -1.000000 0.000000
0.000000 0.000000 0.000000 1.000000
$LocalTM 4 4
-1.000000 0.000000 0.000000 0.000000
0.000000 1.000000 0.000000 0.000000
-0.000000 0.000000 -1.000000 0.000000
0.000000 0.000000 0.000000 1.000000
#STATIC
@ParentName RootNode
@NodeName Cube.051
@MeshName Dome_OUT_1
@MaterialName Dome_OUT_M_domePillar
$WorldTM 4 4
-0.809017 0.000000 0.587785 0.000000
0.000000 1.000000 0.000000 0.000000
-0.587785 0.000000 -0.809017 0.000000
0.000000 0.000000 0.000000 1.000000
$LocalTM 4 4
-0.809017 0.000000 0.587785 0.000000
0.000000 1.000000 0.000000 0.000000
-0.587785 0.000000 -0.809017 0.000000
0.000000 0.000000 0.000000 1.000000
#STATIC
@ParentName RootNode
@NodeName Cube.050
@MeshName Dome_OUT_1
@MaterialName Dome_OUT_M_domePillar
$WorldTM 4 4
-0.309017 0.000000 0.951056 0.000000
0.000000 1.000000 0.000000 0.000000
-0.951056 0.000000 -0.309017 0.000000
0.000000 0.000000 0.000000 1.000000
$LocalTM 4 4
-0.309017 0.000000 0.951056 0.000000
0.000000 1.000000 0.000000 0.000000
-0.951056 0.000000 -0.309017 0.000000
0.000000 0.000000 0.000000 1.000000
#STATIC
@ParentName RootNode
@NodeName Cube.049
@MeshName Dome_OUT_1
@MaterialName Dome_OUT_M_domePillar
$WorldTM 4 4
0.309017 0.000000 0.951057 0.000000
0.000000 1.000000 0.000000 0.000000
-0.951057 0.000000 0.309017 0.000000
0.000000 0.000000 0.000000 1.000000
$LocalTM 4 4
0.309017 0.000000 0.951057 0.000000
0.000000 1.000000 0.000000 0.000000
-0.951057 0.000000 0.309017 0.000000
0.000000 0.000000 0.000000 1.000000
#STATIC
@ParentName RootNode
@NodeName Cube.048
@MeshName Dome_OUT_1
@MaterialName Dome_OUT_M_domePillar
$WorldTM 4 4
0.809017 0.000000 0.587785 0.000000
0.000000 1.000000 0.000000 0.000000
-0.587785 0.000000 0.809017 0.000000
0.000000 0.000000 0.000000 1.000000
$LocalTM 4 4
0.809017 0.000000 0.587785 0.000000
0.000000 1.000000 0.000000 0.000000
-0.587785 0.000000 0.809017 0.000000
0.000000 0.000000 0.000000 1.000000
&