#BONE
@ParentName Armature
@NodeName spine.001
@BoneIndex 0
@TopNode YES
$WorldTM 4 4
-1.000000 0.000001 -0.000015 0.000000
-0.000003 -0.988867 0.148804 0.000000
-0.000015 0.148804 0.988866 0.000000
0.000806 0.683146 -0.202686 1.000000
$LocalTM 4 4
-1.000000 0.000001 -0.000015 0.000000
-0.000003 -0.988867 0.148804 0.000000
-0.000015 0.148804 0.988866 0.000000
0.000806 0.683146 -0.202686 1.000000
#BONE
@ParentName spine.001
@NodeName spine
@BoneIndex 1
@TopNode NO
$WorldTM 4 4
-1.000000 0.000000 -0.000015 0.000000
-0.000002 -0.988867 0.148804 0.000000
-0.000015 0.148804 0.988866 0.000000
0.000806 0.661154 -0.202686 1.000000
$LocalTM 4 4
1.000000 0.000001 -0.000000 0.000000
-0.000001 1.000000 0.000000 0.000000
0.000000 -0.000000 1.000000 0.000000
-0.000000 0.021747 -0.003272 1.000000
#BONE
@ParentName spine
@NodeName poleIK.L
@BoneIndex 2
@TopNode NO
$WorldTM 4 4
-1.000000 0.000002 -0.000015 0.000000
-0.000002 -1.000000 0.000000 0.000000
-0.000015 0.000000 1.000000 0.000000
-0.249201 0.376249 0.208472 1.000000
$LocalTM 4 4
1.000000 -0.000002 0.000000 0.000000
0.000002 0.988866 -0.148804 0.000000
-0.000000 0.148804 0.988867 0.000000
0.250001 0.342916 0.364189 1.000000
#BONE
@ParentName spine
@NodeName bone1
@BoneIndex 3
@TopNode NO
$WorldTM 4 4
-1.000000 0.000000 -0.000015 0.000000
-0.000006 0.912778 0.408459 0.000000
0.000014 0.408458 -0.912777 0.000000
0.000803 0.944041 -0.030001 1.000000
$LocalTM 4 4
1.000000 -0.000000 -0.000000 0.000000
0.000000 -0.841835 0.539737 0.000000
-0.000000 -0.539736 -0.841835 0.000000
0.000000 -0.254041 0.212857 1.000000
#BONE
@ParentName spine
@NodeName bone3
@BoneIndex 4
@TopNode NO
$WorldTM 4 4
-1.000000 0.000000 -0.000015 0.000000
-0.000002 0.994062 0.108794 0.000000
0.000015 0.108794 -0.994064 0.000000
0.000806 0.770038 -0.232604 1.000000
$LocalTM 4 4
1.000000 -0.000000 -0.000000 0.000000
-0.000000 -0.966806 0.255503 0.000000
-0.000000 -0.255503 -0.966808 0.000000
0.000000 -0.112124 -0.013383 1.000000
#BONE
@ParentName spine
@NodeName bone2
@BoneIndex 5
@TopNode NO
$WorldTM 4 4
-1.000000 -0.000001 -0.000015 0.000000
-0.000006 0.935739 0.352690 0.000000
0.000014 0.352691 -0.935740 0.000000
0.000805 0.851752 -0.135268 1.000000
$LocalTM 4 4
1.000000 0.000001 -0.000000 0.000000
0.000001 -0.872839 0.488006 0.000000
0.000000 -0.488006 -0.872841 0.000000
-0.000000 -0.178444 0.095029 1.000000
#BONE
@ParentName spine
@NodeName thigh.R
@BoneIndex 6
@TopNode NO
$WorldTM 4 4
-0.982837 -0.173905 0.061548 0.000000
0.052092 -0.581690 -0.811741 0.000000
0.176968 -0.794602 0.580766 0.000000
0.164522 0.724509 -0.134267 1.000000
$LocalTM 4 4
0.982836 0.181130 0.035000 0.000000
-0.052080 0.454424 -0.889263 0.000000
-0.176976 0.872176 0.456057 0.000000
-0.163717 -0.052469 0.077082 1.000000
#BONE
@ParentName thigh.R
@NodeName shin.R
@BoneIndex 7
@TopNode NO
$WorldTM 4 4
-0.967347 0.058568 0.246594 0.000000
-0.059199 0.893812 -0.444516 0.000000
-0.246444 -0.444600 -0.861160 0.000000
0.239507 0.387817 0.111817 1.000000
$LocalTM 4 4
0.955737 -0.284630 -0.074514 0.000000
-0.124614 -0.162174 -0.978862 0.000000
0.266529 0.944821 -0.190465 0.000000
0.000000 0.000000 0.423723 1.000000
#BONE
@ParentName shin.R
@NodeName shin2.R
@BoneIndex 8
@TopNode NO
$WorldTM 4 4
-0.889521 -0.361610 -0.279270 0.000000
0.393341 -0.295105 -0.870744 0.000000
0.232456 -0.884395 0.404739 0.000000
0.159290 0.243101 -0.168488 1.000000
$LocalTM 4 4
0.770431 -0.146413 0.620484 0.000000
-0.612502 0.100006 0.784117 0.000000
-0.176857 -0.984158 -0.012630 0.000000
0.000000 -0.000000 0.325497 1.000000
#BONE
@ParentName spine
@NodeName poleIK.R
@BoneIndex 9
@TopNode NO
$WorldTM 4 4
-1.000000 -0.000002 -0.000015 0.000000
0.000002 -1.000000 0.000000 0.000000
-0.000015 0.000000 1.000000 0.000000
0.249194 0.376249 0.208479 1.000000
$LocalTM 4 4
1.000000 0.000002 -0.000000 0.000000
-0.000002 0.988866 -0.148804 0.000000
0.000000 0.148804 0.988867 0.000000
-0.248394 0.342915 0.364189 1.000000
#BONE
@ParentName spine
@NodeName neck
@BoneIndex 10
@TopNode NO
$WorldTM 4 4
-0.998261 -0.058247 -0.009048 0.000000
0.058252 -0.951335 -0.302603 0.000000
0.009018 -0.302604 0.953074 0.000000
-0.001540 0.681446 0.208397 1.000000
$LocalTM 4 4
0.998261 0.056254 -0.017600 0.000000
-0.058247 0.895715 -0.440798 0.000000
-0.009032 0.441056 0.897435 0.000000
0.002340 0.041105 0.409526 1.000000
#BONE
@ParentName neck
@NodeName head
@BoneIndex 11
@TopNode NO
$WorldTM 4 4
-1.000000 0.000001 -0.000016 0.000000
-0.000011 -0.772310 0.635246 0.000000
-0.000012 0.635246 0.772310 0.000000
0.000796 0.603058 0.455288 1.000000
$LocalTM 4 4
0.998261 -0.058248 -0.009034 0.000000
0.039248 0.542497 0.839140 0.000000
-0.043977 -0.838036 0.543840 0.000000
0.000000 -0.000001 0.259047 1.000000
#BONE
@ParentName spine
@NodeName tail.001
@BoneIndex 12
@TopNode NO
$WorldTM 4 4
-1.000000 0.000000 -0.000015 0.000000
0.000009 0.775780 -0.631003 0.000000
0.000012 -0.631003 -0.775780 0.000000
0.000807 0.562856 -0.297833 1.000000
$LocalTM 4 4
1.000000 0.000000 -0.000000 0.000000
-0.000000 -0.861039 -0.508539 0.000000
-0.000000 0.508538 -0.861039 0.000000
0.000000 0.083045 -0.108715 1.000000
#BONE
@ParentName tail.001
@NodeName tail.002
@BoneIndex 13
@TopNode NO
$WorldTM 4 4
-1.000000 0.000000 -0.000015 0.000000
0.000001 0.998708 -0.050815 0.000000
0.000015 -0.050815 -0.998708 0.000000
0.000810 0.386306 -0.514890 1.000000
$LocalTM 4 4
1.000000 0.000000 -0.000000 0.000000
-0.000000 0.806843 -0.590767 0.000000
0.000000 0.590766 0.806843 0.000000
0.000000 -0.000000 0.279792 1.000000
#BONE
@ParentName tail.002
@NodeName tail.003
@BoneIndex 14
@TopNode NO
$WorldTM 4 4
-1.000000 0.000000 -0.000015 0.000000
-0.000003 0.979530 0.201299 0.000000
0.000015 0.201299 -0.979530 0.000000
0.000815 0.370964 -0.816428 1.000000
$LocalTM 4 4
1.000000 0.000000 -0.000000 0.000000
-0.000000 0.968035 -0.250814 0.000000
-0.000000 0.250814 0.968036 0.000000
-0.000000 0.000000 0.301928 1.000000
#BONE
@ParentName spine
@NodeName thigh.L
@BoneIndex 15
@TopNode NO
$WorldTM 4 4
-0.982835 0.173905 -0.061578 0.000000
-0.052067 -0.581690 -0.811743 0.000000
-0.176985 -0.794603 0.580760 0.000000
-0.164518 0.724509 -0.134272 1.000000
$LocalTM 4 4
0.982836 -0.181130 -0.035000 0.000000
0.052079 0.454424 -0.889263 0.000000
0.176977 0.872176 0.456057 0.000000
0.165323 -0.052469 0.077082 1.000000
#BONE
@ParentName thigh.L
@NodeName shin.L
@BoneIndex 16
@TopNode NO
$WorldTM 4 4
-0.967340 -0.058569 -0.246623 0.000000
0.059212 0.893812 -0.444514 0.000000
0.246470 -0.444600 -0.861153 0.000000
-0.239511 0.387817 0.111810 1.000000
$LocalTM 4 4
0.955737 0.284630 0.074515 0.000000
0.124615 -0.162174 -0.978862 0.000000
-0.266529 0.944820 -0.190465 0.000000
0.000000 0.000000 0.423724 1.000000
#BONE
@ParentName shin.L
@NodeName shin2.L
@BoneIndex 17
@TopNode NO
$WorldTM 4 4
-0.889529 0.361609 0.279243 0.000000
-0.393315 -0.295104 -0.870756 0.000000
-0.232468 -0.884394 0.404730 0.000000
-0.159285 0.243101 -0.168494 1.000000
$LocalTM 4 4
0.770430 0.146412 -0.620484 0.000000
0.612502 0.100008 0.784117 0.000000
0.176858 -0.984156 -0.012629 0.000000
-0.000001 0.000000 0.325498 1.000000
#BONE
@ParentName spine.001
@NodeName footIK.L
@BoneIndex 18
@TopNode NO
$WorldTM 4 4
-0.999995 -0.000102 -0.003051 0.000000
-0.000102 1.000011 -0.000000 0.000000
0.003051 -0.000000 -0.999995 0.000000
-0.208320 0.061331 -0.088982 1.000000
$LocalTM 4 4
0.999995 -0.000350 -0.003018 0.000000
0.000103 -0.988877 0.148805 0.000000
-0.003036 -0.148803 -0.988863 0.000000
0.209124 0.631812 0.019913 1.000000
#BONE
@ParentName footIK.L
@NodeName foot.L
@BoneIndex 19
@TopNode NO
$WorldTM 4 4
0.416937 0.858549 0.298422 0.000000
-0.865676 0.475176 -0.157594 0.000000
-0.277102 -0.192628 0.941333 0.000000
-0.207774 0.061331 -0.085308 1.000000
$LocalTM 4 4
-0.417933 0.858497 -0.297149 0.000000
0.866105 0.475259 0.154952 0.000000
0.274248 -0.192598 -0.942175 0.000000
-0.000558 -0.000000 -0.003672 1.000000
#BONE
@ParentName foot.L
@NodeName toe2.L
@BoneIndex 20
@TopNode NO
$WorldTM 4 4
0.501561 0.795567 0.339866 0.000000
-0.777185 0.586933 -0.226969 0.000000
-0.380044 -0.150298 0.912675 0.000000
-0.276382 0.040247 0.031005 1.000000
$LocalTM 4 4
0.993577 -0.109713 0.027695 0.000000
0.112141 0.987434 -0.111354 0.000000
-0.015130 0.113742 0.993395 0.000000
-0.011996 0.031044 0.132562 1.000000
#BONE
@ParentName foot.L
@NodeName toe2.L.001
@BoneIndex 21
@TopNode NO
$WorldTM 4 4
0.499076 0.806729 0.316403 0.000000
-0.809780 0.564180 -0.161182 0.000000
-0.308536 -0.175773 0.934831 0.000000
-0.217225 0.040247 0.053608 1.000000
$LocalTM 4 4
0.995122 -0.098561 0.004147 0.000000
0.098649 0.994470 -0.036012 0.000000
-0.000575 0.036244 0.999343 0.000000
0.019414 -0.023729 0.137447 1.000000
#BONE
@ParentName spine.001
@NodeName footIK.R
@BoneIndex 22
@TopNode NO
$WorldTM 4 4
-0.999995 0.000102 0.003021 0.000000
0.000102 1.000023 -0.000001 0.000000
-0.003021 -0.000000 -0.999995 0.000000
0.208324 0.061331 -0.088976 1.000000
$LocalTM 4 4
0.999995 0.000352 0.003017 0.000000
-0.000101 -0.988889 0.148807 0.000000
0.003036 -0.148803 -0.988862 0.000000
-0.207521 0.631812 0.019912 1.000000
#BONE
@ParentName footIK.R
@NodeName foot.R
@BoneIndex 23
@TopNode NO
$WorldTM 4 4
0.416949 -0.858547 -0.298408 0.000000
0.865689 0.475184 -0.157569 0.000000
0.277074 -0.192626 0.941342 0.000000
0.207777 0.061331 -0.085302 1.000000
$LocalTM 4 4
-0.417936 -0.858485 0.297147 0.000000
-0.866113 0.475262 0.154953 0.000000
-0.274248 -0.192594 -0.942175 0.000000
0.000559 -0.000000 -0.003672 1.000000
#BONE
@ParentName foot.R
@NodeName toe2.R
@BoneIndex 24
@TopNode NO
$WorldTM 4 4
0.501570 -0.795567 -0.339851 0.000000
0.777201 0.586939 -0.226949 0.000000
0.380017 -0.150298 0.912687 0.000000
0.276382 0.040248 0.031013 1.000000
$LocalTM 4 4
0.993578 0.109708 -0.027697 0.000000
-0.112139 0.987434 -0.111355 0.000000
0.015133 0.113741 0.993395 0.000000
0.011997 0.031044 0.132562 1.000000
#BONE
@ParentName foot.R
@NodeName toe2.R.001
@BoneIndex 25
@TopNode NO
$WorldTM 4 4
0.499085 -0.806729 -0.316387 0.000000
0.809795 0.564186 -0.161161 0.000000
0.308508 -0.175771 0.934841 0.000000
0.217223 0.040247 0.053614 1.000000
$LocalTM 4 4
0.995124 0.098555 -0.004148 0.000000
-0.098646 0.994471 -0.036012 0.000000
0.000576 0.036244 0.999343 0.000000
-0.019414 -0.023729 0.137446 1.000000
#SKIN
@ParentName RootNode
@NodeName monsterA_lp
@MeshName MonsterA+_0
@MaterialName MonsterA+_body.001
@TopNode YES
$WorldTM 4 4
1.000000 0.000000 0.000000 0.000000
0.000000 1.000000 0.000000 0.000000
0.000000 0.000000 1.000000 0.000000
0.000000 0.000000 0.000000 1.000000
$LocalTM 4 4
1.000000 0.000000 0.000000 0.000000
0.000000 1.000000 0.000000 0.000000
0.000000 0.000000 1.000000 0.000000
0.000000 0.000000 0.000000 1.000000
$BoneOffset 26 16
1.000000 0.000000 0.000000 0.000000 0.000000 1.000000 0.000000 0.000000 0.000000 0.000000 1.000000 0.000000 0.000000 0.000000 0.000000 1.000000
-1.000000 -0.000002 -0.000015 0.000000 -0.000000 -0.988866 0.148804 0.000000 -0.000015 0.148804 0.988867 0.000000 0.000803 0.683953 0.102047 1.000000
1.000000 0.000000 0.000000 0.000000 0.000000 1.000000 0.000000 0.000000 0.000000 0.000000 1.000000 0.000000 0.000000 0.000000 0.000000 1.000000
-1.000000 -0.000006 0.000014 0.000000 0.000000 0.912776 0.408459 0.000000 -0.000015 0.408458 -0.912777 0.000000 0.000803 -0.849444 -0.412986 1.000000
-1.000000 -0.000002 0.000015 0.000000 0.000000 0.994067 0.108794 0.000000 -0.000015 0.108794 -0.994065 0.000000 0.000803 -0.740163 -0.314999 1.000000
-1.000000 -0.000006 0.000014 0.000000 -0.000001 0.935741 0.352691 0.000000 -0.000015 0.352691 -0.935740 0.000000 0.000804 -0.749311 -0.426981 1.000000
-0.982837 0.052092 0.176968 0.000000 -0.173905 -0.581691 -0.794602 0.000000 0.061548 -0.811741 0.580766 0.000000 0.295958 0.303880 0.624559 1.000000
-0.967348 -0.059199 -0.246443 0.000000 0.058568 0.893813 -0.444600 0.000000 0.246594 -0.444517 -0.861160 0.000000 0.181399 -0.282753 0.327741 1.000000
-0.889520 0.393342 0.232456 0.000000 -0.361610 -0.295105 -0.884393 0.000000 -0.279270 -0.870744 0.404738 0.000000 0.182546 -0.137625 0.246162 1.000000
1.000000 0.000000 0.000000 0.000000 0.000000 1.000000 0.000000 0.000000 0.000000 0.000000 1.000000 0.000000 0.000000 0.000000 0.000000 1.000000
-0.998261 0.058252 0.009018 0.000000 -0.058247 -0.951335 -0.302604 0.000000 -0.009048 -0.302603 0.953074 0.000000 0.040040 0.711435 0.007604 1.000000
-1.000000 -0.000011 -0.000012 0.000000 0.000001 -0.772310 0.635246 0.000000 -0.000016 0.635246 0.772310 0.000000 0.000803 0.176528 -0.734713 1.000000
-1.000000 0.000009 0.000012 0.000000 0.000000 0.775780 -0.631003 0.000000 -0.000015 -0.631003 -0.775780 0.000000 0.000803 -0.624586 0.124111 1.000000
-1.000000 0.000001 0.000015 0.000000 -0.000000 0.998708 -0.050815 0.000000 -0.000015 -0.050815 -0.998708 0.000000 0.000802 -0.411971 -0.494595 1.000000
-1.000000 -0.000003 0.000015 0.000000 -0.000000 0.979531 0.201299 0.000000 -0.000015 0.201299 -0.979530 0.000000 0.000803 -0.199024 -0.874390 1.000000
-0.982836 -0.052067 -0.176985 0.000000 0.173905 -0.581690 -0.794602 0.000000 -0.061578 -0.811742 0.580760 0.000000 -0.295958 0.303880 0.624559 1.000000
-0.967340 0.059212 0.246470 0.000000 -0.058569 0.893813 -0.444600 0.000000 -0.246623 -0.444515 -0.861153 0.000000 -0.181400 -0.282753 0.327741 1.000000
-0.889529 -0.393315 -0.232468 0.000000 0.361609 -0.295104 -0.884394 0.000000 0.279243 -0.870757 0.404730 0.000000 -0.182546 -0.137626 0.246163 1.000000
-0.999996 -0.000102 0.003051 0.000000 -0.000102 0.999989 -0.000000 0.000000 -0.003051 -0.000000 -0.999996 0.000000 -0.208585 -0.061352 -0.088346 1.000000
0.416931 -0.865666 -0.277098 0.000000 0.858546 0.475164 -0.192627 0.000000 0.298416 -0.157590 0.941335 0.000000 0.059429 -0.222449 0.034544 1.000000
0.501555 -0.777177 -0.380040 0.000000 0.795566 0.586919 -0.150299 0.000000 0.339861 -0.226964 0.912677 0.000000 0.096064 -0.231382 -0.127285 1.000000
0.499069 -0.809772 -0.308531 0.000000 0.806727 0.564167 -0.175773 0.000000 0.316398 -0.161178 0.934832 0.000000 0.058981 -0.189968 -0.110061 1.000000
-0.999996 0.000102 -0.003021 0.000000 0.000102 0.999977 -0.000000 0.000000 0.003021 -0.000000 -0.999996 0.000000 0.208586 -0.061351 -0.088346 1.000000
0.416936 0.865671 0.277066 0.000000 -0.858543 0.475161 -0.192623 0.000000 -0.298396 -0.157563 0.941344 0.000000 -0.059428 -0.222448 0.034545 1.000000
0.501557 0.777184 0.380012 0.000000 -0.795566 0.586911 -0.150296 0.000000 -0.339840 -0.226944 0.912689 0.000000 -0.096062 -0.231382 -0.127284 1.000000
0.499071 0.809777 0.308500 0.000000 -0.806727 0.564158 -0.175769 0.000000 -0.316376 -0.161155 0.934842 0.000000 -0.058979 -0.189968 -0.110060 1.000000
&