#BONE
@NodeName spine.001
@ParentName Armature
@BoneIndex 0
@TopNode YES
$WorldTM 4 4
1.000000 -0.000298 -0.000007 0.000000
-0.000296 -0.988856 -0.148803 0.000000
0.000037 0.148805 -0.988867 0.000000
-0.000810 0.683146 0.202686 1.000000
$LocalTM 4 4
1.000000 -0.000298 -0.000007 0.000000
-0.000296 -0.988856 -0.148803 0.000000
0.000037 0.148805 -0.988867 0.000000
-0.000810 0.683146 0.202686 1.000000
#BONE
@NodeName spine
@ParentName spine.001
@BoneIndex 1
@TopNode NO
$WorldTM 4 4
1.000000 -0.000298 -0.000007 0.000000
-0.000296 -0.988856 -0.148803 0.000000
0.000037 0.148805 -0.988866 0.000000
-0.000820 0.629238 0.103879 1.000000
$LocalTM 4 4
1.000000 -0.000000 -0.000000 0.000000
0.000000 1.000000 -0.000000 0.000000
0.000000 0.000000 1.000000 0.000000
0.000007 0.068012 0.089686 1.000000
#BONE
@NodeName neck
@ParentName spine
@BoneIndex 2
@TopNode NO
$WorldTM 4 4
0.998269 -0.058108 0.009026 0.000000
-0.058113 -0.951333 0.302608 0.000000
-0.008997 -0.302603 -0.953072 0.000000
0.001539 0.628727 -0.307203 1.000000
$LocalTM 4 4
0.998287 0.055824 -0.017536 0.000000
-0.057832 0.895738 -0.440804 0.000000
-0.008900 0.441063 0.897432 0.000000
0.002363 0.061675 0.406429 1.000000
#BONE
@NodeName head
@ParentName neck
@BoneIndex 3
@TopNode NO
$WorldTM 4 4
1.000000 -0.000048 -0.000002 0.000000
-0.000039 -0.772298 -0.635248 0.000000
0.000029 0.635244 -0.772307 0.000000
-0.000792 0.550338 -0.554095 1.000000
$LocalTM 4 4
0.998272 -0.058068 -0.008980 0.000000
0.039105 0.542500 0.839145 0.000000
-0.043856 -0.838047 0.543833 0.000000
-0.000000 0.000000 0.259048 1.000000
#BONE
@NodeName head_end
@ParentName head
@BoneIndex 4
@TopNode NO
$WorldTM 4 4
1.000000 -0.000048 -0.000002 0.000000
-0.000039 -0.772298 -0.635248 0.000000
0.000029 0.635244 -0.772307 0.000000
-0.000786 0.668655 -0.697940 1.000000
$LocalTM 4 4
1.000000 0.000000 -0.000000 0.000000
0.000000 1.000000 -0.000000 0.000000
0.000000 -0.000000 1.000000 0.000000
-0.000000 -0.000000 0.186253 1.000000
#BONE
@NodeName tail.001
@ParentName spine
@BoneIndex 5
@TopNode NO
$WorldTM 4 4
0.981461 -0.063042 -0.180999 0.000000
0.115123 0.948919 0.293730 0.000000
0.153238 -0.309122 0.938595 0.000000
-0.001259 0.532372 0.202680 1.000000
$LocalTM 4 4
0.981481 0.088984 0.169639 0.000000
0.114838 -0.982107 -0.149252 0.000000
0.153323 0.165969 -0.974139 0.000000
-0.000410 0.081086 -0.112115 1.000000
#BONE
@NodeName tail.002
@ParentName tail.001
@BoneIndex 6
@TopNode NO
$WorldTM 4 4
0.886108 -0.152419 -0.437699 0.000000
0.149437 0.987890 -0.041491 0.000000
0.438727 -0.028646 0.898163 0.000000
0.041616 0.445882 0.465292 1.000000
$LocalTM 4 4
0.958512 -0.171192 -0.227920 0.000000
0.091896 0.942465 -0.321425 0.000000
0.269833 0.287145 0.919096 0.000000
0.000000 -0.000000 0.279793 1.000000
#BONE
@NodeName tail.003
@ParentName tail.002
@BoneIndex 7
@TopNode NO
$WorldTM 4 4
0.687646 -0.238757 -0.685664 0.000000
0.054225 0.958623 -0.279433 0.000000
0.724019 0.154967 0.672146 0.000000
0.174080 0.437233 0.736473 1.000000
$LocalTM 4 4
0.945836 -0.104665 -0.307311 0.000000
0.024240 0.966731 -0.254645 0.000000
0.323740 0.233403 0.916905 0.000000
0.000000 0.000000 0.301928 1.000000
#BONE
@NodeName tail.003_end
@ParentName tail.003
@BoneIndex 8
@TopNode NO
$WorldTM 4 4
0.687646 -0.238757 -0.685664 0.000000
0.054225 0.958623 -0.279433 0.000000
0.724019 0.154967 0.672146 0.000000
0.305163 0.465290 0.858165 1.000000
$LocalTM 4 4
1.000000 -0.000000 -0.000000 0.000000
0.000000 1.000000 0.000000 0.000000
-0.000000 -0.000000 1.000000 0.000000
-0.000000 0.000000 0.181050 1.000000
#BONE
@NodeName thigh.L
@ParentName spine
@BoneIndex 9
@TopNode NO
$WorldTM 4 4
0.902857 0.417010 -0.104631 0.000000
0.165259 -0.111940 0.979877 0.000000
0.396909 -0.901968 -0.169979 0.000000
0.164505 0.692592 0.035468 1.000000
$LocalTM 4 4
0.902734 -0.397069 0.165553 0.000000
0.165285 -0.035166 -0.985619 0.000000
0.397179 0.917112 0.033884 0.000000
0.165307 -0.052519 0.077082 1.000000
#BONE
@NodeName shin.L
@ParentName thigh.L
@BoneIndex 10
@TopNode NO
$WorldTM 4 4
0.829425 0.272965 0.487377 0.000000
0.065788 0.818669 -0.570483 0.000000
-0.554730 0.505229 0.661075 0.000000
0.332686 0.310404 -0.036557 1.000000
$LocalTM 4 4
0.811690 0.584084 0.000150 0.000000
0.460487 -0.639772 -0.615349 0.000000
-0.359320 0.499543 -0.788263 0.000000
-0.000000 0.000000 0.423726 1.000000
#BONE
@NodeName shin2.L
@ParentName shin.L
@BoneIndex 11
@TopNode NO
$WorldTM 4 4
0.960676 0.208776 -0.183078 0.000000
0.061755 0.482136 0.873917 0.000000
0.270720 -0.850848 0.450290 0.000000
0.152122 0.474855 0.178622 1.000000
$LocalTM 4 4
0.764575 0.338561 -0.548456 0.000000
0.608762 -0.099770 0.787057 0.000000
0.211747 -0.935640 -0.282383 0.000000
-0.000000 0.000000 0.325498 1.000000
#BONE
@NodeName shin2.L_end
@ParentName shin2.L
@BoneIndex 12
@TopNode NO
$WorldTM 4 4
0.960676 0.208776 -0.183078 0.000000
0.061755 0.482136 0.873917 0.000000
0.270720 -0.850848 0.450290 0.000000
0.207763 0.299980 0.271170 1.000000
$LocalTM 4 4
1.000000 0.000000 0.000000 0.000000
-0.000000 1.000000 0.000000 0.000000
0.000000 0.000000 1.000000 0.000000
0.000000 0.000000 0.205531 1.000000
#BONE
@NodeName poleIK.L
@ParentName spine
@BoneIndex 13
@TopNode NO
$WorldTM 4 4
-1.000000 -0.000000 -0.000037 0.000000
-0.000000 0.999990 -0.000002 0.000000
0.000037 0.000001 -1.000000 0.000000
0.249195 0.344332 -0.307273 1.000000
$LocalTM 4 4
-1.000000 0.000301 -0.000001 0.000000
-0.000298 -0.988866 0.148806 0.000000
0.000044 0.148806 0.988867 0.000000
0.250103 0.342844 0.364188 1.000000
#BONE
@NodeName poleIK.L_end
@ParentName poleIK.L
@BoneIndex 14
@TopNode NO
$WorldTM 4 4
-1.000000 -0.000000 -0.000037 0.000000
-0.000000 0.999990 -0.000002 0.000000
0.000037 0.000001 -1.000000 0.000000
0.249198 0.344332 -0.379935 1.000000
$LocalTM 4 4
1.000000 0.000000 -0.000000 0.000000
0.000000 1.000000 0.000000 0.000000
-0.000000 -0.000000 1.000000 0.000000
0.000000 -0.000000 0.072662 1.000000
#BONE
@NodeName thigh.R
@ParentName spine
@BoneIndex 15
@TopNode NO
$WorldTM 4 4
0.934904 -0.321621 -0.150045 0.000000
-0.067815 -0.576876 0.814010 0.000000
-0.348363 -0.750835 -0.561136 0.000000
-0.164535 0.692592 0.035456 1.000000
$LocalTM 4 4
0.935000 0.340095 0.100550 0.000000
-0.067650 0.449349 -0.890792 0.000000
-0.348136 0.826087 0.443148 0.000000
-0.163733 -0.052419 0.077083 1.000000
#BONE
@NodeName shin.R
@ParentName thigh.R
@BoneIndex 16
@TopNode NO
$WorldTM 4 4
0.835595 0.105895 -0.539039 0.000000
0.150257 0.899764 0.409683 0.000000
0.528394 -0.423321 0.735932 0.000000
-0.312146 0.374444 -0.202312 1.000000
$LocalTM 4 4
0.828022 -0.556537 -0.068126 0.000000
-0.210385 -0.195764 -0.957824 0.000000
0.519726 0.807428 -0.279182 0.000000
0.000000 -0.000000 0.423726 1.000000
#BONE
@NodeName shin2.R
@ParentName shin.R
@BoneIndex 17
@TopNode NO
$WorldTM 4 4
0.943403 -0.322123 -0.078892 0.000000
-0.042013 -0.352045 0.935038 0.000000
-0.328974 -0.878801 -0.345658 0.000000
-0.140155 0.236654 0.037232 1.000000
$LocalTM 4 4
0.796721 -0.180406 0.576794 0.000000
-0.576410 0.059995 0.814955 0.000000
-0.181628 -0.981761 -0.056189 0.000000
-0.000000 0.000000 0.325498 1.000000
#BONE
@NodeName shin2.R_end
@ParentName shin2.R
@BoneIndex 18
@TopNode NO
$WorldTM 4 4
0.943403 -0.322123 -0.078892 0.000000
-0.042013 -0.352045 0.935038 0.000000
-0.328974 -0.878801 -0.345658 0.000000
-0.207769 0.056033 -0.033811 1.000000
$LocalTM 4 4
1.000000 0.000000 0.000000 0.000000
0.000000 1.000000 0.000000 0.000000
0.000000 0.000000 1.000000 0.000000
0.000000 -0.000000 0.205531 1.000000
#BONE
@NodeName poleIK.R
@ParentName spine
@BoneIndex 19
@TopNode NO
$WorldTM 4 4
-1.000000 0.000000 -0.000037 0.000000
0.000000 0.999990 -0.000002 0.000000
0.000037 0.000001 -1.000000 0.000000
-0.249200 0.344332 -0.307292 1.000000
$LocalTM 4 4
-1.000000 0.000301 -0.000000 0.000000
-0.000298 -0.988866 0.148806 0.000000
0.000045 0.148806 0.988867 0.000000
-0.248291 0.342995 0.364188 1.000000
#BONE
@NodeName poleIK.R_end
@ParentName poleIK.R
@BoneIndex 20
@TopNode NO
$WorldTM 4 4
-1.000000 0.000000 -0.000037 0.000000
0.000000 0.999990 -0.000002 0.000000
0.000037 0.000001 -1.000000 0.000000
-0.249197 0.344332 -0.379954 1.000000
$LocalTM 4 4
1.000000 0.000000 -0.000000 0.000000
0.000000 1.000000 0.000000 0.000000
0.000000 -0.000000 1.000000 0.000000
0.000000 -0.000000 0.072662 1.000000
#BONE
@NodeName footIK.L
@ParentName spine.001
@BoneIndex 21
@TopNode NO
$WorldTM 4 4
0.999995 0.000079 0.003075 0.000000
0.000002 0.999651 -0.026273 0.000000
-0.003076 0.026269 0.999650 0.000000
0.208313 0.300077 0.274840 1.000000
$LocalTM 4 4
0.999995 -0.000831 -0.002992 0.000000
-0.000295 -0.984622 0.174733 0.000000
-0.003091 -0.174730 -0.984611 0.000000
0.209237 0.368009 -0.128346 1.000000
#BONE
@NodeName foot.L
@ParentName footIK.L
@BoneIndex 22
@TopNode NO
$WorldTM 4 4
-0.174908 0.921936 -0.345594 0.000000
0.969152 0.223114 0.104707 0.000000
0.173641 -0.316615 -0.932524 0.000000
0.207766 0.299980 0.271167 1.000000
$LocalTM 4 4
-0.175897 0.930700 -0.320713 0.000000
0.969486 0.220290 0.107552 0.000000
0.170749 -0.292010 -0.941050 0.000000
-0.000559 -0.000000 -0.003672 1.000000
#BONE
@NodeName toe2.L
@ParentName foot.L
@BoneIndex 23
@TopNode NO
$WorldTM 4 4
-0.569896 0.511348 -0.643227 0.000000
0.755736 0.633494 -0.165966 0.000000
0.322615 -0.580689 -0.747472 0.000000
0.262966 0.258361 0.153373 1.000000
$LocalTM 4 4
0.793407 -0.505577 0.338964 0.000000
0.509217 0.856389 0.085418 0.000000
-0.333470 0.104836 0.936914 0.000000
-0.007317 0.031878 0.132609 1.000000
#BONE
@NodeName toe2.L_end
@ParentName toe2.L
@BoneIndex 24
@TopNode NO
$WorldTM 4 4
-0.569896 0.511348 -0.643227 0.000000
0.755736 0.633494 -0.165966 0.000000
0.322615 -0.580689 -0.747472 0.000000
0.312747 0.168758 0.038034 1.000000
$LocalTM 4 4
1.000000 0.000000 -0.000000 0.000000
-0.000000 1.000000 -0.000000 0.000000
-0.000000 -0.000000 1.000000 0.000000
0.000000 0.000000 0.154305 1.000000
#BONE
@NodeName toe2.L.001
@ParentName foot.L
@BoneIndex 25
@TopNode NO
$WorldTM 4 4
-0.398741 0.682998 -0.611978 0.000000
0.902438 0.410934 -0.129368 0.000000
0.163126 -0.603852 -0.780222 0.000000
0.205605 0.274973 0.133824 1.000000
$LocalTM 4 4
0.910923 -0.298132 0.285196 0.000000
0.265723 0.952741 0.147229 0.000000
-0.315611 -0.058332 0.947094 0.000000
0.024787 -0.022054 0.135619 1.000000
#BONE
@NodeName toe2.L.001_end
@ParentName toe2.L.001
@BoneIndex 26
@TopNode NO
$WorldTM 4 4
-0.398741 0.682998 -0.611978 0.000000
0.902438 0.410934 -0.129368 0.000000
0.163126 -0.603852 -0.780222 0.000000
0.229817 0.185345 0.018018 1.000000
$LocalTM 4 4
1.000000 -0.000000 -0.000000 0.000000
0.000000 1.000000 -0.000000 0.000000
0.000000 0.000000 1.000000 0.000000
0.000000 -0.000000 0.148426 1.000000
#BONE
@NodeName footIK.R
@ParentName spine.001
@BoneIndex 27
@TopNode NO
$WorldTM 4 4
0.999996 0.000486 -0.002943 0.000000
-0.000007 0.986960 0.160842 0.000000
0.002983 -0.160844 0.986975 0.000000
-0.208317 0.055442 -0.030185 1.000000
$LocalTM 4 4
0.999995 -0.000339 0.003020 0.000000
-0.000302 -0.999916 -0.012187 0.000000
0.003024 0.012186 -0.999921 0.000000
-0.207318 0.655436 0.136865 1.000000
#BONE
@NodeName foot.R
@ParentName footIK.R
@BoneIndex 28
@TopNode NO
$WorldTM 4 4
-0.309001 -0.939898 0.145172 0.000000
-0.910501 0.336450 0.240380 0.000000
-0.274782 -0.057895 -0.959761 0.000000
-0.207769 0.056033 -0.033811 1.000000
$LocalTM 4 4
-0.309884 -0.904325 0.293536 0.000000
-0.911040 0.370747 0.180417 0.000000
-0.271984 -0.211516 -0.938768 0.000000
0.000559 -0.000000 -0.003672 1.000000
#BONE
@NodeName toe2.R
@ParentName foot.R
@BoneIndex 29
@TopNode NO
$WorldTM 4 4
-0.655517 -0.707376 0.264379 0.000000
-0.656156 0.706808 0.264307 0.000000
-0.373838 -0.000211 -0.927493 0.000000
-0.275493 0.052208 -0.152359 1.000000
$LocalTM 4 4
0.905823 0.422395 -0.032658 0.000000
-0.423232 0.898783 -0.114299 0.000000
-0.018926 0.117357 0.992909 0.000000
0.007312 0.031879 0.132609 1.000000
#BONE
@NodeName toe2.R_end
@ParentName toe2.R
@BoneIndex 30
@TopNode NO
$WorldTM 4 4
-0.655517 -0.707376 0.264379 0.000000
-0.656156 0.706808 0.264307 0.000000
-0.373838 -0.000211 -0.927493 0.000000
-0.333178 0.052176 -0.295476 1.000000
$LocalTM 4 4
1.000000 -0.000000 0.000000 0.000000
-0.000000 1.000000 -0.000000 0.000000
-0.000000 -0.000000 1.000000 0.000000
0.000000 0.000000 0.154305 1.000000
#BONE
@NodeName toe2.R.001
@ParentName foot.R
@BoneIndex 31
@TopNode NO
$WorldTM 4 4
-0.459316 -0.872118 0.168547 0.000000
-0.833332 0.488765 0.258176 0.000000
-0.307547 -0.021866 -0.951281 0.000000
-0.217294 0.064054 -0.172873 1.000000
$LocalTM 4 4
0.986132 0.165287 0.014944 0.000000
-0.164428 0.985264 -0.047104 0.000000
-0.022510 0.043993 0.998778 0.000000
-0.024784 -0.022057 0.135619 1.000000
#BONE
@NodeName toe2.R.001_end
@ParentName toe2.R.001
@BoneIndex 32
@TopNode NO
$WorldTM 4 4
-0.459316 -0.872118 0.168547 0.000000
-0.833332 0.488765 0.258176 0.000000
-0.307547 -0.021866 -0.951281 0.000000
-0.262942 0.060808 -0.314068 1.000000
$LocalTM 4 4
1.000000 -0.000000 0.000000 0.000000
0.000000 1.000000 0.000000 0.000000
0.000000 0.000000 1.000000 0.000000
0.000000 -0.000000 0.148426 1.000000
#SKIN
@NodeName monsterA_lp
@ParentName RootNode
@MeshName MonsterA+_0
@MaterialName MonsterA+_body.001
@TopNode YES
$WorldTM 4 4
1.000000 0.000000 0.000000 0.000000
0.000000 1.000000 0.000000 0.000000
0.000000 0.000000 1.000000 0.000000
0.000000 0.000000 0.000000 1.000000
$LocalTM 4 4
1.000000 0.000000 0.000000 0.000000
0.000000 1.000000 0.000000 0.000000
0.000000 0.000000 1.000000 0.000000
0.000000 0.000000 0.000000 1.000000
$BoneOffset 33 16
1.000000 -0.000296 0.000037 0.000000 -0.000298 -0.988877 0.148804 0.000000 -0.000007 -0.148806 -0.988867 0.000000 0.001015 0.705707 0.098774 1.000000
1.000000 -0.000296 0.000037 0.000000 -0.000298 -0.988877 0.148804 0.000000 -0.000007 -0.148806 -0.988867 0.000000 0.001009 0.683961 0.102047 1.000000
0.998269 -0.058113 -0.008997 0.000000 -0.058108 -0.951352 -0.302605 0.000000 0.009026 0.302607 -0.953075 0.000000 0.039936 0.711447 0.007605 1.000000
1.000000 -0.000039 0.000029 0.000000 -0.000048 -0.772313 0.635251 0.000000 -0.000002 -0.635253 -0.772310 0.000000 0.000814 0.176526 -0.734717 1.000000
1.000000 0.000000 0.000000 0.000000 0.000000 1.000000 0.000000 0.000000 0.000000 0.000000 1.000000 0.000000 0.000000 0.000000 0.000000 1.000000
1.000000 -0.000016 -0.000029 0.000000 -0.000006 0.775784 -0.631009 0.000000 0.000032 0.631011 0.775780 0.000000 0.000808 -0.624590 0.124114 1.000000
1.000000 -0.000001 -0.000037 0.000000 -0.000001 0.998719 -0.050815 0.000000 0.000037 0.050816 0.998708 0.000000 0.000803 -0.411976 -0.494595 1.000000
1.000000 0.000005 -0.000037 0.000000 0.000002 0.979540 0.201300 0.000000 0.000037 -0.201301 0.979531 0.000000 0.000802 -0.199026 -0.874391 1.000000
1.000000 0.000000 0.000000 0.000000 0.000000 1.000000 0.000000 0.000000 0.000000 0.000000 1.000000 0.000000 0.000000 0.000000 0.000000 1.000000
0.925286 0.335441 0.176996 0.000000 0.335450 -0.506038 -0.794613 0.000000 -0.176978 0.794613 -0.580756 0.000000 -0.371496 0.204747 0.624567 1.000000
0.967355 -0.058891 -0.246489 0.000000 -0.058876 0.893800 -0.444602 0.000000 0.246492 0.444604 0.861148 0.000000 -0.181302 -0.282817 0.327742 1.000000
0.909220 0.345366 0.232475 0.000000 0.345376 -0.313939 -0.884405 0.000000 -0.232459 0.884401 -0.404724 0.000000 -0.189615 -0.127710 0.246166 1.000000
1.000000 0.000000 0.000000 0.000000 0.000000 1.000000 0.000000 0.000000 0.000000 0.000000 1.000000 0.000000 0.000000 0.000000 0.000000 1.000000
-1.000000 0.000000 0.000037 0.000000 0.000000 1.000010 -0.000000 0.000000 -0.000037 -0.000000 -1.000000 0.000000 0.249198 -0.376253 -0.208475 1.000000
1.000000 0.000000 0.000000 0.000000 0.000000 1.000000 0.000000 0.000000 0.000000 0.000000 1.000000 0.000000 0.000000 0.000000 0.000000 1.000000
0.925301 -0.335422 -0.176953 0.000000 -0.335407 -0.506066 -0.794613 0.000000 0.176980 0.794603 -0.580769 0.000000 0.371479 0.204778 0.624567 1.000000
0.967373 0.058868 0.246424 0.000000 0.058866 0.893800 -0.444602 0.000000 -0.246424 0.444605 0.861166 0.000000 0.181305 -0.282815 0.327742 1.000000
0.909225 -0.345372 -0.232444 0.000000 -0.345355 -0.313962 -0.884404 0.000000 0.232468 0.884391 -0.404741 0.000000 0.189623 -0.127697 0.246166 1.000000
1.000000 0.000000 0.000000 0.000000 0.000000 1.000000 0.000000 0.000000 0.000000 0.000000 1.000000 0.000000 0.000000 0.000000 0.000000 1.000000
-1.000000 0.000000 0.000037 0.000000 0.000000 1.000010 -0.000000 0.000000 -0.000037 -0.000000 -1.000000 0.000000 -0.249197 -0.376253 -0.208475 1.000000
1.000000 0.000000 0.000000 0.000000 0.000000 1.000000 0.000000 0.000000 0.000000 0.000000 1.000000 0.000000 0.000000 0.000000 0.000000 1.000000
0.999995 0.000001 -0.003073 0.000000 -0.000001 1.000004 -0.000000 0.000000 0.003073 0.000000 0.999995 0.000000 -0.208592 -0.061332 -0.088346 1.000000
-0.308852 0.909843 0.277124 0.000000 0.909849 0.367525 -0.192632 0.000000 -0.277116 0.192646 -0.941326 0.000000 0.032010 -0.228016 0.034543 1.000000
-0.653983 0.654111 0.380064 0.000000 0.654113 0.741317 -0.150302 0.000000 -0.380062 0.150310 -0.912667 0.000000 0.142643 -0.205961 -0.127286 1.000000
1.000000 0.000000 0.000000 0.000000 0.000000 1.000000 0.000000 0.000000 0.000000 0.000000 1.000000 0.000000 0.000000 0.000000 0.000000 1.000000
-0.460736 0.832177 0.308557 0.000000 0.832181 0.525911 -0.175777 0.000000 -0.308551 0.175788 -0.934824 0.000000 0.050052 -0.192514 -0.110062 1.000000
1.000000 0.000000 0.000000 0.000000 0.000000 1.000000 0.000000 0.000000 0.000000 0.000000 1.000000 0.000000 0.000000 0.000000 0.000000 1.000000
0.999995 0.000000 0.002999 0.000000 -0.000000 1.000020 -0.000000 0.000000 -0.002999 0.000000 0.999996 0.000000 0.208592 -0.061333 -0.088346 1.000000
-0.308745 -0.909903 -0.277060 0.000000 -0.909912 0.367397 -0.192637 0.000000 0.277076 0.192622 -0.941346 0.000000 -0.031978 -0.228021 0.034542 1.000000
-0.653971 -0.654171 -0.380001 0.000000 -0.654167 0.741280 -0.150304 0.000000 0.380011 0.150290 -0.912694 0.000000 -0.142629 -0.205972 -0.127287 1.000000
1.000000 0.000000 0.000000 0.000000 0.000000 1.000000 0.000000 0.000000 0.000000 0.000000 1.000000 0.000000 0.000000 0.000000 0.000000 1.000000
-0.460668 -0.832245 -0.308493 0.000000 -0.832249 0.525821 -0.175781 0.000000 0.308507 0.175765 -0.934846 0.000000 -0.050030 -0.192520 -0.110063 1.000000
1.000000 0.000000 0.000000 0.000000 0.000000 1.000000 0.000000 0.000000 0.000000 0.000000 1.000000 0.000000 0.000000 0.000000 0.000000 1.000000
&