#BONE
@ParentName Armature
@NodeName spine.001
@BoneIndex 0
@TopNode YES
$WorldTM 4 4
1.000000 0.000001 0.000008 0.000000
0.000002 -0.988857 -0.148803 0.000000
0.000008 0.148804 -0.988867 0.000000
-0.000804 0.683146 0.202686 1.000000
$LocalTM 4 4
1.000000 0.000001 0.000008 0.000000
0.000002 -0.988857 -0.148803 0.000000
0.000008 0.148804 -0.988867 0.000000
-0.000804 0.683146 0.202686 1.000000
#BONE
@ParentName spine.001
@NodeName spine
@BoneIndex 1
@TopNode NO
$WorldTM 4 4
1.000000 -0.000000 0.000008 0.000000
0.000001 -0.988857 -0.148803 0.000000
0.000008 0.148804 -0.988867 0.000000
-0.000804 0.661154 0.202686 1.000000
$LocalTM 4 4
1.000000 0.000001 -0.000000 0.000000
-0.000001 1.000000 0.000000 0.000000
0.000000 -0.000000 1.000000 0.000000
-0.000000 0.021747 -0.003273 1.000000
#BONE
@ParentName spine
@NodeName poleIK.L
@BoneIndex 2
@TopNode NO
$WorldTM 4 4
1.000000 0.000002 0.000008 0.000000
0.000002 -0.999990 0.000001 0.000000
0.000008 -0.000001 -1.000000 0.000000
0.249199 0.376249 -0.208473 1.000000
$LocalTM 4 4
1.000000 -0.000002 0.000000 0.000000
0.000002 0.988866 -0.148804 0.000000
0.000000 0.148807 0.988866 0.000000
0.250000 0.342919 0.364189 1.000000
#BONE
@ParentName spine
@NodeName bone1
@BoneIndex 3
@TopNode NO
$WorldTM 4 4
1.000000 -0.000000 0.000008 0.000000
0.000003 0.912765 -0.408459 0.000000
-0.000007 0.408463 0.912775 0.000000
-0.000803 0.944041 0.030001 1.000000
$LocalTM 4 4
1.000000 0.000000 -0.000000 0.000000
0.000000 -0.841831 0.539734 0.000000
-0.000000 -0.539746 -0.841832 0.000000
-0.000000 -0.254044 0.212857 1.000000
#BONE
@ParentName spine
@NodeName bone3
@BoneIndex 4
@TopNode NO
$WorldTM 4 4
1.000000 -0.000000 0.000008 0.000000
0.000001 0.994054 -0.108794 0.000000
-0.000008 0.108796 0.994064 0.000000
-0.000804 0.770038 0.232604 1.000000
$LocalTM 4 4
1.000000 0.000000 -0.000000 0.000000
-0.000000 -0.966807 0.255502 0.000000
-0.000000 -0.255507 -0.966807 0.000000
0.000000 -0.112125 -0.013382 1.000000
#BONE
@ParentName spine
@NodeName bone2
@BoneIndex 5
@TopNode NO
$WorldTM 4 4
1.000000 -0.000001 0.000008 0.000000
0.000004 0.935729 -0.352692 0.000000
-0.000007 0.352695 0.935738 0.000000
-0.000804 0.851752 0.135268 1.000000
$LocalTM 4 4
1.000000 0.000001 -0.000000 0.000000
0.000001 -0.872838 0.488005 0.000000
0.000000 -0.488014 -0.872838 0.000000
-0.000000 -0.178446 0.095029 1.000000
#BONE
@ParentName spine
@NodeName thigh.R
@BoneIndex 6
@TopNode NO
$WorldTM 4 4
0.982837 -0.173905 -0.061554 0.000000
-0.052085 -0.581681 0.811736 0.000000
-0.176971 -0.794606 -0.580761 0.000000
-0.164521 0.724509 0.134268 1.000000
$LocalTM 4 4
0.982837 0.181131 0.034999 0.000000
-0.052079 0.454420 -0.889255 0.000000
-0.176976 0.872187 0.456053 0.000000
-0.163717 -0.052469 0.077083 1.000000
#BONE
@ParentName thigh.R
@NodeName shin.R
@BoneIndex 7
@TopNode NO
$WorldTM 4 4
0.967346 0.058570 -0.246601 0.000000
0.059201 0.893802 0.444515 0.000000
0.246450 -0.444603 0.861157 0.000000
-0.239508 0.387814 -0.111815 1.000000
$LocalTM 4 4
0.955737 -0.284634 -0.074516 0.000000
-0.124613 -0.162165 -0.978853 0.000000
0.266531 0.944830 -0.190457 0.000000
0.000000 0.000000 0.423725 1.000000
#BONE
@ParentName shin.R
@NodeName shin2.R
@BoneIndex 8
@TopNode NO
$WorldTM 4 4
0.889523 -0.361607 0.279265 0.000000
-0.393331 -0.295099 0.870739 0.000000
-0.232457 -0.884395 -0.404733 0.000000
-0.159289 0.243096 0.168489 1.000000
$LocalTM 4 4
0.770430 -0.146410 0.620485 0.000000
-0.612495 0.100013 0.784108 0.000000
-0.176858 -0.984166 -0.012623 0.000000
0.000000 -0.000001 0.325498 1.000000
#BONE
@ParentName spine
@NodeName poleIK.R
@BoneIndex 9
@TopNode NO
$WorldTM 4 4
1.000000 -0.000002 0.000008 0.000000
-0.000002 -0.999990 0.000001 0.000000
0.000008 -0.000001 -1.000000 0.000000
-0.249196 0.376249 -0.208476 1.000000
$LocalTM 4 4
1.000000 0.000002 -0.000000 0.000000
-0.000002 0.988866 -0.148804 0.000000
-0.000000 0.148807 0.988866 0.000000
-0.248395 0.342919 0.364188 1.000000
#BONE
@ParentName spine
@NodeName neck
@BoneIndex 10
@TopNode NO
$WorldTM 4 4
0.998261 -0.058247 0.009041 0.000000
-0.058249 -0.951325 0.302605 0.000000
-0.009025 -0.302608 -0.953072 0.000000
0.001539 0.681447 -0.208397 1.000000
$LocalTM 4 4
0.998261 0.056254 -0.017600 0.000000
-0.058246 0.895713 -0.440797 0.000000
-0.009032 0.441064 0.897432 0.000000
0.002340 0.041104 0.409526 1.000000
#BONE
@ParentName neck
@NodeName head
@BoneIndex 11
@TopNode NO
$WorldTM 4 4
1.000000 0.000001 0.000008 0.000000
0.000006 -0.772300 -0.635243 0.000000
0.000006 0.635249 -0.772307 0.000000
-0.000799 0.603057 -0.455289 1.000000
$LocalTM 4 4
0.998262 -0.058248 -0.009033 0.000000
0.039246 0.542490 0.839137 0.000000
-0.043978 -0.838048 0.543833 0.000000
-0.000000 -0.000000 0.259049 1.000000
#BONE
@ParentName spine
@NodeName tail.001
@BoneIndex 12
@TopNode NO
$WorldTM 4 4
1.000000 -0.000000 0.000008 0.000000
-0.000005 0.775770 0.631000 0.000000
-0.000006 -0.631006 0.775778 0.000000
-0.000805 0.562856 0.297833 1.000000
$LocalTM 4 4
1.000000 0.000000 -0.000000 0.000000
-0.000000 -0.861037 -0.508537 0.000000
-0.000000 0.508547 -0.861037 0.000000
-0.000000 0.083046 -0.108715 1.000000
#BONE
@ParentName tail.001
@NodeName tail.002
@BoneIndex 13
@TopNode NO
$WorldTM 4 4
1.000000 -0.000000 0.000008 0.000000
-0.000000 0.998698 0.050813 0.000000
-0.000008 -0.050814 0.998708 0.000000
-0.000807 0.386305 0.514890 1.000000
$LocalTM 4 4
1.000000 0.000000 -0.000000 0.000000
-0.000000 0.806840 -0.590765 0.000000
-0.000000 0.590777 0.806839 0.000000
-0.000000 -0.000000 0.279793 1.000000
#BONE
@ParentName tail.002
@NodeName tail.003
@BoneIndex 14
@TopNode NO
$WorldTM 4 4
1.000000 -0.000000 0.000008 0.000000
0.000002 0.979520 -0.201301 0.000000
-0.000008 0.201302 0.979529 0.000000
-0.000809 0.370963 0.816428 1.000000
$LocalTM 4 4
1.000000 0.000000 -0.000000 0.000000
-0.000000 0.968035 -0.250814 0.000000
-0.000000 0.250819 0.968035 0.000000
0.000000 0.000000 0.301928 1.000000
#BONE
@ParentName spine
@NodeName thigh.L
@BoneIndex 15
@TopNode NO
$WorldTM 4 4
0.982836 0.173905 0.061569 0.000000
0.052073 -0.581681 0.811737 0.000000
0.176980 -0.794606 -0.580758 0.000000
0.164519 0.724509 0.134271 1.000000
$LocalTM 4 4
0.982836 -0.181131 -0.034998 0.000000
0.052080 0.454420 -0.889255 0.000000
0.176975 0.872187 0.456053 0.000000
0.165323 -0.052470 0.077082 1.000000
#BONE
@ParentName thigh.L
@NodeName shin.L
@BoneIndex 16
@TopNode NO
$WorldTM 4 4
0.967342 -0.058570 0.246615 0.000000
-0.059207 0.893803 0.444514 0.000000
-0.246462 -0.444602 0.861153 0.000000
0.239510 0.387814 -0.111812 1.000000
$LocalTM 4 4
0.955737 0.284633 0.074517 0.000000
0.124614 -0.162166 -0.978854 0.000000
-0.266530 0.944830 -0.190457 0.000000
-0.000000 -0.000001 0.423726 1.000000
#BONE
@ParentName shin.L
@NodeName shin2.L
@BoneIndex 17
@TopNode NO
$WorldTM 4 4
0.889528 0.361606 -0.279251 0.000000
0.393317 -0.295099 0.870746 0.000000
0.232462 -0.884395 -0.404728 0.000000
0.159287 0.243096 0.168492 1.000000
$LocalTM 4 4
0.770431 0.146410 -0.620485 0.000000
0.612495 0.100013 0.784110 0.000000
0.176858 -0.984164 -0.012622 0.000000
0.000000 -0.000001 0.325499 1.000000
#BONE
@ParentName spine.001
@NodeName footIK.L
@BoneIndex 18
@TopNode NO
$WorldTM 4 4
0.999995 -0.000101 0.003043 0.000000
0.000101 1.000004 -0.000001 0.000000
-0.003043 0.000001 0.999995 0.000000
0.208322 0.061331 0.088982 1.000000
$LocalTM 4 4
0.999995 -0.000351 -0.003016 0.000000
0.000102 -0.988880 0.148806 0.000000
-0.003035 -0.148806 -0.988861 0.000000
0.209125 0.631818 0.019911 1.000000
#BONE
@ParentName footIK.L
@NodeName foot.L
@BoneIndex 19
@TopNode NO
$WorldTM 4 4
-0.416943 0.858546 -0.298422 0.000000
0.865670 0.475177 0.157582 0.000000
0.277094 -0.192631 -0.941335 0.000000
0.207774 0.061331 0.085308 1.000000
$LocalTM 4 4
-0.417936 0.858501 -0.297151 0.000000
0.866098 0.475262 0.154948 0.000000
0.274247 -0.192601 -0.942175 0.000000
-0.000559 -0.000000 -0.003672 1.000000
#BONE
@ParentName foot.L
@NodeName toe2.L
@BoneIndex 20
@TopNode NO
$WorldTM 4 4
-0.501565 0.795564 -0.339866 0.000000
0.777180 0.586931 0.226958 0.000000
0.380037 -0.150302 -0.912678 0.000000
0.276382 0.040247 -0.031006 1.000000
$LocalTM 4 4
0.993578 -0.109712 0.027697 0.000000
0.112139 0.987433 -0.111354 0.000000
-0.015132 0.113743 0.993395 0.000000
-0.011997 0.031044 0.132563 1.000000
#BONE
@ParentName foot.L
@NodeName toe2.L.001
@BoneIndex 21
@TopNode NO
$WorldTM 4 4
-0.499080 0.806726 -0.316402 0.000000
0.809774 0.564178 0.161172 0.000000
0.308527 -0.175776 -0.934834 0.000000
0.217224 0.040247 -0.053609 1.000000
$LocalTM 4 4
0.995122 -0.098559 0.004148 0.000000
0.098646 0.994470 -0.036012 0.000000
-0.000575 0.036245 0.999343 0.000000
0.019414 -0.023729 0.137447 1.000000
#BONE
@ParentName spine.001
@NodeName footIK.R
@BoneIndex 22
@TopNode NO
$WorldTM 4 4
0.999995 0.000101 -0.003029 0.000000
-0.000101 1.000005 -0.000001 0.000000
0.003029 0.000001 0.999995 0.000000
-0.208323 0.061331 0.088979 1.000000
$LocalTM 4 4
0.999995 0.000353 0.003018 0.000000
-0.000100 -0.988881 0.148806 0.000000
0.003037 -0.148806 -0.988861 0.000000
-0.207520 0.631818 0.019911 1.000000
#BONE
@ParentName footIK.R
@NodeName foot.R
@BoneIndex 23
@TopNode NO
$WorldTM 4 4
-0.416949 -0.858545 0.298416 0.000000
-0.865672 0.475179 0.157568 0.000000
-0.277079 -0.192631 -0.941340 0.000000
-0.207776 0.061331 0.085305 1.000000
$LocalTM 4 4
-0.417938 -0.858499 0.297150 0.000000
-0.866098 0.475263 0.154946 0.000000
-0.274246 -0.192601 -0.942175 0.000000
0.000558 -0.000000 -0.003672 1.000000
#BONE
@ParentName foot.R
@NodeName toe2.R
@BoneIndex 24
@TopNode NO
$WorldTM 4 4
-0.501571 -0.795563 0.339858 0.000000
-0.777184 0.586933 0.226946 0.000000
-0.380022 -0.150302 -0.912684 0.000000
-0.276382 0.040247 -0.031010 1.000000
$LocalTM 4 4
0.993577 0.109711 -0.027696 0.000000
-0.112138 0.987434 -0.111354 0.000000
0.015131 0.113743 0.993395 0.000000
0.011997 0.031044 0.132563 1.000000
#BONE
@ParentName foot.R
@NodeName toe2.R.001
@BoneIndex 25
@TopNode NO
$WorldTM 4 4
-0.499086 -0.806726 0.316395 0.000000
-0.809778 0.564180 0.161158 0.000000
-0.308512 -0.175777 -0.934838 0.000000
-0.217224 0.040247 -0.053612 1.000000
$LocalTM 4 4
0.995123 0.098559 -0.004148 0.000000
-0.098645 0.994471 -0.036011 0.000000
0.000576 0.036244 0.999343 0.000000
-0.019414 -0.023729 0.137447 1.000000
#SKIN
@ParentName RootNode
@NodeName monsterA_lp
@MeshName MonsterA+_0
@MaterialName MonsterA+_body.001
@TopNode YES
$WorldTM 4 4
1.000000 0.000000 0.000000 0.000000
0.000000 1.000000 0.000000 0.000000
0.000000 0.000000 1.000000 0.000000
0.000000 0.000000 0.000000 1.000000
$LocalTM 4 4
1.000000 0.000000 0.000000 0.000000
0.000000 1.000000 0.000000 0.000000
0.000000 0.000000 1.000000 0.000000
0.000000 0.000000 0.000000 1.000000
$BoneOffset 26 16
1.000000 0.000000 0.000000 0.000000 0.000000 1.000000 0.000000 0.000000 0.000000 0.000000 1.000000 0.000000 0.000000 0.000000 0.000000 1.000000
1.000000 0.000001 0.000008 0.000000 0.000000 -0.988876 0.148804 0.000000 0.000008 -0.148805 -0.988867 0.000000 0.000802 0.683960 0.102047 1.000000
1.000000 0.000000 0.000000 0.000000 0.000000 1.000000 0.000000 0.000000 0.000000 0.000000 1.000000 0.000000 0.000000 0.000000 0.000000 1.000000
1.000000 0.000003 -0.000007 0.000000 0.000000 0.912784 0.408461 0.000000 0.000008 -0.408463 0.912778 0.000000 0.000803 -0.849451 -0.412988 1.000000
1.000000 0.000001 -0.000008 0.000000 -0.000000 0.994074 0.108793 0.000000 0.000008 -0.108794 0.994065 0.000000 0.000802 -0.740169 -0.314998 1.000000
1.000000 0.000004 -0.000007 0.000000 -0.000001 0.935747 0.352692 0.000000 0.000008 -0.352694 0.935742 0.000000 0.000804 -0.749316 -0.426982 1.000000
0.982837 -0.052085 -0.176971 0.000000 -0.173903 -0.581688 -0.794612 0.000000 -0.061554 0.811746 -0.580764 0.000000 0.295956 0.303877 0.624566 1.000000
0.967345 0.059202 0.246451 0.000000 0.058570 0.893820 -0.444602 0.000000 -0.246601 0.444521 0.861159 0.000000 0.181399 -0.282756 0.327742 1.000000
0.889526 -0.393334 -0.232456 0.000000 -0.361604 -0.295102 -0.884405 0.000000 0.279266 0.870750 -0.404734 0.000000 0.182545 -0.137626 0.246165 1.000000
1.000000 0.000000 0.000000 0.000000 0.000000 1.000000 0.000000 0.000000 0.000000 0.000000 1.000000 0.000000 0.000000 0.000000 0.000000 1.000000
0.998262 -0.058249 -0.009025 0.000000 -0.058246 -0.951342 -0.302606 0.000000 0.009041 0.302607 -0.953075 0.000000 0.040039 0.711442 0.007606 1.000000
1.000000 0.000006 0.000006 0.000000 0.000001 -0.772312 0.635251 0.000000 0.000008 -0.635253 -0.772310 0.000000 0.000802 0.176525 -0.734718 1.000000
1.000000 -0.000005 -0.000006 0.000000 -0.000000 0.775783 -0.631008 0.000000 0.000008 0.631010 0.775780 0.000000 0.000803 -0.624590 0.124114 1.000000
1.000000 -0.000000 -0.000008 0.000000 0.000000 0.998718 -0.050815 0.000000 0.000008 0.050816 0.998708 0.000000 0.000803 -0.411975 -0.494595 1.000000
1.000000 0.000002 -0.000008 0.000000 -0.000000 0.979539 0.201300 0.000000 0.000008 -0.201301 0.979531 0.000000 0.000802 -0.199026 -0.874391 1.000000
0.982836 0.052073 0.176980 0.000000 0.173903 -0.581687 -0.794612 0.000000 0.061569 0.811747 -0.580762 0.000000 -0.295957 0.303877 0.624566 1.000000
0.967342 -0.059208 -0.246463 0.000000 -0.058570 0.893819 -0.444602 0.000000 0.246615 0.444520 0.861155 0.000000 -0.181399 -0.282756 0.327742 1.000000
0.889530 0.393320 0.232463 0.000000 0.361604 -0.295102 -0.884404 0.000000 -0.279252 0.870756 -0.404730 0.000000 -0.182545 -0.137627 0.246165 1.000000
0.999996 0.000101 -0.003043 0.000000 -0.000101 0.999996 -0.000000 0.000000 0.003043 0.000000 0.999996 0.000000 -0.208586 -0.061352 -0.088347 1.000000
-0.416941 0.865666 0.277092 0.000000 0.858547 0.475172 -0.192629 0.000000 -0.298419 0.157581 -0.941336 0.000000 0.059431 -0.222448 0.034544 1.000000
-0.501563 0.777178 0.380036 0.000000 0.795565 0.586927 -0.150300 0.000000 -0.339863 0.226958 -0.912678 0.000000 0.096066 -0.231383 -0.127285 1.000000
-0.499078 0.809772 0.308525 0.000000 0.806727 0.564173 -0.175775 0.000000 -0.316399 0.161171 -0.934834 0.000000 0.058981 -0.189968 -0.110061 1.000000
0.999996 -0.000101 0.003029 0.000000 0.000101 0.999995 0.000000 0.000000 -0.003029 0.000000 0.999996 0.000000 0.208585 -0.061352 -0.088347 1.000000
-0.416947 -0.865668 -0.277077 0.000000 -0.858545 0.475173 -0.192629 0.000000 0.298412 0.157568 -0.941340 0.000000 -0.059432 -0.222449 0.034544 1.000000
-0.501569 -0.777180 -0.380021 0.000000 -0.795565 0.586927 -0.150300 0.000000 0.339855 0.226946 -0.912684 0.000000 -0.096066 -0.231383 -0.127285 1.000000
-0.499083 -0.809773 -0.308511 0.000000 -0.806726 0.564173 -0.175775 0.000000 0.316391 0.161158 -0.934839 0.000000 -0.058982 -0.189968 -0.110061 1.000000
&