#BONE
@NodeName spine.001
@ParentName Armature
@BoneIndex 0
@TopNode YES
$WorldTM 4 4
-1.000000 0.000001 0.000000 0.000000
-0.000001 -0.988867 0.148804 0.000000
0.000000 0.148804 0.988866 0.000000
0.000803 0.683146 -0.202686 1.000000
$LocalTM 4 4
-1.000000 0.000001 0.000000 0.000000
-0.000001 -0.988867 0.148804 0.000000
0.000000 0.148804 0.988866 0.000000
0.000803 0.683146 -0.202686 1.000000
#BONE
@NodeName spine
@ParentName spine.001
@BoneIndex 1
@TopNode NO
$WorldTM 4 4
-1.000000 0.000000 -0.000000 0.000000
-0.000000 -0.988867 0.148804 0.000000
0.000000 0.148804 0.988866 0.000000
0.000803 0.661154 -0.202686 1.000000
$LocalTM 4 4
1.000000 0.000001 -0.000000 0.000000
-0.000001 1.000000 0.000000 0.000000
0.000000 0.000000 1.000000 0.000000
-0.000000 0.021747 -0.003272 1.000000
#BONE
@NodeName poleIK.L
@ParentName spine
@BoneIndex 2
@TopNode NO
$WorldTM 4 4
-1.000000 0.000002 0.000000 0.000000
-0.000002 -1.000000 0.000000 0.000000
0.000000 0.000000 1.000000 0.000000
-0.249197 0.376249 0.208475 1.000000
$LocalTM 4 4
1.000000 -0.000002 0.000000 0.000000
0.000002 0.988866 -0.148804 0.000000
-0.000000 0.148804 0.988867 0.000000
0.250000 0.342915 0.364189 1.000000
#BONE
@NodeName bone1
@ParentName spine
@BoneIndex 3
@TopNode NO
$WorldTM 4 4
-1.000000 0.000000 -0.000000 0.000000
0.000000 0.912778 0.408459 0.000000
0.000000 0.408458 -0.912777 0.000000
0.000803 0.944041 -0.030001 1.000000
$LocalTM 4 4
1.000000 -0.000000 -0.000000 0.000000
0.000000 -0.841835 0.539737 0.000000
-0.000000 -0.539736 -0.841835 0.000000
0.000000 -0.254041 0.212857 1.000000
#BONE
@NodeName bone3
@ParentName spine
@BoneIndex 4
@TopNode NO
$WorldTM 4 4
-1.000000 0.000000 -0.000000 0.000000
0.000000 0.994065 0.108794 0.000000
0.000000 0.108794 -0.994064 0.000000
0.000803 0.770038 -0.232604 1.000000
$LocalTM 4 4
1.000000 -0.000000 -0.000000 0.000000
-0.000000 -0.966808 0.255504 0.000000
-0.000000 -0.255503 -0.966808 0.000000
-0.000000 -0.112124 -0.013383 1.000000
#BONE
@NodeName bone2
@ParentName spine
@BoneIndex 5
@TopNode NO
$WorldTM 4 4
-1.000000 -0.000001 -0.000000 0.000000
-0.000001 0.935741 0.352690 0.000000
-0.000000 0.352690 -0.935740 0.000000
0.000803 0.851752 -0.135268 1.000000
$LocalTM 4 4
1.000000 0.000001 -0.000000 0.000000
0.000001 -0.872841 0.488006 0.000000
0.000000 -0.488005 -0.872841 0.000000
0.000000 -0.178444 0.095029 1.000000
#BONE
@NodeName thigh.R
@ParentName spine
@BoneIndex 6
@TopNode NO
$WorldTM 4 4
-0.982836 -0.173906 0.061562 0.000000
0.052081 -0.581690 -0.811742 0.000000
0.176977 -0.794602 0.580763 0.000000
0.164520 0.724509 -0.134269 1.000000
$LocalTM 4 4
0.982836 0.181130 0.034999 0.000000
-0.052081 0.454423 -0.889263 0.000000
-0.176977 0.872175 0.456057 0.000000
-0.163717 -0.052469 0.077083 1.000000
#BONE
@NodeName shin.R
@ParentName thigh.R
@BoneIndex 7
@TopNode NO
$WorldTM 4 4
-0.967344 0.058570 0.246608 0.000000
-0.059204 0.893812 -0.444516 0.000000
-0.246457 -0.444600 -0.861156 0.000000
0.239509 0.387817 0.111813 1.000000
$LocalTM 4 4
0.955737 -0.284632 -0.074516 0.000000
-0.124617 -0.162173 -0.978862 0.000000
0.266531 0.944820 -0.190464 0.000000
0.000000 0.000001 0.423723 1.000000
#BONE
@NodeName shin2.R
@ParentName shin.R
@BoneIndex 8
@TopNode NO
$WorldTM 4 4
-0.889524 -0.361610 -0.279257 0.000000
0.393329 -0.295104 -0.870750 0.000000
0.232463 -0.884394 0.404735 0.000000
0.159288 0.243101 -0.168491 1.000000
$LocalTM 4 4
0.770429 -0.146414 0.620485 0.000000
-0.612503 0.100008 0.784116 0.000000
-0.176859 -0.984156 -0.012630 0.000000
-0.000000 0.000000 0.325497 1.000000
#BONE
@NodeName poleIK.R
@ParentName spine
@BoneIndex 9
@TopNode NO
$WorldTM 4 4
-1.000000 -0.000002 -0.000000 0.000000
0.000002 -1.000000 0.000000 0.000000
-0.000000 0.000000 1.000000 0.000000
0.249197 0.376249 0.208475 1.000000
$LocalTM 4 4
1.000000 0.000002 -0.000000 0.000000
-0.000002 0.988866 -0.148804 0.000000
0.000000 0.148804 0.988867 0.000000
-0.248394 0.342915 0.364189 1.000000
#BONE
@NodeName neck
@ParentName spine
@BoneIndex 10
@TopNode NO
$WorldTM 4 4
-0.998261 -0.058247 -0.009033 0.000000
0.058247 -0.951335 -0.302604 0.000000
0.009032 -0.302604 0.953073 0.000000
-0.001537 0.681446 0.208397 1.000000
$LocalTM 4 4
0.998261 0.056254 -0.017600 0.000000
-0.058247 0.895715 -0.440798 0.000000
-0.009032 0.441056 0.897434 0.000000
0.002340 0.041105 0.409526 1.000000
#BONE
@NodeName head
@ParentName neck
@BoneIndex 11
@TopNode NO
$WorldTM 4 4
-1.000000 0.000001 -0.000001 0.000000
-0.000001 -0.772310 0.635247 0.000000
-0.000000 0.635246 0.772309 0.000000
0.000803 0.603058 0.455288 1.000000
$LocalTM 4 4
0.998262 -0.058248 -0.009034 0.000000
0.039248 0.542497 0.839141 0.000000
-0.043977 -0.838035 0.543840 0.000000
-0.000000 -0.000001 0.259047 1.000000
#BONE
@NodeName tail.001
@ParentName spine
@BoneIndex 12
@TopNode NO
$WorldTM 4 4
-1.000000 0.000000 -0.000000 0.000000
0.000000 0.775780 -0.631003 0.000000
-0.000000 -0.631003 -0.775780 0.000000
0.000803 0.562856 -0.297833 1.000000
$LocalTM 4 4
1.000000 0.000000 -0.000000 0.000000
-0.000000 -0.861039 -0.508539 0.000000
-0.000000 0.508538 -0.861039 0.000000
0.000000 0.083045 -0.108715 1.000000
#BONE
@NodeName tail.002
@ParentName tail.001
@BoneIndex 13
@TopNode NO
$WorldTM 4 4
-1.000000 0.000000 -0.000000 0.000000
0.000000 0.998708 -0.050815 0.000000
-0.000000 -0.050815 -0.998708 0.000000
0.000803 0.386306 -0.514890 1.000000
$LocalTM 4 4
1.000000 0.000000 -0.000000 0.000000
-0.000000 0.806843 -0.590767 0.000000
0.000000 0.590766 0.806843 0.000000
0.000000 -0.000000 0.279792 1.000000
#BONE
@NodeName tail.003
@ParentName tail.002
@BoneIndex 14
@TopNode NO
$WorldTM 4 4
-1.000000 0.000000 -0.000000 0.000000
0.000000 0.979530 0.201299 0.000000
0.000000 0.201299 -0.979530 0.000000
0.000803 0.370964 -0.816428 1.000000
$LocalTM 4 4
1.000000 0.000000 -0.000000 0.000000
-0.000000 0.968035 -0.250814 0.000000
-0.000000 0.250814 0.968036 0.000000
0.000000 0.000000 0.301928 1.000000
#BONE
@NodeName thigh.L
@ParentName spine
@BoneIndex 15
@TopNode NO
$WorldTM 4 4
-0.982836 0.173906 -0.061563 0.000000
-0.052080 -0.581690 -0.811742 0.000000
-0.176977 -0.794602 0.580763 0.000000
-0.164520 0.724509 -0.134269 1.000000
$LocalTM 4 4
0.982836 -0.181131 -0.035000 0.000000
0.052080 0.454423 -0.889263 0.000000
0.176977 0.872175 0.456057 0.000000
0.165323 -0.052469 0.077083 1.000000
#BONE
@NodeName shin.L
@ParentName thigh.L
@BoneIndex 16
@TopNode NO
$WorldTM 4 4
-0.967344 -0.058571 -0.246608 0.000000
0.059203 0.893812 -0.444516 0.000000
0.246457 -0.444600 -0.861156 0.000000
-0.239509 0.387817 0.111813 1.000000
$LocalTM 4 4
0.955737 0.284631 0.074518 0.000000
0.124618 -0.162173 -0.978862 0.000000
-0.266530 0.944820 -0.190465 0.000000
-0.000000 0.000001 0.423723 1.000000
#BONE
@NodeName shin2.L
@ParentName shin.L
@BoneIndex 17
@TopNode NO
$WorldTM 4 4
-0.889525 0.361610 0.279257 0.000000
-0.393328 -0.295104 -0.870750 0.000000
-0.232462 -0.884394 0.404734 0.000000
-0.159288 0.243101 -0.168491 1.000000
$LocalTM 4 4
0.770429 0.146415 -0.620486 0.000000
0.612502 0.100009 0.784116 0.000000
0.176860 -0.984156 -0.012630 0.000000
0.000000 0.000000 0.325497 1.000000
#BONE
@NodeName footIK.L
@ParentName spine.001
@BoneIndex 18
@TopNode NO
$WorldTM 4 4
-0.999995 -0.000100 -0.003036 0.000000
-0.000100 1.000011 -0.000000 0.000000
0.003036 -0.000000 -0.999995 0.000000
-0.208323 0.061331 -0.088979 1.000000
$LocalTM 4 4
0.999995 -0.000352 -0.003017 0.000000
0.000101 -0.988877 0.148805 0.000000
-0.003036 -0.148803 -0.988862 0.000000
0.209125 0.631812 0.019913 1.000000
#BONE
@NodeName foot.L
@ParentName footIK.L
@BoneIndex 19
@TopNode NO
$WorldTM 4 4
0.416949 0.858547 0.298416 0.000000
-0.865677 0.475181 -0.157575 0.000000
-0.277084 -0.192629 0.941338 0.000000
-0.207775 0.061331 -0.085305 1.000000
$LocalTM 4 4
-0.417939 0.858496 -0.297149 0.000000
0.866104 0.475263 0.154946 0.000000
0.274244 -0.192599 -0.942176 0.000000
-0.000559 -0.000000 -0.003672 1.000000
#BONE
@NodeName toe2.L
@ParentName foot.L
@BoneIndex 20
@TopNode NO
$WorldTM 4 4
0.501571 0.795565 0.339860 0.000000
-0.777187 0.586937 -0.226952 0.000000
-0.380027 -0.150300 0.912682 0.000000
-0.276382 0.040247 0.031009 1.000000
$LocalTM 4 4
0.993577 -0.109711 0.027697 0.000000
0.112139 0.987434 -0.111354 0.000000
-0.015133 0.113742 0.993395 0.000000
-0.011997 0.031044 0.132562 1.000000
#BONE
@NodeName toe2.L.001
@ParentName foot.L
@BoneIndex 21
@TopNode NO
$WorldTM 4 4
0.499086 0.806728 0.316396 0.000000
-0.809782 0.564184 -0.161165 0.000000
-0.308518 -0.175774 0.934837 0.000000
-0.217223 0.040247 0.053611 1.000000
$LocalTM 4 4
0.995123 -0.098559 0.004148 0.000000
0.098646 0.994471 -0.036012 0.000000
-0.000576 0.036244 0.999343 0.000000
0.019414 -0.023729 0.137446 1.000000
#BONE
@NodeName footIK.R
@ParentName spine.001
@BoneIndex 22
@TopNode NO
$WorldTM 4 4
-0.999995 0.000100 0.003036 0.000000
0.000100 1.000012 -0.000000 0.000000
-0.003036 -0.000000 -0.999995 0.000000
0.208323 0.061331 -0.088979 1.000000
$LocalTM 4 4
0.999995 0.000354 0.003017 0.000000
-0.000099 -0.988878 0.148806 0.000000
0.003036 -0.148803 -0.988862 0.000000
-0.207521 0.631812 0.019913 1.000000
#BONE
@NodeName foot.R
@ParentName footIK.R
@BoneIndex 23
@TopNode NO
$WorldTM 4 4
0.416946 -0.858545 -0.298416 0.000000
0.865676 0.475181 -0.157579 0.000000
0.277088 -0.192628 0.941337 0.000000
0.207775 0.061331 -0.085305 1.000000
$LocalTM 4 4
-0.417936 -0.858493 0.297149 0.000000
-0.866103 0.475261 0.154950 0.000000
-0.274248 -0.192598 -0.942175 0.000000
0.000559 -0.000000 -0.003672 1.000000
#BONE
@NodeName toe2.R
@ParentName foot.R
@BoneIndex 24
@TopNode NO
$WorldTM 4 4
0.501568 -0.795563 -0.339859 0.000000
0.777187 0.586936 -0.226957 0.000000
0.380031 -0.150299 0.912681 0.000000
0.276383 0.040248 0.031009 1.000000
$LocalTM 4 4
0.993577 0.109711 -0.027696 0.000000
-0.112140 0.987434 -0.111354 0.000000
0.015132 0.113742 0.993395 0.000000
0.011997 0.031044 0.132562 1.000000
#BONE
@NodeName toe2.R.001
@ParentName foot.R
@BoneIndex 25
@TopNode NO
$WorldTM 4 4
0.499082 -0.806726 -0.316395 0.000000
0.809781 0.564181 -0.161169 0.000000
0.308521 -0.175773 0.934836 0.000000
0.217224 0.040247 0.053611 1.000000
$LocalTM 4 4
0.995122 0.098558 -0.004147 0.000000
-0.098646 0.994471 -0.036011 0.000000
0.000575 0.036243 0.999343 0.000000
-0.019414 -0.023729 0.137446 1.000000
#SKIN
@NodeName monsterA_lp
@ParentName RootNode
@MeshName MonsterA+_0
@MaterialName MonsterA+_body.001
@TopNode YES
$WorldTM 4 4
1.000000 0.000000 0.000000 0.000000
0.000000 1.000000 0.000000 0.000000
0.000000 0.000000 1.000000 0.000000
0.000000 0.000000 0.000000 1.000000
$LocalTM 4 4
1.000000 0.000000 0.000000 0.000000
0.000000 1.000000 0.000000 0.000000
0.000000 0.000000 1.000000 0.000000
0.000000 0.000000 0.000000 1.000000
$BoneOffset 26 16
1.000000 0.000000 0.000000 0.000000 0.000000 1.000000 0.000000 0.000000 0.000000 0.000000 1.000000 0.000000 0.000000 0.000000 0.000000 1.000000
-1.000000 0.000000 0.000000 0.000000 -0.000000 -0.988866 0.148804 0.000000 0.000000 0.148804 0.988867 0.000000 0.000803 0.683953 0.102047 1.000000
1.000000 0.000000 0.000000 0.000000 0.000000 1.000000 0.000000 0.000000 0.000000 0.000000 1.000000 0.000000 0.000000 0.000000 0.000000 1.000000
-1.000000 0.000000 -0.000000 0.000000 0.000000 0.912776 0.408459 0.000000 0.000000 0.408458 -0.912777 0.000000 0.000803 -0.849444 -0.412986 1.000000
-1.000000 0.000000 -0.000000 0.000000 -0.000000 0.994064 0.108794 0.000000 0.000000 0.108794 -0.994065 0.000000 0.000803 -0.740161 -0.314999 1.000000
-1.000000 -0.000001 -0.000000 0.000000 -0.000001 0.935740 0.352690 0.000000 -0.000000 0.352690 -0.935740 0.000000 0.000804 -0.749310 -0.426980 1.000000
-0.982836 0.052081 0.176977 0.000000 -0.173906 -0.581690 -0.794603 0.000000 0.061562 -0.811742 0.580763 0.000000 0.295959 0.303880 0.624559 1.000000
-0.967344 -0.059204 -0.246457 0.000000 0.058570 0.893812 -0.444600 0.000000 0.246608 -0.444516 -0.861156 0.000000 0.181399 -0.282753 0.327740 1.000000
-0.889525 0.393329 0.232462 0.000000 -0.361610 -0.295104 -0.884393 0.000000 -0.279257 -0.870750 0.404734 0.000000 0.182546 -0.137626 0.246162 1.000000
1.000000 0.000000 0.000000 0.000000 0.000000 1.000000 0.000000 0.000000 0.000000 0.000000 1.000000 0.000000 0.000000 0.000000 0.000000 1.000000
-0.998262 0.058247 0.009032 0.000000 -0.058247 -0.951335 -0.302604 0.000000 -0.009033 -0.302604 0.953074 0.000000 0.040040 0.711435 0.007605 1.000000
-1.000000 -0.000001 -0.000000 0.000000 0.000001 -0.772310 0.635246 0.000000 -0.000001 0.635246 0.772310 0.000000 0.000803 0.176528 -0.734713 1.000000
-1.000000 -0.000000 -0.000000 0.000000 -0.000000 0.775780 -0.631003 0.000000 0.000000 -0.631003 -0.775780 0.000000 0.000803 -0.624586 0.124111 1.000000
-1.000000 0.000000 0.000000 0.000000 -0.000000 0.998708 -0.050815 0.000000 -0.000000 -0.050815 -0.998708 0.000000 0.000803 -0.411971 -0.494595 1.000000
-1.000000 0.000000 -0.000000 0.000000 -0.000000 0.979531 0.201299 0.000000 0.000000 0.201299 -0.979530 0.000000 0.000803 -0.199024 -0.874390 1.000000
-0.982836 -0.052080 -0.176977 0.000000 0.173906 -0.581690 -0.794603 0.000000 -0.061563 -0.811742 0.580763 0.000000 -0.295959 0.303880 0.624559 1.000000
-0.967344 0.059203 0.246457 0.000000 -0.058571 0.893813 -0.444600 0.000000 -0.246608 -0.444516 -0.861156 0.000000 -0.181399 -0.282753 0.327741 1.000000
-0.889524 -0.393329 -0.232462 0.000000 0.361610 -0.295104 -0.884393 0.000000 0.279257 -0.870750 0.404734 0.000000 -0.182546 -0.137626 0.246162 1.000000
-0.999996 -0.000100 0.003036 0.000000 -0.000100 0.999989 0.000000 0.000000 -0.003036 -0.000000 -0.999996 0.000000 -0.208586 -0.061351 -0.088346 1.000000
0.416941 -0.865667 -0.277081 0.000000 0.858542 0.475169 -0.192627 0.000000 0.298410 -0.157572 0.941340 0.000000 0.059430 -0.222448 0.034545 1.000000
0.501563 -0.777178 -0.380026 0.000000 0.795562 0.586923 -0.150299 0.000000 0.339854 -0.226951 0.912683 0.000000 0.096065 -0.231382 -0.127285 1.000000
0.499077 -0.809772 -0.308515 0.000000 0.806724 0.564169 -0.175773 0.000000 0.316390 -0.161163 0.934838 0.000000 0.058981 -0.189968 -0.110060 1.000000
-0.999996 0.000100 -0.003036 0.000000 0.000100 0.999988 -0.000000 0.000000 0.003036 -0.000000 -0.999996 0.000000 0.208586 -0.061351 -0.088346 1.000000
0.416940 0.865667 0.277085 0.000000 -0.858545 0.475169 -0.192626 0.000000 -0.298411 -0.157577 0.941339 0.000000 -0.059430 -0.222449 0.034544 1.000000
0.501562 0.777179 0.380027 0.000000 -0.795566 0.586922 -0.150298 0.000000 -0.339855 -0.226953 0.912682 0.000000 -0.096065 -0.231382 -0.127285 1.000000
0.499076 0.809774 0.308517 0.000000 -0.806728 0.564168 -0.175772 0.000000 -0.316391 -0.161166 0.934837 0.000000 -0.058981 -0.189968 -0.110061 1.000000
&