#BONE
@NodeName armature
@ParentName Armature
@BoneIndex 0
@TopNode YES
$WorldTM 4 4
-0.000011 -0.866026 0.500000 0.000000
-1.000000 0.000006 -0.000012 0.000000
0.000007 -0.500000 -0.866026 0.000000
-0.000001 0.619674 0.048810 1.000000
$LocalTM 4 4
-0.000011 -0.866026 0.500000 0.000000
-1.000000 0.000006 -0.000012 0.000000
0.000007 -0.500000 -0.866026 0.000000
-0.000001 0.619674 0.048810 1.000000
#BONE
@NodeName bone
@ParentName armature
@BoneIndex 1
@TopNode NO
$WorldTM 4 4
1.000000 0.000001 0.000016 0.000000
0.000016 -0.000314 -0.999999 0.000000
-0.000001 1.000000 -0.000314 0.000000
0.000000 0.640000 0.030000 1.000000
$LocalTM 4 4
-0.000004 -1.000000 -0.000007 0.000000
-0.499727 -0.000004 0.866182 0.000000
-0.866182 0.000007 -0.499728 0.000000
-0.027008 -0.000001 0.006127 1.000000
#BONE
@NodeName IKpole2.L
@ParentName bone
@BoneIndex 2
@TopNode NO
$WorldTM 4 4
0.982397 0.000059 0.186808 0.000000
0.186807 -0.000308 -0.982396 0.000000
0.000000 1.000000 -0.000314 0.000000
-0.260277 0.540041 0.160972 1.000000
$LocalTM 4 4
0.982400 -0.186792 -0.000001 0.000000
0.186792 0.982400 -0.000000 0.000000
0.000001 0.000000 1.000000 0.000000
-0.260275 -0.130945 -0.100000 1.000000
#BONE
@NodeName front.R
@ParentName bone
@BoneIndex 3
@TopNode NO
$WorldTM 4 4
0.397614 0.907800 -0.133433 0.000000
0.584536 -0.138518 0.799456 0.000000
0.707263 -0.395872 -0.585719 0.000000
0.042160 0.400734 -0.046287 1.000000
$LocalTM 4 4
0.397613 0.133154 0.907841 0.000000
0.584548 -0.799403 -0.138769 0.000000
0.707254 0.585854 -0.395688 0.000000
0.042159 0.076363 -0.239242 1.000000
#BONE
@NodeName front1.R
@ParentName front.R
@BoneIndex 4
@TopNode NO
$WorldTM 4 4
0.617732 0.671812 -0.408749 0.000000
0.571707 -0.026763 0.820020 0.000000
0.539961 -0.740238 -0.400613 0.000000
0.076541 0.381490 -0.074759 1.000000
$LocalTM 4 4
0.910029 -0.058748 0.410359 0.000000
0.093606 0.993462 -0.065359 0.000000
-0.403836 0.097891 0.909578 0.000000
-0.000000 0.000000 0.048611 1.000000
#BONE
@NodeName front2.R
@ParentName front1.R
@BoneIndex 5
@TopNode NO
$WorldTM 4 4
0.183018 -0.803834 -0.565999 0.000000
-0.787268 0.224990 -0.574098 0.000000
0.588824 0.550664 -0.591657 0.000000
0.175457 0.245885 -0.148147 1.000000
$LocalTM 4 4
-0.195618 -0.337985 0.920597 0.000000
-0.100508 -0.926881 -0.361649 0.000000
0.975517 -0.163273 0.147345 0.000000
0.000000 0.000000 0.183191 1.000000
#BONE
@NodeName front3.R
@ParentName front2.R
@BoneIndex 6
@TopNode NO
$WorldTM 4 4
-0.822263 0.023466 -0.568623 0.000000
0.520835 0.433733 -0.735260 0.000000
0.229377 -0.900737 -0.368865 0.000000
0.284194 0.347574 -0.257407 1.000000
$LocalTM 4 4
0.152489 0.979066 -0.134817 0.000000
0.162829 0.109660 0.980541 0.000000
0.974801 -0.171474 -0.142699 0.000000
0.000001 -0.000000 0.184667 1.000000
#BONE
@NodeName back.R
@ParentName bone
@BoneIndex 7
@TopNode NO
$WorldTM 4 4
0.711469 0.529314 -0.462212 0.000000
-0.050229 0.694371 0.717861 0.000000
0.700921 -0.487519 0.520610 0.000000
0.031081 0.397423 -0.011866 1.000000
$LocalTM 4 4
0.711462 0.462057 0.529459 0.000000
-0.050218 -0.718080 0.694146 0.000000
0.700928 -0.520447 -0.487683 0.000000
0.031080 0.041942 -0.242564 1.000000
#BONE
@NodeName back1.R
@ParentName back.R
@BoneIndex 8
@TopNode NO
$WorldTM 4 4
0.733015 0.359609 -0.577383 0.000000
0.276182 0.618367 0.735761 0.000000
0.621621 -0.698787 0.353955 0.000000
0.057344 0.379155 0.007641 1.000000
$LocalTM 4 4
0.978735 -0.201598 0.037878 0.000000
0.183728 0.943680 0.275162 0.000000
-0.091216 -0.262352 0.960652 0.000000
-0.000000 -0.000001 0.037470 1.000000
#BONE
@NodeName back2.R
@ParentName back1.R
@BoneIndex 9
@TopNode NO
$WorldTM 4 4
0.861237 -0.405018 -0.306975 0.000000
-0.010082 0.590301 -0.807120 0.000000
0.508105 0.698216 0.504305 0.000000
0.170849 0.251561 0.072271 1.000000
$LocalTM 4 4
0.662893 -0.238451 0.709729 0.000000
0.670904 -0.231610 -0.704446 0.000000
0.332356 0.943132 0.006445 0.000000
0.000001 0.000001 0.182594 1.000000
#BONE
@NodeName back3.R
@ParentName back2.R
@BoneIndex 10
@TopNode NO
$WorldTM 4 4
0.738050 0.437509 0.513681 0.000000
-0.621155 0.143211 0.770491 0.000000
0.263532 -0.887736 0.377458 0.000000
0.260275 0.374446 0.161028 1.000000
$LocalTM 4 4
0.300749 -0.163782 0.939535 0.000000
-0.829484 -0.531078 0.172943 0.000000
0.470642 -0.831343 -0.295576 0.000000
-0.000000 -0.000000 0.175999 1.000000
#BONE
@NodeName front.L
@ParentName bone
@BoneIndex 11
@TopNode NO
$WorldTM 4 4
0.397612 -0.907800 0.133439 0.000000
-0.584549 -0.138518 0.799446 0.000000
-0.707253 -0.395871 -0.585729 0.000000
-0.042159 0.400734 -0.046287 1.000000
$LocalTM 4 4
0.397613 -0.133148 -0.907842 0.000000
-0.584536 -0.799412 -0.138768 0.000000
-0.707262 0.585843 -0.395687 0.000000
-0.042160 0.076361 -0.239242 1.000000
#BONE
@NodeName front1.L
@ParentName front.L
@BoneIndex 12
@TopNode NO
$WorldTM 4 4
0.617726 -0.671812 0.408760 0.000000
-0.571721 -0.026763 0.820011 0.000000
-0.539953 -0.740238 -0.400621 0.000000
-0.076540 0.381490 -0.074760 1.000000
$LocalTM 4 4
0.910029 0.058748 -0.410360 0.000000
-0.093606 0.993462 -0.065358 0.000000
0.403837 0.097890 0.909578 0.000000
-0.000000 0.000000 0.048612 1.000000
#BONE
@NodeName front2.L
@ParentName front1.L
@BoneIndex 13
@TopNode NO
$WorldTM 4 4
0.183007 0.803836 0.566002 0.000000
0.787278 0.224991 -0.574085 0.000000
-0.588814 0.550662 -0.591666 0.000000
-0.175455 0.245885 -0.148150 1.000000
$LocalTM 4 4
-0.195619 0.337986 -0.920598 0.000000
0.100508 -0.926881 -0.361650 0.000000
-0.975515 -0.163273 0.147345 0.000000
-0.000000 -0.000000 0.183191 1.000000
#BONE
@NodeName front3.L
@ParentName front2.L
@BoneIndex 14
@TopNode NO
$WorldTM 4 4
-0.822273 -0.023465 0.568610 0.000000
-0.520823 0.433730 -0.735269 0.000000
-0.229370 -0.900737 -0.368866 0.000000
-0.284190 0.347575 -0.257412 1.000000
$LocalTM 4 4
0.152490 -0.979067 0.134818 0.000000
-0.162830 0.109660 0.980541 0.000000
-0.974798 -0.171475 -0.142700 0.000000
-0.000000 0.000000 0.184668 1.000000
#BONE
@NodeName neck
@ParentName bone
@BoneIndex 15
@TopNode NO
$WorldTM 4 4
-0.999869 0.008790 -0.013697 0.000000
0.016275 0.540422 -0.841236 0.000000
0.000008 -0.841349 -0.540494 0.000000
0.000001 0.509975 -0.049959 1.000000
$LocalTM 4 4
-0.999868 0.013679 0.008795 0.000000
0.016262 0.841067 0.540686 0.000000
-0.000001 0.540758 -0.841179 0.000000
-0.000000 0.080000 -0.130000 1.000000
#BONE
@NodeName head
@ParentName neck
@BoneIndex 16
@TopNode NO
$WorldTM 4 4
-0.999963 -0.006861 0.005478 0.000000
-0.008780 0.780643 -0.624916 0.000000
0.000012 -0.624940 -0.780673 0.000000
0.000002 0.369947 -0.139915 1.000000
$LocalTM 4 4
0.999694 -0.024590 0.002804 0.000000
0.024200 0.947436 -0.319029 0.000000
0.005188 0.319000 0.947740 0.000000
0.000000 -0.000000 0.166433 1.000000
#BONE
@NodeName back.L
@ParentName bone
@BoneIndex 17
@TopNode NO
$WorldTM 4 4
0.711461 -0.529314 0.462224 0.000000
0.050218 0.694371 0.717861 0.000000
-0.700929 -0.487519 0.520599 0.000000
-0.031080 0.397423 -0.011867 1.000000
$LocalTM 4 4
0.711467 -0.462047 -0.529460 0.000000
0.050230 -0.718079 0.694146 0.000000
-0.700921 -0.520458 -0.487681 0.000000
-0.031081 0.041943 -0.242564 1.000000
#BONE
@NodeName back1.L
@ParentName back.L
@BoneIndex 18
@TopNode NO
$WorldTM 4 4
0.733006 -0.359610 0.577395 0.000000
-0.276194 0.618366 0.735758 0.000000
-0.621627 -0.698787 0.353944 0.000000
-0.057344 0.379155 0.007641 1.000000
$LocalTM 4 4
0.978736 0.201597 -0.037878 0.000000
-0.183727 0.943680 0.275162 0.000000
0.091216 -0.262352 0.960651 0.000000
0.000001 0.000000 0.037471 1.000000
#BONE
@NodeName back2.L
@ParentName back1.L
@BoneIndex 19
@TopNode NO
$WorldTM 4 4
0.861231 0.405018 0.306989 0.000000
0.010095 0.590302 -0.807120 0.000000
-0.508114 0.698215 0.504297 0.000000
-0.170850 0.251561 0.072269 1.000000
$LocalTM 4 4
0.662892 0.238452 -0.709729 0.000000
-0.670905 -0.231610 -0.704446 0.000000
-0.332356 0.943131 0.006446 0.000000
-0.000001 0.000000 0.182594 1.000000
#BONE
@NodeName back3.L
@ParentName back2.L
@BoneIndex 20
@TopNode NO
$WorldTM 4 4
0.738059 -0.437509 -0.513669 0.000000
0.621142 0.143212 0.770502 0.000000
-0.263537 -0.887736 0.377454 0.000000
-0.260277 0.374446 0.161024 1.000000
$LocalTM 4 4
0.300749 0.163780 -0.939536 0.000000
0.829486 -0.531078 0.172944 0.000000
-0.470641 -0.831343 -0.295575 0.000000
0.000000 0.000000 0.175998 1.000000
#BONE
@NodeName Root.001
@ParentName bone
@BoneIndex 21
@TopNode NO
$WorldTM 4 4
1.000000 -0.000552 -0.000031 0.000000
0.000553 0.997480 0.070934 0.000000
-0.000008 -0.070934 0.997481 0.000000
0.000000 0.629997 0.020003 1.000000
$LocalTM 4 4
1.000000 0.000047 -0.000553 0.000000
0.000555 -0.071247 0.997458 0.000000
0.000007 -0.997460 -0.071247 0.000000
-0.000000 0.010000 -0.010000 1.000000
#BONE
@NodeName Root.002
@ParentName Root.001
@BoneIndex 22
@TopNode NO
$WorldTM 4 4
1.000000 -0.000240 -0.000505 0.000000
0.000559 0.423169 0.906049 0.000000
-0.000004 -0.906051 0.423170 0.000000
-0.000001 0.620041 0.160006 1.000000
$LocalTM 4 4
1.000000 0.000277 -0.000495 0.000000
0.000298 0.486373 0.873749 0.000000
0.000483 -0.873752 0.486373 0.000000
-0.000000 -0.000000 0.140357 1.000000
#BONE
@NodeName Root.003
@ParentName Root.002
@BoneIndex 23
@TopNode NO
$WorldTM 4 4
1.000000 0.000067 0.000310 0.000000
-0.000317 0.217236 0.976118 0.000000
-0.000002 -0.976119 0.217237 0.000000
-0.000002 0.470063 0.230053 1.000000
$LocalTM 4 4
1.000000 0.000868 0.000066 0.000000
-0.000862 0.976341 0.216236 0.000000
0.000123 -0.216237 0.976341 0.000000
-0.000001 0.000000 0.165530 1.000000
#BONE
@NodeName IKpole.R
@ParentName bone
@BoneIndex 24
@TopNode NO
$WorldTM 4 4
0.488148 -0.000274 -0.872761 0.000000
-0.872760 -0.000153 -0.488147 0.000000
0.000000 1.000000 -0.000314 0.000000
0.284194 0.549085 -0.257471 1.000000
$LocalTM 4 4
0.488134 0.872769 -0.000000 0.000000
-0.872767 0.488134 0.000001 0.000000
0.000001 0.000000 1.000000 0.000000
0.284190 0.287504 -0.090825 1.000000
#BONE
@NodeName IKpole2.R
@ParentName bone
@BoneIndex 25
@TopNode NO
$WorldTM 4 4
0.982401 -0.000059 -0.186791 0.000000
-0.186791 -0.000308 -0.982399 0.000000
0.000000 1.000000 -0.000314 0.000000
0.260275 0.540041 0.160976 1.000000
$LocalTM 4 4
0.982397 0.186807 -0.000001 0.000000
-0.186806 0.982396 0.000000 0.000000
0.000001 0.000000 1.000000 0.000000
0.260277 -0.130941 -0.100000 1.000000
#BONE
@NodeName IKpole.L
@ParentName bone
@BoneIndex 26
@TopNode NO
$WorldTM 4 4
0.488134 0.000274 0.872770 0.000000
0.872769 -0.000153 -0.488133 0.000000
0.000000 1.000000 -0.000314 0.000000
-0.284190 0.549085 -0.257475 1.000000
$LocalTM 4 4
0.488147 -0.872763 -0.000000 0.000000
0.872761 0.488147 -0.000001 0.000000
0.000001 0.000000 1.000000 0.000000
-0.284194 0.287500 -0.090825 1.000000
#BONE
@NodeName IKfront.L
@ParentName armature
@BoneIndex 27
@TopNode NO
$WorldTM 4 4
0.000001 -1.000002 -0.000001 0.000000
1.000000 0.000001 0.000008 0.000000
-0.000008 -0.000001 1.000000 0.000000
-0.369996 -0.000001 -0.400316 1.000000
$LocalTM 4 4
0.866026 -0.000007 0.500001 0.000000
-0.000007 -1.000000 -0.000000 0.000000
0.500000 -0.000004 -0.866025 0.000000
0.312095 0.369997 0.698789 1.000000
#BONE
@NodeName IKfront.R
@ParentName armature
@BoneIndex 28
@TopNode NO
$WorldTM 4 4
-0.000001 1.000002 -0.000000 0.000000
-1.000000 -0.000001 -0.000008 0.000000
-0.000008 0.000000 1.000000 0.000000
0.370004 -0.000001 -0.400310 1.000000
$LocalTM 4 4
-0.866026 0.000007 -0.500000 0.000000
0.000007 1.000000 0.000000 0.000000
0.499999 -0.000004 -0.866025 0.000000
0.312090 -0.370003 0.698789 1.000000
#BONE
@NodeName IKback.R
@ParentName armature
@BoneIndex 29
@TopNode NO
$WorldTM 4 4
1.000000 -0.001072 0.000009 0.000000
0.001072 0.999999 -0.000655 0.000000
-0.000008 0.000655 0.999999 0.000000
0.371774 -0.000000 0.319936 1.000000
$LocalTM 4 4
0.000922 -1.000000 0.000536 0.000000
-0.866351 -0.001066 -0.499432 0.000000
0.499432 -0.000004 -0.866352 0.000000
0.672212 -0.371782 0.075037 1.000000
#BONE
@NodeName IKback.L
@ParentName armature
@BoneIndex 30
@TopNode NO
$WorldTM 4 4
1.000000 0.001072 0.000009 0.000000
-0.001072 0.999999 0.000644 0.000000
-0.000008 -0.000644 0.999999 0.000000
-0.371778 -0.000000 0.319930 1.000000
$LocalTM 4 4
-0.000935 -1.000000 -0.000536 0.000000
-0.865702 0.001078 -0.500557 0.000000
0.500557 -0.000004 -0.865703 0.000000
0.672217 0.371770 0.075038 1.000000
#SKIN
@NodeName EnemyS_4_low.001
@ParentName RootNode
@MeshName MonsterB+_0
@MaterialName MonsterB+_Material
@TopNode YES
$WorldTM 4 4
1.000000 0.000000 0.000000 0.000000
0.000000 1.000000 0.000000 0.000000
0.000000 0.000000 1.000000 0.000000
0.000000 0.000000 0.000000 1.000000
$LocalTM 4 4
1.000000 0.000000 0.000000 0.000000
0.000000 1.000000 0.000000 0.000000
0.000000 0.000000 1.000000 0.000000
0.000000 0.000000 0.000000 1.000000
$BoneOffset 31 16
1.000000 0.000000 0.000000 0.000000 0.000000 1.000000 0.000000 0.000000 0.000000 0.000000 1.000000 0.000000 0.000000 0.000000 0.000000 1.000000
1.000000 0.000015 -0.000001 0.000000 0.000001 0.000000 1.000000 0.000000 0.000015 -1.000000 -0.000000 0.000000 -0.000001 0.030000 -0.640000 1.000000
1.000000 0.000000 0.000000 0.000000 0.000000 1.000000 0.000000 0.000000 0.000000 0.000000 1.000000 0.000000 0.000000 0.000000 0.000000 1.000000
0.397614 0.584536 0.707263 0.000000 0.907840 -0.138768 -0.395687 0.000000 -0.133148 0.799413 -0.585841 0.000000 -0.386761 0.068031 0.101596 1.000000
0.617732 0.571708 0.539960 0.000000 0.671940 -0.027020 -0.740112 0.000000 -0.408538 0.820013 -0.400844 0.000000 -0.334218 0.027919 0.211041 1.000000
0.183017 -0.787268 0.588823 0.000000 -0.803657 0.225170 0.550848 0.000000 -0.566251 -0.574026 -0.591484 0.000000 0.081582 -0.002358 -0.326489 1.000000
-0.822264 0.520834 0.229376 0.000000 0.023644 0.433962 -0.900621 0.000000 -0.568615 -0.735124 -0.369146 0.000000 0.079045 -0.488185 0.152872 1.000000
0.711468 -0.050229 0.700921 0.000000 0.529459 0.694147 -0.487682 0.000000 -0.462046 0.718080 0.520457 0.000000 -0.238057 -0.265742 0.178252 1.000000
0.733015 0.276183 0.621621 0.000000 0.359790 0.618136 -0.698898 0.000000 -0.577271 0.735956 0.353735 0.000000 -0.174089 -0.255774 0.226676 1.000000
0.861236 -0.010082 0.508105 0.000000 -0.404921 0.590555 0.698058 0.000000 -0.307102 -0.806935 0.504524 0.000000 -0.023127 -0.088611 -0.298805 1.000000
0.738051 -0.621155 0.263531 0.000000 0.437347 0.142970 -0.887855 0.000000 0.513818 0.770537 0.377179 0.000000 -0.438538 -0.015872 0.203122 1.000000
0.397612 -0.584548 -0.707254 0.000000 -0.907840 -0.138768 -0.395687 0.000000 0.133154 0.799404 -0.585852 0.000000 0.386761 0.068031 0.101596 1.000000
0.617726 -0.571720 -0.539954 0.000000 -0.671940 -0.027020 -0.740113 0.000000 0.408548 0.820003 -0.400853 0.000000 0.334217 0.027919 0.211042 1.000000
0.183008 0.787277 -0.588815 0.000000 0.803657 0.225171 0.550848 0.000000 0.566254 -0.574015 -0.591492 0.000000 -0.081582 -0.002359 -0.326490 1.000000
-0.822272 -0.520824 -0.229371 0.000000 -0.023644 0.433962 -0.900621 0.000000 0.568603 -0.735132 -0.369149 0.000000 -0.079044 -0.488186 0.152872 1.000000
-0.999867 0.016275 0.000008 0.000000 0.008794 0.540686 -0.841178 0.000000 -0.013694 -0.841067 -0.540757 0.000000 -0.005169 -0.317803 0.401963 1.000000
-0.999961 -0.008780 0.000011 0.000000 -0.006863 0.780839 -0.624695 0.000000 0.005476 -0.624671 -0.780869 0.000000 0.003308 -0.376364 0.121815 1.000000
0.711461 0.050218 -0.700929 0.000000 -0.529459 0.694147 -0.487682 0.000000 0.462057 0.718080 0.520446 0.000000 0.238057 -0.265742 0.178253 1.000000
0.733006 -0.276193 -0.621627 0.000000 -0.359791 0.618136 -0.698898 0.000000 0.577281 0.735952 0.353725 0.000000 0.174089 -0.255775 0.226675 1.000000
0.861231 0.010094 -0.508113 0.000000 0.404921 0.590554 0.698057 0.000000 0.307115 -0.806934 0.504517 0.000000 0.023127 -0.088610 -0.298805 1.000000
0.738058 0.621143 -0.263538 0.000000 -0.437348 0.142970 -0.887855 0.000000 -0.513807 0.770546 0.377176 0.000000 0.438537 -0.015872 0.203121 1.000000
1.000000 0.000553 -0.000007 0.000000 -0.000552 0.997459 -0.071247 0.000000 -0.000032 0.071247 0.997459 0.000000 0.000348 -0.629824 0.024936 1.000000
1.000000 0.000560 -0.000004 0.000000 -0.000240 0.422885 -0.906184 0.000000 -0.000506 0.906183 0.422885 0.000000 0.000231 -0.407178 0.494172 1.000000
1.000000 -0.000316 -0.000002 0.000000 0.000067 0.216930 -0.976187 0.000000 0.000309 0.976187 0.216930 0.000000 -0.000101 -0.326480 0.408914 1.000000
1.000000 0.000000 0.000000 0.000000 0.000000 1.000000 0.000000 0.000000 0.000000 0.000000 1.000000 0.000000 0.000000 0.000000 0.000000 1.000000
1.000000 0.000000 0.000000 0.000000 0.000000 1.000000 0.000000 0.000000 0.000000 0.000000 1.000000 0.000000 0.000000 0.000000 0.000000 1.000000
1.000000 0.000000 0.000000 0.000000 0.000000 1.000000 0.000000 0.000000 0.000000 0.000000 1.000000 0.000000 0.000000 0.000000 0.000000 1.000000
1.000000 0.000000 0.000000 0.000000 0.000000 1.000000 0.000000 0.000000 0.000000 0.000000 1.000000 0.000000 0.000000 0.000000 0.000000 1.000000
1.000000 0.000000 0.000000 0.000000 0.000000 1.000000 0.000000 0.000000 0.000000 0.000000 1.000000 0.000000 0.000000 0.000000 0.000000 1.000000
1.000000 0.000000 0.000000 0.000000 0.000000 1.000000 0.000000 0.000000 0.000000 0.000000 1.000000 0.000000 0.000000 0.000000 0.000000 1.000000
1.000000 0.000000 0.000000 0.000000 0.000000 1.000000 0.000000 0.000000 0.000000 0.000000 1.000000 0.000000 0.000000 0.000000 0.000000 1.000000
&