#BONE
@NodeName spine.001
@ParentName Armature
@IsCull 1
@BoneIndex 0
@TopNode YES
@IsActive 1
@IsShadow 1
$WorldTM 4 4
1.000000 -0.000298 -0.000007 0.000000
-0.000296 -0.988856 -0.148803 0.000000
0.000037 0.148805 -0.988867 0.000000
-0.000810 0.683146 0.202686 1.000000
$LocalTM 4 4
1.000000 -0.000298 -0.000007 0.000000
-0.000296 -0.988856 -0.148803 0.000000
0.000037 0.148805 -0.988867 0.000000
-0.000810 0.683146 0.202686 1.000000
#BONE
@NodeName spine
@ParentName spine.001
@IsCull 1
@BoneIndex 1
@TopNode NO
@IsActive 1
@IsShadow 1
$WorldTM 4 4
1.000000 -0.000298 -0.000007 0.000000
-0.000297 -0.993865 -0.110509 0.000000
0.000026 0.110510 -0.993875 0.000000
-0.000810 0.661154 0.202686 1.000000
$LocalTM 4 4
1.000000 -0.000000 -0.000000 0.000000
-0.000000 0.999254 -0.038614 0.000000
0.000000 0.038614 0.999254 0.000000
0.000007 0.021747 -0.003272 1.000000
#BONE
@NodeName neck
@ParentName spine
@IsCull 1
@BoneIndex 2
@TopNode NO
@IsActive 1
@IsShadow 1
$WorldTM 4 4
0.998270 -0.057716 0.011252 0.000000
-0.058109 -0.938939 0.339118 0.000000
-0.009008 -0.339179 -0.940676 0.000000
0.001540 0.665558 -0.208874 1.000000
$LocalTM 4 4
0.998287 0.055824 -0.017536 0.000000
-0.057832 0.895738 -0.440804 0.000000
-0.008900 0.441063 0.897432 0.000000
0.002352 0.041104 0.409526 1.000000
#BONE
@NodeName head
@ParentName neck
@IsCull 1
@BoneIndex 3
@TopNode NO
@IsActive 1
@IsShadow 1
$WorldTM 4 4
1.000000 -0.000048 -0.000012 0.000000
-0.000048 -0.885318 -0.464967 0.000000
0.000012 0.464965 -0.885328 0.000000
-0.000793 0.577695 -0.452554 1.000000
$LocalTM 4 4
0.998273 -0.058068 -0.008980 0.000000
0.045819 0.673601 0.737674 0.000000
-0.036786 -0.736811 0.675098 0.000000
-0.000000 0.000000 0.259048 1.000000
#BONE
@NodeName head_end
@ParentName head
@IsCull 1
@BoneIndex 4
@TopNode NO
@IsActive 1
@IsShadow 1
$WorldTM 4 4
1.000000 -0.000048 -0.000012 0.000000
-0.000048 -0.885318 -0.464967 0.000000
0.000012 0.464965 -0.885328 0.000000
-0.000791 0.664296 -0.617450 1.000000
$LocalTM 4 4
1.000000 -0.000000 0.000000 0.000000
-0.000000 1.000000 0.000000 0.000000
0.000000 0.000000 1.000000 0.000000
0.000000 0.000000 0.186253 1.000000
#BONE
@NodeName tail.001
@ParentName spine
@IsCull 1
@BoneIndex 5
@TopNode NO
@IsActive 1
@IsShadow 1
$WorldTM 4 4
1.000000 -0.000005 0.000021 0.000000
-0.000009 0.799554 0.600579 0.000000
-0.000020 -0.600576 0.799565 0.000000
-0.000813 0.566603 0.301558 1.000000
$LocalTM 4 4
1.000000 -0.000294 0.000004 0.000000
-0.000251 -0.861036 -0.508542 0.000000
0.000153 0.508543 -0.861037 0.000000
0.000025 0.083047 -0.108715 1.000000
#BONE
@NodeName tail.002
@ParentName tail.001
@IsCull 1
@BoneIndex 6
@TopNode NO
@IsActive 1
@IsShadow 1
$WorldTM 4 4
0.999999 -0.000220 0.001033 0.000000
-0.000176 0.929536 0.368703 0.000000
-0.001042 -0.368703 0.929546 0.000000
-0.000818 0.398566 0.525270 1.000000
$LocalTM 4 4
0.999999 0.000436 0.000939 0.000000
-0.000173 0.964669 -0.263465 0.000000
-0.001020 0.263464 0.964669 0.000000
-0.000000 0.000000 0.279793 1.000000
#BONE
@NodeName tail.003
@ParentName tail.002
@IsCull 1
@BoneIndex 7
@TopNode NO
@IsActive 1
@IsShadow 1
$WorldTM 4 4
0.988651 -0.029249 0.147351 0.000000
0.010723 0.992090 0.124984 0.000000
-0.149843 -0.121988 0.981155 0.000000
-0.001133 0.287244 0.805927 1.000000
$LocalTM 4 4
0.988810 0.026967 0.146724 0.000000
0.010633 0.968284 -0.249624 0.000000
-0.148802 0.248390 0.957162 0.000000
0.000000 0.000000 0.301928 1.000000
#BONE
@NodeName tail.003_end
@ParentName tail.003
@IsCull 1
@BoneIndex 8
@TopNode NO
@IsActive 1
@IsShadow 1
$WorldTM 4 4
0.988651 -0.029249 0.147351 0.000000
0.010723 0.992090 0.124984 0.000000
-0.149843 -0.121988 0.981155 0.000000
-0.028262 0.265158 0.983564 1.000000
$LocalTM 4 4
1.000000 0.000000 0.000000 0.000000
0.000000 1.000000 0.000000 0.000000
-0.000000 -0.000000 1.000000 0.000000
-0.000000 0.000000 0.181050 1.000000
#BONE
@NodeName thigh.L
@ParentName spine
@IsCull 1
@BoneIndex 9
@TopNode NO
@IsActive 1
@IsShadow 1
$WorldTM 4 4
0.939192 0.316326 0.133620 0.000000
0.057065 -0.527479 0.847648 0.000000
0.338618 -0.788469 -0.513457 0.000000
0.164514 0.721820 0.131878 1.000000
$LocalTM 4 4
0.939097 -0.329437 -0.097821 0.000000
0.057216 0.430561 -0.900746 0.000000
0.338857 0.840290 0.423188 0.000000
0.165307 -0.052519 0.077082 1.000000
#BONE
@NodeName shin.L
@ParentName thigh.L
@IsCull 1
@BoneIndex 10
@TopNode NO
@IsActive 1
@IsShadow 1
$WorldTM 4 4
0.837246 -0.086088 0.540003 0.000000
-0.176751 0.891907 0.416233 0.000000
-0.517469 -0.443932 0.731537 0.000000
0.307995 0.387725 -0.085687 1.000000
$LocalTM 4 4
0.831258 0.550919 0.074117 0.000000
0.171754 -0.127737 -0.976828 0.000000
-0.528684 0.824724 -0.200805 0.000000
-0.000000 -0.000000 0.423726 1.000000
#BONE
@NodeName shin2.L
@ParentName shin.L
@IsCull 1
@BoneIndex 11
@TopNode NO
@IsActive 1
@IsShadow 1
$WorldTM 4 4
0.942455 0.325897 0.074598 0.000000
0.040399 -0.332504 0.942233 0.000000
0.331879 -0.884996 -0.326540 0.000000
0.139560 0.243226 0.152426 1.000000
$LocalTM 4 4
0.801298 0.155146 -0.577800 0.000000
0.571260 0.088481 0.815985 0.000000
0.177721 -0.983921 -0.017729 0.000000
0.000000 0.000000 0.325498 1.000000
#BONE
@NodeName shin2.L_end
@ParentName shin2.L
@IsCull 1
@BoneIndex 12
@TopNode NO
@IsActive 1
@IsShadow 1
$WorldTM 4 4
0.942455 0.325897 0.074598 0.000000
0.040399 -0.332504 0.942233 0.000000
0.331879 -0.884996 -0.326540 0.000000
0.207772 0.061333 0.085312 1.000000
$LocalTM 4 4
1.000000 0.000000 0.000000 0.000000
0.000000 1.000000 0.000000 0.000000
0.000000 0.000000 1.000000 0.000000
-0.000000 0.000000 0.205531 1.000000
#BONE
@NodeName poleIK.L
@ParentName spine
@IsCull 1
@BoneIndex 13
@TopNode NO
@IsActive 1
@IsShadow 1
$WorldTM 4 4
-1.000000 -0.000001 -0.000025 0.000000
-0.000001 0.999244 -0.038616 0.000000
0.000025 -0.038613 -0.999254 0.000000
0.249201 0.360586 -0.197161 1.000000
$LocalTM 4 4
-1.000000 0.000301 -0.000001 0.000000
-0.000298 -0.988867 0.148806 0.000000
0.000044 0.148806 0.988867 0.000000
0.250103 0.342845 0.364188 1.000000
#BONE
@NodeName poleIK.L_end
@ParentName poleIK.L
@IsCull 1
@BoneIndex 14
@TopNode NO
@IsActive 1
@IsShadow 1
$WorldTM 4 4
-1.000000 -0.000001 -0.000025 0.000000
-0.000001 0.999244 -0.038616 0.000000
0.000025 -0.038613 -0.999254 0.000000
0.249203 0.357780 -0.269768 1.000000
$LocalTM 4 4
1.000000 0.000000 -0.000000 0.000000
-0.000000 1.000000 -0.000000 0.000000
-0.000000 0.000000 1.000000 0.000000
0.000000 0.000000 0.072662 1.000000
#BONE
@NodeName thigh.R
@ParentName spine
@IsCull 1
@BoneIndex 15
@TopNode NO
@IsActive 1
@IsShadow 1
$WorldTM 4 4
0.939215 -0.316283 -0.133556 0.000000
-0.057110 -0.527506 0.847628 0.000000
-0.338546 -0.788468 -0.513507 0.000000
-0.164526 0.721820 0.131870 1.000000
$LocalTM 4 4
0.939310 0.328830 0.097810 0.000000
-0.056959 0.430625 -0.900732 0.000000
-0.338307 0.840496 0.423220 0.000000
-0.163733 -0.052420 0.077083 1.000000
#BONE
@NodeName shin.R
@ParentName thigh.R
@IsCull 1
@BoneIndex 16
@TopNode NO
@IsActive 1
@IsShadow 1
$WorldTM 4 4
0.837323 0.086078 -0.539885 0.000000
0.176701 0.891908 0.416253 0.000000
0.517362 -0.443933 0.731612 0.000000
-0.307976 0.387725 -0.085717 1.000000
$LocalTM 4 4
0.831307 -0.550847 -0.074107 0.000000
-0.171735 -0.127758 -0.976828 0.000000
0.528614 0.824768 -0.200806 0.000000
-0.000000 0.000000 0.423726 1.000000
#BONE
@NodeName shin2.R
@ParentName shin.R
@IsCull 1
@BoneIndex 17
@TopNode NO
@IsActive 1
@IsShadow 1
$WorldTM 4 4
0.942469 -0.325877 -0.074523 0.000000
-0.040474 -0.332527 0.942223 0.000000
-0.331833 -0.884995 -0.326589 0.000000
-0.139576 0.243226 0.152421 1.000000
$LocalTM 4 4
0.801338 -0.155143 0.577746 0.000000
-0.571207 0.088464 0.816024 0.000000
-0.177710 -0.983923 -0.017730 0.000000
0.000000 0.000000 0.325498 1.000000
#BONE
@NodeName shin2.R_end
@ParentName shin2.R
@IsCull 1
@BoneIndex 18
@TopNode NO
@IsActive 1
@IsShadow 1
$WorldTM 4 4
0.942469 -0.325877 -0.074523 0.000000
-0.040474 -0.332527 0.942223 0.000000
-0.331833 -0.884995 -0.326589 0.000000
-0.207778 0.061332 0.085297 1.000000
$LocalTM 4 4
1.000000 0.000000 0.000000 0.000000
-0.000000 1.000000 -0.000000 0.000000
-0.000000 0.000000 1.000000 0.000000
0.000000 0.000000 0.205531 1.000000
#BONE
@NodeName poleIK.R
@ParentName spine
@IsCull 1
@BoneIndex 19
@TopNode NO
@IsActive 1
@IsShadow 1
$WorldTM 4 4
-1.000000 -0.000001 -0.000026 0.000000
-0.000000 0.999244 -0.038616 0.000000
0.000026 -0.038613 -0.999254 0.000000
-0.249194 0.360585 -0.197174 1.000000
$LocalTM 4 4
-1.000000 0.000301 -0.000000 0.000000
-0.000298 -0.988866 0.148806 0.000000
0.000045 0.148806 0.988867 0.000000
-0.248291 0.342995 0.364188 1.000000
#BONE
@NodeName poleIK.R_end
@ParentName poleIK.R
@IsCull 1
@BoneIndex 20
@TopNode NO
@IsActive 1
@IsShadow 1
$WorldTM 4 4
-1.000000 -0.000001 -0.000026 0.000000
-0.000000 0.999244 -0.038616 0.000000
0.000026 -0.038613 -0.999254 0.000000
-0.249192 0.357779 -0.269782 1.000000
$LocalTM 4 4
1.000000 0.000000 -0.000000 0.000000
0.000000 1.000000 0.000000 0.000000
0.000000 0.000000 1.000000 0.000000
0.000000 0.000000 0.072662 1.000000
#BONE
@NodeName footIK.L
@ParentName spine.001
@IsCull 1
@BoneIndex 21
@TopNode NO
@IsActive 1
@IsShadow 1
$WorldTM 4 4
0.999995 -0.000001 0.003073 0.000000
0.000001 0.999996 -0.000001 0.000000
-0.003073 -0.000002 0.999995 0.000000
0.208320 0.061331 0.088987 1.000000
$LocalTM 4 4
0.999995 -0.000752 -0.003002 0.000000
-0.000297 -0.988872 0.148806 0.000000
-0.003080 -0.148803 -0.988862 0.000000
0.209316 0.631755 0.019911 1.000000
#BONE
@NodeName foot.L
@ParentName footIK.L
@IsCull 1
@BoneIndex 22
@TopNode NO
@IsActive 1
@IsShadow 1
$WorldTM 4 4
-0.308850 0.909842 -0.277115 0.000000
0.909843 0.367522 0.192642 0.000000
0.277121 -0.192630 -0.941327 0.000000
0.207772 0.061331 0.085314 1.000000
$LocalTM 4 4
-0.309702 0.909845 -0.276163 0.000000
0.910430 0.367525 0.189846 0.000000
0.274227 -0.192632 -0.942174 0.000000
-0.000559 -0.000000 -0.003672 1.000000
#BONE
@NodeName toe2.L
@ParentName foot.L
@IsCull 1
@BoneIndex 23
@TopNode NO
@IsActive 1
@IsShadow 1
$WorldTM 4 4
-0.653980 0.654110 -0.380061 0.000000
0.654111 0.741310 0.150308 0.000000
0.380063 -0.150300 -0.912667 0.000000
0.276384 0.040247 -0.030998 1.000000
$LocalTM 4 4
0.902444 -0.427834 0.050526 0.000000
0.430805 0.896545 -0.103023 0.000000
-0.001222 0.114739 0.993395 0.000000
-0.008143 0.032270 0.132563 1.000000
#BONE
@NodeName toe2.L_end
@ParentName toe2.L
@IsCull 1
@BoneIndex 24
@TopNode NO
@IsActive 1
@IsShadow 1
$WorldTM 4 4
-0.653980 0.654110 -0.380061 0.000000
0.654111 0.741310 0.150308 0.000000
0.380063 -0.150300 -0.912667 0.000000
0.335029 0.017055 -0.171827 1.000000
$LocalTM 4 4
1.000000 0.000000 0.000000 0.000000
0.000000 1.000000 -0.000000 0.000000
0.000000 -0.000000 1.000000 0.000000
0.000000 0.000000 0.154305 1.000000
#BONE
@NodeName toe2.L.001
@ParentName foot.L
@IsCull 1
@BoneIndex 25
@TopNode NO
@IsActive 1
@IsShadow 1
$WorldTM 4 4
-0.460733 0.832176 -0.308550 0.000000
0.832177 0.525906 0.175785 0.000000
0.308554 -0.175774 -0.934824 0.000000
0.217637 0.049655 -0.053465 1.000000
$LocalTM 4 4
0.984956 -0.172790 0.002462 0.000000
0.172765 0.984299 -0.036165 0.000000
0.003826 0.036047 0.999343 0.000000
0.024786 -0.022051 0.135619 1.000000
#BONE
@NodeName toe2.L.001_end
@ParentName toe2.L.001
@IsCull 1
@BoneIndex 26
@TopNode NO
@IsActive 1
@IsShadow 1
$WorldTM 4 4
-0.460733 0.832176 -0.308550 0.000000
0.832177 0.525906 0.175785 0.000000
0.308554 -0.175774 -0.934824 0.000000
0.263435 0.023565 -0.192218 1.000000
$LocalTM 4 4
1.000000 -0.000000 0.000000 0.000000
-0.000000 1.000000 0.000000 0.000000
0.000000 -0.000000 1.000000 0.000000
0.000000 0.000000 0.148426 1.000000
#BONE
@NodeName footIK.R
@ParentName spine.001
@IsCull 1
@BoneIndex 27
@TopNode NO
@IsActive 1
@IsShadow 1
$WorldTM 4 4
0.999995 -0.000001 -0.002999 0.000000
0.000001 0.999981 -0.000003 0.000000
0.002999 -0.000000 0.999995 0.000000
-0.208326 0.061331 0.088972 1.000000
$LocalTM 4 4
0.999995 0.000151 0.003003 0.000000
-0.000297 -0.988857 0.148805 0.000000
0.002992 -0.148807 -0.988862 0.000000
-0.207330 0.631880 0.019911 1.000000
#BONE
@NodeName foot.R
@ParentName footIK.R
@IsCull 1
@BoneIndex 28
@TopNode NO
@IsActive 1
@IsShadow 1
$WorldTM 4 4
-0.308736 -0.909880 0.277066 0.000000
-0.909903 0.367382 0.192613 0.000000
-0.277050 -0.192631 -0.941347 0.000000
-0.207778 0.061331 0.085298 1.000000
$LocalTM 4 4
-0.309565 -0.909898 0.276136 0.000000
-0.910477 0.367388 0.189884 0.000000
-0.274225 -0.192635 -0.942174 0.000000
0.000559 -0.000000 -0.003672 1.000000
#BONE
@NodeName toe2.R
@ParentName foot.R
@IsCull 1
@BoneIndex 29
@TopNode NO
@IsActive 1
@IsShadow 1
$WorldTM 4 4
-0.653959 -0.654153 0.380003 0.000000
-0.654171 0.741249 0.150285 0.000000
-0.379994 -0.150301 -0.912694 0.000000
-0.276381 0.040247 -0.031019 1.000000
$LocalTM 4 4
0.902413 0.427900 -0.050519 0.000000
-0.430870 0.896513 -0.103028 0.000000
0.001205 0.114740 0.993395 0.000000
0.008138 0.032271 0.132563 1.000000
#BONE
@NodeName toe2.R_end
@ParentName toe2.R
@IsCull 1
@BoneIndex 30
@TopNode NO
@IsActive 1
@IsShadow 1
$WorldTM 4 4
-0.653959 -0.654153 0.380003 0.000000
-0.654171 0.741249 0.150285 0.000000
-0.379994 -0.150301 -0.912694 0.000000
-0.335016 0.017054 -0.171852 1.000000
$LocalTM 4 4
1.000000 -0.000000 -0.000000 0.000000
-0.000000 1.000000 0.000000 0.000000
-0.000000 -0.000000 1.000000 0.000000
0.000000 0.000000 0.154305 1.000000
#BONE
@NodeName toe2.R.001
@ParentName foot.R
@IsCull 1
@BoneIndex 31
@TopNode NO
@IsActive 1
@IsShadow 1
$WorldTM 4 4
-0.460656 -0.832224 0.308497 0.000000
-0.832245 0.525799 0.175758 0.000000
-0.308484 -0.175776 -0.934846 0.000000
-0.217634 0.049654 -0.053481 1.000000
$LocalTM 4 4
0.984951 0.172817 -0.002458 0.000000
-0.172792 0.984294 -0.036167 0.000000
-0.003831 0.036047 0.999343 0.000000
-0.024783 -0.022054 0.135619 1.000000
#BONE
@NodeName toe2.R.001_end
@ParentName toe2.R.001
@IsCull 1
@BoneIndex 32
@TopNode NO
@IsActive 1
@IsShadow 1
$WorldTM 4 4
-0.460656 -0.832224 0.308497 0.000000
-0.832245 0.525799 0.175758 0.000000
-0.308484 -0.175776 -0.934846 0.000000
-0.263421 0.023564 -0.192237 1.000000
$LocalTM 4 4
1.000000 0.000000 0.000000 0.000000
0.000000 1.000000 -0.000000 0.000000
0.000000 0.000000 1.000000 0.000000
0.000000 0.000000 0.148426 1.000000
#SKIN
@NodeName monsterA_lp
@ParentName RootNode
@IsActive 1
@MeshName MonsterA+_0
@MaterialName MonsterA+_body.001
@IsShadow 1
@IsCull 1
@TopNode YES
$WorldTM 4 4
1.000000 0.000000 0.000000 0.000000
0.000000 1.000000 0.000000 0.000000
0.000000 0.000000 1.000000 0.000000
0.000000 0.000000 0.000000 1.000000
$LocalTM 4 4
1.000000 0.000000 0.000000 0.000000
0.000000 1.000000 0.000000 0.000000
0.000000 0.000000 1.000000 0.000000
0.000000 0.000000 0.000000 1.000000
$BoneOffset 33 16
1.000000 -0.000296 0.000037 0.000000 -0.000298 -0.988877 0.148804 0.000000 -0.000007 -0.148806 -0.988867 0.000000 0.001015 0.705707 0.098774 1.000000
1.000000 -0.000296 0.000037 0.000000 -0.000298 -0.988877 0.148804 0.000000 -0.000007 -0.148806 -0.988867 0.000000 0.001009 0.683961 0.102047 1.000000
0.998269 -0.058113 -0.008997 0.000000 -0.058108 -0.951352 -0.302605 0.000000 0.009026 0.302607 -0.953075 0.000000 0.039936 0.711447 0.007605 1.000000
1.000000 -0.000039 0.000029 0.000000 -0.000048 -0.772313 0.635251 0.000000 -0.000002 -0.635253 -0.772310 0.000000 0.000814 0.176526 -0.734717 1.000000
1.000000 0.000000 0.000000 0.000000 0.000000 1.000000 0.000000 0.000000 0.000000 0.000000 1.000000 0.000000 0.000000 0.000000 0.000000 1.000000
1.000000 -0.000016 -0.000029 0.000000 -0.000006 0.775784 -0.631009 0.000000 0.000032 0.631011 0.775780 0.000000 0.000808 -0.624590 0.124114 1.000000
1.000000 -0.000001 -0.000037 0.000000 -0.000001 0.998719 -0.050815 0.000000 0.000037 0.050816 0.998708 0.000000 0.000803 -0.411976 -0.494595 1.000000
1.000000 0.000005 -0.000037 0.000000 0.000002 0.979540 0.201300 0.000000 0.000037 -0.201301 0.979531 0.000000 0.000802 -0.199026 -0.874391 1.000000
1.000000 0.000000 0.000000 0.000000 0.000000 1.000000 0.000000 0.000000 0.000000 0.000000 1.000000 0.000000 0.000000 0.000000 0.000000 1.000000
0.925286 0.335441 0.176996 0.000000 0.335450 -0.506038 -0.794613 0.000000 -0.176978 0.794613 -0.580756 0.000000 -0.371496 0.204747 0.624567 1.000000
0.967355 -0.058891 -0.246489 0.000000 -0.058876 0.893800 -0.444602 0.000000 0.246492 0.444604 0.861148 0.000000 -0.181302 -0.282817 0.327742 1.000000
0.909220 0.345366 0.232475 0.000000 0.345376 -0.313939 -0.884405 0.000000 -0.232459 0.884401 -0.404724 0.000000 -0.189615 -0.127710 0.246166 1.000000
1.000000 0.000000 0.000000 0.000000 0.000000 1.000000 0.000000 0.000000 0.000000 0.000000 1.000000 0.000000 0.000000 0.000000 0.000000 1.000000
-1.000000 0.000000 0.000037 0.000000 0.000000 1.000010 -0.000000 0.000000 -0.000037 -0.000000 -1.000000 0.000000 0.249198 -0.376253 -0.208475 1.000000
1.000000 0.000000 0.000000 0.000000 0.000000 1.000000 0.000000 0.000000 0.000000 0.000000 1.000000 0.000000 0.000000 0.000000 0.000000 1.000000
0.925301 -0.335422 -0.176953 0.000000 -0.335407 -0.506066 -0.794613 0.000000 0.176980 0.794603 -0.580769 0.000000 0.371479 0.204778 0.624567 1.000000
0.967373 0.058868 0.246424 0.000000 0.058866 0.893800 -0.444602 0.000000 -0.246424 0.444605 0.861166 0.000000 0.181305 -0.282815 0.327742 1.000000
0.909225 -0.345372 -0.232444 0.000000 -0.345355 -0.313962 -0.884404 0.000000 0.232468 0.884391 -0.404741 0.000000 0.189623 -0.127697 0.246166 1.000000
1.000000 0.000000 0.000000 0.000000 0.000000 1.000000 0.000000 0.000000 0.000000 0.000000 1.000000 0.000000 0.000000 0.000000 0.000000 1.000000
-1.000000 0.000000 0.000037 0.000000 0.000000 1.000010 -0.000000 0.000000 -0.000037 -0.000000 -1.000000 0.000000 -0.249197 -0.376253 -0.208475 1.000000
1.000000 0.000000 0.000000 0.000000 0.000000 1.000000 0.000000 0.000000 0.000000 0.000000 1.000000 0.000000 0.000000 0.000000 0.000000 1.000000
0.999995 0.000001 -0.003073 0.000000 -0.000001 1.000004 -0.000000 0.000000 0.003073 0.000000 0.999995 0.000000 -0.208592 -0.061332 -0.088346 1.000000
-0.308852 0.909843 0.277124 0.000000 0.909849 0.367525 -0.192632 0.000000 -0.277116 0.192646 -0.941326 0.000000 0.032010 -0.228016 0.034543 1.000000
-0.653983 0.654111 0.380064 0.000000 0.654113 0.741317 -0.150302 0.000000 -0.380062 0.150310 -0.912667 0.000000 0.142643 -0.205961 -0.127286 1.000000
1.000000 0.000000 0.000000 0.000000 0.000000 1.000000 0.000000 0.000000 0.000000 0.000000 1.000000 0.000000 0.000000 0.000000 0.000000 1.000000
-0.460736 0.832177 0.308557 0.000000 0.832181 0.525911 -0.175777 0.000000 -0.308551 0.175788 -0.934824 0.000000 0.050052 -0.192514 -0.110062 1.000000
1.000000 0.000000 0.000000 0.000000 0.000000 1.000000 0.000000 0.000000 0.000000 0.000000 1.000000 0.000000 0.000000 0.000000 0.000000 1.000000
0.999995 0.000000 0.002999 0.000000 -0.000000 1.000020 -0.000000 0.000000 -0.002999 0.000000 0.999996 0.000000 0.208592 -0.061333 -0.088346 1.000000
-0.308745 -0.909903 -0.277060 0.000000 -0.909912 0.367397 -0.192637 0.000000 0.277076 0.192622 -0.941346 0.000000 -0.031978 -0.228021 0.034542 1.000000
-0.653971 -0.654171 -0.380001 0.000000 -0.654167 0.741280 -0.150304 0.000000 0.380011 0.150290 -0.912694 0.000000 -0.142629 -0.205972 -0.127287 1.000000
1.000000 0.000000 0.000000 0.000000 0.000000 1.000000 0.000000 0.000000 0.000000 0.000000 1.000000 0.000000 0.000000 0.000000 0.000000 1.000000
-0.460668 -0.832245 -0.308493 0.000000 -0.832249 0.525821 -0.175781 0.000000 0.308507 0.175765 -0.934846 0.000000 -0.050030 -0.192520 -0.110063 1.000000
1.000000 0.000000 0.000000 0.000000 0.000000 1.000000 0.000000 0.000000 0.000000 0.000000 1.000000 0.000000 0.000000 0.000000 0.000000 1.000000
&