#BONE
@ParentName Armature
@NodeName armature
@BoneIndex 0
@TopNode YES
$WorldTM 4 4
0.000007 -0.866026 -0.500000 0.000000
1.000000 0.000006 0.000004 0.000000
-0.000000 -0.500000 0.866026 0.000000
0.000000 0.619674 -0.048810 1.000000
$LocalTM 4 4
0.000007 -0.866026 -0.500000 0.000000
1.000000 0.000006 0.000004 0.000000
-0.000000 -0.500000 0.866026 0.000000
0.000000 0.619674 -0.048810 1.000000
#BONE
@ParentName armature
@NodeName bone
@BoneIndex 1
@TopNode NO
$WorldTM 4 4
-1.000000 0.000001 -0.000007 0.000000
-0.000007 -0.055200 0.998475 0.000000
0.000001 0.998475 0.055200 0.000000
-0.000000 0.640000 -0.030000 1.000000
$LocalTM 4 4
-0.000005 -1.000000 -0.000006 0.000000
-0.451432 -0.000003 0.892304 0.000000
-0.892305 0.000007 -0.451432 0.000000
-0.027008 0.000000 0.006127 1.000000
#BONE
@ParentName bone
@NodeName IKpole2.L
@BoneIndex 2
@TopNode NO
$WorldTM 4 4
-0.982399 0.010311 -0.186515 0.000000
-0.186800 -0.054229 0.980900 0.000000
-0.000000 0.998475 0.055200 0.000000
0.260276 0.547381 -0.166263 1.000000
$LocalTM 4 4
0.982399 -0.186793 -0.000001 0.000000
0.186793 0.982399 -0.000000 0.000000
0.000001 0.000000 1.000000 0.000000
-0.260275 -0.130945 -0.100000 1.000000
#BONE
@ParentName bone
@NodeName front.R
@BoneIndex 3
@TopNode NO
$WorldTM 4 4
-0.397613 0.899106 0.183062 0.000000
-0.584543 -0.094429 -0.805849 0.000000
-0.707257 -0.427424 0.563113 0.000000
-0.042160 0.396908 0.033039 1.000000
$LocalTM 4 4
0.397613 0.133155 0.907840 0.000000
0.584548 -0.799404 -0.138769 0.000000
0.707253 0.585853 -0.395689 0.000000
0.042159 0.076362 -0.239242 1.000000
#BONE
@ParentName front.R
@NodeName front1.R
@BoneIndex 4
@TopNode NO
$WorldTM 4 4
-0.617729 0.648364 0.445012 0.000000
-0.571714 0.018285 -0.820248 0.000000
-0.539957 -0.761111 0.359384 0.000000
-0.076540 0.376130 0.060413 1.000000
$LocalTM 4 4
0.910030 -0.058747 0.410358 0.000000
0.093605 0.993462 -0.065359 0.000000
-0.403836 0.097890 0.909579 0.000000
-0.000000 -0.000001 0.048611 1.000000
#BONE
@ParentName front1.R
@NodeName front2.R
@BoneIndex 5
@TopNode NO
$WorldTM 4 4
-0.183012 -0.833689 0.521027 0.000000
0.787272 0.193142 0.585575 0.000000
-0.588819 0.517357 0.620993 0.000000
-0.175456 0.236701 0.126249 1.000000
$LocalTM 4 4
-0.195619 -0.337985 0.920597 0.000000
-0.100508 -0.926881 -0.361649 0.000000
0.975515 -0.163273 0.147346 0.000000
0.000000 0.000000 0.183192 1.000000
#BONE
@ParentName front2.R
@NodeName front3.R
@BoneIndex 6
@TopNode NO
$WorldTM 4 4
0.822269 -0.007779 0.569047 0.000000
-0.520830 0.392714 0.757965 0.000000
-0.229369 -0.919627 0.318865 0.000000
-0.284192 0.332240 0.240927 1.000000
$LocalTM 4 4
0.152489 0.979067 -0.134818 0.000000
0.162836 0.109659 0.980540 0.000000
0.974798 -0.171475 -0.142706 0.000000
0.000000 0.000000 0.184668 1.000000
#BONE
@ParentName bone
@NodeName back.R
@BoneIndex 7
@TopNode NO
$WorldTM 4 4
-0.711464 0.503146 0.490574 0.000000
0.050223 0.732726 -0.678667 0.000000
-0.700925 -0.458209 -0.546578 0.000000
-0.031081 0.395491 -0.001511 1.000000
$LocalTM 4 4
0.711461 0.462057 0.529459 0.000000
-0.050218 -0.718080 0.694146 0.000000
0.700928 -0.520447 -0.487683 0.000000
0.031080 0.041943 -0.242564 1.000000
#BONE
@ParentName back.R
@NodeName back1.R
@BoneIndex 8
@TopNode NO
$WorldTM 4 4
-0.733010 0.327375 0.596257 0.000000
-0.276189 0.657818 -0.700710 0.000000
-0.621624 -0.678307 -0.391770 0.000000
-0.057344 0.378321 -0.021992 1.000000
$LocalTM 4 4
0.978736 -0.201597 0.037878 0.000000
0.183727 0.943679 0.275162 0.000000
-0.091217 -0.262352 0.960651 0.000000
-0.000001 0.000000 0.037470 1.000000
#BONE
@ParentName back1.R
@NodeName back2.R
@BoneIndex 9
@TopNode NO
$WorldTM 4 4
-0.861233 -0.421257 0.284289 0.000000
0.010089 0.545111 0.838303 0.000000
-0.508110 0.724842 -0.465217 0.000000
-0.170849 0.254467 -0.093526 1.000000
$LocalTM 4 4
0.662892 -0.238452 0.709728 0.000000
0.670904 -0.231610 -0.704446 0.000000
0.332356 0.943132 0.006446 0.000000
0.000000 0.000000 0.182594 1.000000
#BONE
@ParentName back2.R
@NodeName back3.R
@BoneIndex 10
@TopNode NO
$WorldTM 4 4
-0.738055 0.465044 -0.488886 0.000000
0.621147 0.185287 -0.761474 0.000000
-0.263535 -0.865681 -0.425613 0.000000
-0.260276 0.382038 -0.175404 1.000000
$LocalTM 4 4
0.300750 -0.163781 0.939536 0.000000
-0.829485 -0.531078 0.172944 0.000000
0.470642 -0.831344 -0.295575 0.000000
0.000000 -0.000000 0.175999 1.000000
#BONE
@ParentName bone
@NodeName front.L
@BoneIndex 11
@TopNode NO
$WorldTM 4 4
-0.397613 -0.899107 -0.183061 0.000000
0.584542 -0.094429 -0.805849 0.000000
0.707259 -0.427423 0.563112 0.000000
0.042160 0.396908 0.033039 1.000000
$LocalTM 4 4
0.397613 -0.133148 -0.907842 0.000000
-0.584537 -0.799412 -0.138768 0.000000
-0.707262 0.585843 -0.395687 0.000000
-0.042161 0.076362 -0.239242 1.000000
#BONE
@ParentName front.L
@NodeName front1.L
@BoneIndex 12
@TopNode NO
$WorldTM 4 4
-0.617729 -0.648365 -0.445011 0.000000
0.571714 0.018286 -0.820249 0.000000
0.539957 -0.761110 0.359383 0.000000
0.076540 0.376130 0.060413 1.000000
$LocalTM 4 4
0.910029 0.058748 -0.410360 0.000000
-0.093606 0.993462 -0.065359 0.000000
0.403836 0.097890 0.909578 0.000000
0.000000 -0.000001 0.048611 1.000000
#BONE
@ParentName front1.L
@NodeName front2.L
@BoneIndex 13
@TopNode NO
$WorldTM 4 4
-0.183013 0.833690 -0.521027 0.000000
-0.787272 0.193141 0.585576 0.000000
0.588820 0.517357 0.620993 0.000000
0.175456 0.236701 0.126249 1.000000
$LocalTM 4 4
-0.195619 0.337986 -0.920598 0.000000
0.100507 -0.926881 -0.361650 0.000000
-0.975515 -0.163272 0.147346 0.000000
-0.000000 0.000000 0.183192 1.000000
#BONE
@ParentName front2.L
@NodeName front3.L
@BoneIndex 14
@TopNode NO
$WorldTM 4 4
0.822267 0.007780 -0.569048 0.000000
0.520830 0.392722 0.757962 0.000000
0.229374 -0.919625 0.318870 0.000000
0.284192 0.332241 0.240926 1.000000
$LocalTM 4 4
0.152490 -0.979066 0.134818 0.000000
-0.162829 0.109660 0.980542 0.000000
-0.974799 -0.171475 -0.142698 0.000000
-0.000000 0.000000 0.184668 1.000000
#BONE
@ParentName bone
@NodeName neck
@BoneIndex 15
@TopNode NO
$WorldTM 4 4
0.999869 0.008025 0.014151 0.000000
-0.016269 0.493434 0.869630 0.000000
-0.000004 -0.869747 0.493500 0.000000
0.000000 0.505782 0.042702 1.000000
$LocalTM 4 4
-0.999868 0.013680 0.008795 0.000000
0.016263 0.841067 0.540686 0.000000
-0.000001 0.540758 -0.841179 0.000000
-0.000001 0.080000 -0.130000 1.000000
#BONE
@ParentName neck
@NodeName head
@BoneIndex 16
@TopNode NO
$WorldTM 4 4
0.999962 -0.006549 -0.005854 0.000000
0.008784 0.745166 0.666821 0.000000
-0.000005 -0.666847 0.745195 0.000000
-0.000001 0.361028 0.124837 1.000000
$LocalTM 4 4
0.999693 -0.024590 0.002804 0.000000
0.024200 0.947436 -0.319029 0.000000
0.005188 0.319000 0.947740 0.000000
-0.000000 -0.000000 0.166433 1.000000
#BONE
@ParentName bone
@NodeName back.L
@BoneIndex 17
@TopNode NO
$WorldTM 4 4
-0.711464 -0.503147 -0.490574 0.000000
-0.050224 0.732726 -0.678667 0.000000
0.700925 -0.458209 -0.546578 0.000000
0.031081 0.395491 -0.001511 1.000000
$LocalTM 4 4
0.711467 -0.462047 -0.529460 0.000000
0.050229 -0.718079 0.694146 0.000000
-0.700922 -0.520457 -0.487681 0.000000
-0.031082 0.041943 -0.242564 1.000000
#BONE
@ParentName back.L
@NodeName back1.L
@BoneIndex 18
@TopNode NO
$WorldTM 4 4
-0.733010 -0.327376 -0.596256 0.000000
0.276188 0.657818 -0.700710 0.000000
0.621624 -0.678306 -0.391770 0.000000
0.057344 0.378321 -0.021992 1.000000
$LocalTM 4 4
0.978736 0.201597 -0.037878 0.000000
-0.183727 0.943679 0.275162 0.000000
0.091217 -0.262352 0.960651 0.000000
0.000001 0.000000 0.037470 1.000000
#BONE
@ParentName back1.L
@NodeName back2.L
@BoneIndex 19
@TopNode NO
$WorldTM 4 4
-0.861233 0.421256 -0.284288 0.000000
-0.010088 0.545111 0.838303 0.000000
0.508109 0.724842 -0.465218 0.000000
0.170849 0.254467 -0.093526 1.000000
$LocalTM 4 4
0.662892 0.238451 -0.709729 0.000000
-0.670905 -0.231609 -0.704446 0.000000
-0.332355 0.943132 0.006446 0.000000
-0.000000 0.000000 0.182594 1.000000
#BONE
@ParentName back2.L
@NodeName back3.L
@BoneIndex 20
@TopNode NO
$WorldTM 4 4
-0.738054 -0.465044 0.488887 0.000000
-0.621150 0.185287 -0.761474 0.000000
0.263534 -0.865680 -0.425613 0.000000
0.260276 0.382038 -0.175404 1.000000
$LocalTM 4 4
0.300750 0.163780 -0.939535 0.000000
0.829486 -0.531079 0.172944 0.000000
-0.470642 -0.831343 -0.295575 0.000000
-0.000000 -0.000000 0.175999 1.000000
#BONE
@ParentName bone
@NodeName Root.001
@BoneIndex 21
@TopNode NO
$WorldTM 4 4
-1.000000 -0.000554 0.000009 0.000000
-0.000554 0.999870 -0.016078 0.000000
0.000000 -0.016078 -0.999871 0.000000
0.000000 0.629463 -0.020567 1.000000
$LocalTM 4 4
1.000000 0.000046 -0.000553 0.000000
0.000555 -0.071247 0.997458 0.000000
0.000006 -0.997460 -0.071247 0.000000
-0.000000 0.010000 -0.010000 1.000000
#BONE
@ParentName Root.001
@NodeName Root.002
@BoneIndex 22
@TopNode NO
$WorldTM 4 4
-1.000000 -0.000268 0.000500 0.000000
-0.000568 0.472261 -0.881457 0.000000
0.000000 -0.881458 -0.472262 0.000000
0.000000 0.627207 -0.160906 1.000000
$LocalTM 4 4
1.000000 0.000277 -0.000496 0.000000
0.000298 0.486373 0.873749 0.000000
0.000484 -0.873752 0.486373 0.000000
0.000000 -0.000000 0.140357 1.000000
#BONE
@ParentName Root.002
@NodeName Root.003
@BoneIndex 23
@TopNode NO
$WorldTM 4 4
-1.000000 0.000083 -0.000297 0.000000
0.000308 0.270485 -0.962723 0.000000
0.000000 -0.962725 -0.270485 0.000000
0.000000 0.481299 -0.239079 1.000000
$LocalTM 4 4
1.000000 0.000868 0.000066 0.000000
-0.000862 0.976341 0.216236 0.000000
0.000123 -0.216237 0.976341 0.000000
-0.000000 0.000000 0.165530 1.000000
#BONE
@ParentName bone
@NodeName IKpole.R
@BoneIndex 24
@TopNode NO
$WorldTM 4 4
-0.488141 -0.048178 0.871435 0.000000
0.872765 -0.026945 0.487396 0.000000
-0.000001 0.998475 0.055201 0.000000
-0.284192 0.533443 0.252050 1.000000
$LocalTM 4 4
0.488135 0.872769 -0.000001 0.000000
-0.872768 0.488135 0.000001 0.000000
0.000001 0.000001 1.000000 0.000000
0.284190 0.287504 -0.090825 1.000000
#BONE
@ParentName bone
@NodeName IKpole2.R
@BoneIndex 25
@TopNode NO
$WorldTM 4 4
-0.982398 -0.010312 0.186516 0.000000
0.186800 -0.054229 0.980900 0.000000
-0.000000 0.998475 0.055200 0.000000
-0.260276 0.547380 -0.166263 1.000000
$LocalTM 4 4
0.982397 0.186807 -0.000001 0.000000
-0.186807 0.982397 0.000000 0.000000
0.000001 0.000000 1.000000 0.000000
0.260277 -0.130941 -0.100000 1.000000
#BONE
@ParentName bone
@NodeName IKpole.L
@BoneIndex 26
@TopNode NO
$WorldTM 4 4
-0.488142 0.048177 -0.871435 0.000000
-0.872764 -0.026948 0.487397 0.000000
-0.000002 0.998475 0.055201 0.000000
0.284192 0.533443 0.252050 1.000000
$LocalTM 4 4
0.488147 -0.872763 -0.000000 0.000000
0.872761 0.488147 -0.000003 0.000000
0.000003 0.000001 1.000000 0.000000
-0.284194 0.287500 -0.090825 1.000000
#BONE
@ParentName armature
@NodeName IKfront.L
@BoneIndex 27
@TopNode NO
$WorldTM 4 4
-0.000000 -1.000001 0.000001 0.000000
-1.000000 0.000000 -0.000000 0.000000
0.000000 -0.000001 -1.000000 0.000000
0.370000 -0.000000 0.400313 1.000000
$LocalTM 4 4
0.866025 -0.000006 0.500001 0.000000
-0.000007 -1.000000 -0.000000 0.000000
0.500000 -0.000003 -0.866025 0.000000
0.312095 0.369998 0.698788 1.000000
#BONE
@ParentName armature
@NodeName IKfront.R
@BoneIndex 28
@TopNode NO
$WorldTM 4 4
0.000000 1.000001 -0.000000 0.000000
1.000000 -0.000000 0.000000 0.000000
0.000000 -0.000000 -1.000000 0.000000
-0.370000 -0.000000 0.400313 1.000000
$LocalTM 4 4
-0.866026 0.000006 -0.500000 0.000000
0.000007 1.000000 0.000000 0.000000
0.499999 -0.000003 -0.866025 0.000000
0.312089 -0.370002 0.698789 1.000000
#BONE
@ParentName armature
@NodeName IKback.R
@BoneIndex 29
@TopNode NO
$WorldTM 4 4
-1.000000 -0.001072 0.000000 0.000000
-0.001072 0.999998 -0.000469 0.000000
0.000000 -0.000469 -1.000000 0.000000
-0.371776 -0.000000 -0.319933 1.000000
$LocalTM 4 4
0.000921 -1.000000 0.000536 0.000000
-0.865789 -0.001066 -0.500405 0.000000
0.500405 -0.000004 -0.865791 0.000000
0.672212 -0.371781 0.075038 1.000000
#BONE
@ParentName armature
@NodeName IKback.L
@BoneIndex 30
@TopNode NO
$WorldTM 4 4
-1.000000 0.001072 0.000000 0.000000
0.001072 0.999998 0.000464 0.000000
0.000000 0.000464 -1.000000 0.000000
0.371776 -0.000000 -0.319933 1.000000
$LocalTM 4 4
-0.000936 -1.000000 -0.000536 0.000000
-0.866256 0.001078 -0.499597 0.000000
0.499598 -0.000003 -0.866257 0.000000
0.672217 0.371771 0.075037 1.000000
#SKIN
@ParentName RootNode
@NodeName EnemyS_4_low.001
@MeshName monsterB+_0
@MaterialName monsterB+_Material
@TopNode YES
$WorldTM 4 4
1.000000 0.000000 0.000000 0.000000
0.000000 1.000000 0.000000 0.000000
0.000000 0.000000 1.000000 0.000000
0.000000 0.000000 0.000000 1.000000
$LocalTM 4 4
1.000000 0.000000 0.000000 0.000000
0.000000 1.000000 0.000000 0.000000
0.000000 0.000000 1.000000 0.000000
0.000000 0.000000 0.000000 1.000000
$BoneOffset 31 16
1.000000 0.000000 0.000000 0.000000 0.000000 1.000000 0.000000 0.000000 0.000000 0.000000 1.000000 0.000000 0.000000 0.000000 0.000000 1.000000
-1.000000 -0.000007 0.000001 0.000000 0.000001 0.000000 1.000000 0.000000 -0.000007 1.000000 0.000000 0.000000 -0.000001 0.030000 -0.640000 1.000000
1.000000 0.000000 0.000000 0.000000 0.000000 1.000000 0.000000 0.000000 0.000000 0.000000 1.000000 0.000000 0.000000 0.000000 0.000000 1.000000
-0.397613 -0.584543 -0.707257 0.000000 0.907841 -0.138768 -0.395688 0.000000 0.133152 -0.799408 0.585848 0.000000 -0.386761 0.068030 0.101596 1.000000
-0.617729 -0.571714 -0.539958 0.000000 0.671940 -0.027020 -0.740113 0.000000 0.408543 -0.820008 0.400849 0.000000 -0.334217 0.027920 0.211042 1.000000
-0.183012 0.787273 -0.588820 0.000000 -0.803658 0.225171 0.550848 0.000000 0.566252 0.574021 0.591489 0.000000 0.081582 -0.002359 -0.326490 1.000000
0.822268 -0.520829 -0.229373 0.000000 0.023644 0.433962 -0.900621 0.000000 0.568609 0.735129 0.369148 0.000000 0.079044 -0.488186 0.152872 1.000000
-0.711464 0.050223 -0.700926 0.000000 0.529459 0.694146 -0.487682 0.000000 0.462052 -0.718080 -0.520451 0.000000 -0.238057 -0.265742 0.178253 1.000000
-0.733010 -0.276189 -0.621624 0.000000 0.359790 0.618136 -0.698898 0.000000 0.577276 -0.735953 -0.353730 0.000000 -0.174089 -0.255775 0.226675 1.000000
-0.861234 0.010089 -0.508110 0.000000 -0.404921 0.590554 0.698058 0.000000 0.307109 0.806935 -0.504520 0.000000 -0.023126 -0.088610 -0.298805 1.000000
-0.738054 0.621149 -0.263535 0.000000 0.437348 0.142970 -0.887855 0.000000 -0.513812 -0.770541 -0.377178 0.000000 -0.438538 -0.015872 0.203121 1.000000
-0.397613 0.584541 0.707259 0.000000 -0.907840 -0.138768 -0.395687 0.000000 -0.133151 -0.799409 0.585846 0.000000 0.386761 0.068030 0.101596 1.000000
-0.617729 0.571714 0.539958 0.000000 -0.671940 -0.027020 -0.740113 0.000000 -0.408543 -0.820008 0.400849 0.000000 0.334217 0.027920 0.211042 1.000000
-0.183012 -0.787272 0.588819 0.000000 0.803658 0.225171 0.550847 0.000000 -0.566252 0.574021 0.591488 0.000000 -0.081582 -0.002359 -0.326490 1.000000
0.822268 0.520829 0.229373 0.000000 -0.023644 0.433962 -0.900621 0.000000 -0.568609 0.735128 0.369147 0.000000 -0.079044 -0.488186 0.152872 1.000000
0.999867 -0.016269 -0.000004 0.000000 0.008794 0.540686 -0.841178 0.000000 0.013687 0.841067 0.540757 0.000000 -0.005169 -0.317803 0.401963 1.000000
0.999962 0.008784 -0.000006 0.000000 -0.006863 0.780838 -0.624695 0.000000 -0.005483 0.624671 0.780869 0.000000 0.003308 -0.376364 0.121815 1.000000
-0.711464 -0.050223 0.700926 0.000000 -0.529459 0.694146 -0.487682 0.000000 -0.462052 -0.718080 -0.520451 0.000000 0.238057 -0.265742 0.178253 1.000000
-0.733010 0.276189 0.621624 0.000000 -0.359790 0.618136 -0.698898 0.000000 -0.577276 -0.735953 -0.353730 0.000000 0.174089 -0.255775 0.226675 1.000000
-0.861234 -0.010088 0.508110 0.000000 0.404922 0.590554 0.698058 0.000000 -0.307108 0.806934 -0.504521 0.000000 0.023127 -0.088611 -0.298805 1.000000
-0.738054 -0.621149 0.263535 0.000000 -0.437348 0.142970 -0.887855 0.000000 0.513812 -0.770541 -0.377178 0.000000 0.438538 -0.015872 0.203121 1.000000
-1.000000 -0.000553 0.000000 0.000000 -0.000552 0.997459 -0.071247 0.000000 0.000039 -0.071247 -0.997459 0.000000 0.000349 -0.629824 0.024936 1.000000
-1.000000 -0.000567 0.000000 0.000000 -0.000240 0.422885 -0.906184 0.000000 0.000514 -0.906183 -0.422885 0.000000 0.000231 -0.407178 0.494172 1.000000
-1.000000 0.000308 -0.000000 0.000000 0.000067 0.216930 -0.976187 0.000000 -0.000301 -0.976187 -0.216930 0.000000 -0.000101 -0.326480 0.408914 1.000000
1.000000 0.000000 0.000000 0.000000 0.000000 1.000000 0.000000 0.000000 0.000000 0.000000 1.000000 0.000000 0.000000 0.000000 0.000000 1.000000
1.000000 0.000000 0.000000 0.000000 0.000000 1.000000 0.000000 0.000000 0.000000 0.000000 1.000000 0.000000 0.000000 0.000000 0.000000 1.000000
1.000000 0.000000 0.000000 0.000000 0.000000 1.000000 0.000000 0.000000 0.000000 0.000000 1.000000 0.000000 0.000000 0.000000 0.000000 1.000000
1.000000 0.000000 0.000000 0.000000 0.000000 1.000000 0.000000 0.000000 0.000000 0.000000 1.000000 0.000000 0.000000 0.000000 0.000000 1.000000
1.000000 0.000000 0.000000 0.000000 0.000000 1.000000 0.000000 0.000000 0.000000 0.000000 1.000000 0.000000 0.000000 0.000000 0.000000 1.000000
1.000000 0.000000 0.000000 0.000000 0.000000 1.000000 0.000000 0.000000 0.000000 0.000000 1.000000 0.000000 0.000000 0.000000 0.000000 1.000000
1.000000 0.000000 0.000000 0.000000 0.000000 1.000000 0.000000 0.000000 0.000000 0.000000 1.000000 0.000000 0.000000 0.000000 0.000000 1.000000
&