#BONE
@NodeName spine.001
@ParentName Armature
@BoneIndex 0
@TopNode YES
$WorldTM 4 4
1.000000 -0.000298 -0.000007 0.000000
-0.000296 -0.988856 -0.148803 0.000000
0.000037 0.148805 -0.988867 0.000000
-0.000810 0.683146 0.202686 1.000000
$LocalTM 4 4
1.000000 -0.000298 -0.000007 0.000000
-0.000296 -0.988856 -0.148803 0.000000
0.000037 0.148805 -0.988867 0.000000
-0.000810 0.683146 0.202686 1.000000
#BONE
@NodeName spine
@ParentName spine.001
@BoneIndex 1
@TopNode NO
$WorldTM 4 4
1.000000 -0.000298 -0.000007 0.000000
-0.000296 -0.988856 -0.148803 0.000000
0.000037 0.148805 -0.988866 0.000000
-0.000810 0.661154 0.202686 1.000000
$LocalTM 4 4
1.000000 -0.000000 -0.000000 0.000000
0.000000 1.000000 -0.000000 0.000000
0.000000 0.000000 1.000000 0.000000
0.000007 0.021747 -0.003272 1.000000
#BONE
@NodeName neck
@ParentName spine
@BoneIndex 2
@TopNode NO
$WorldTM 4 4
0.998269 -0.058108 0.009026 0.000000
-0.058113 -0.951333 0.302608 0.000000
-0.008997 -0.302603 -0.953072 0.000000
0.001545 0.681447 -0.208397 1.000000
$LocalTM 4 4
0.998287 0.055824 -0.017536 0.000000
-0.057832 0.895738 -0.440804 0.000000
-0.008900 0.441063 0.897432 0.000000
0.002352 0.041104 0.409526 1.000000
#BONE
@NodeName head
@ParentName neck
@BoneIndex 3
@TopNode NO
$WorldTM 4 4
1.000000 -0.000048 -0.000002 0.000000
-0.000039 -0.772298 -0.635248 0.000000
0.000029 0.635244 -0.772307 0.000000
-0.000786 0.603058 -0.455288 1.000000
$LocalTM 4 4
0.998272 -0.058068 -0.008980 0.000000
0.039105 0.542500 0.839145 0.000000
-0.043856 -0.838047 0.543833 0.000000
0.000000 0.000000 0.259048 1.000000
#BONE
@NodeName head_end
@ParentName head
@BoneIndex 4
@TopNode NO
$WorldTM 4 4
1.000000 -0.000048 -0.000002 0.000000
-0.000039 -0.772298 -0.635248 0.000000
0.000029 0.635244 -0.772307 0.000000
-0.000780 0.721374 -0.599133 1.000000
$LocalTM 4 4
1.000000 0.000000 -0.000000 0.000000
0.000000 1.000000 -0.000000 0.000000
0.000000 -0.000000 1.000000 0.000000
0.000000 -0.000000 0.186253 1.000000
#BONE
@NodeName tail.001
@ParentName spine
@BoneIndex 5
@TopNode NO
$WorldTM 4 4
1.000000 -0.000004 0.000032 0.000000
-0.000012 0.873024 0.487657 0.000000
-0.000030 -0.487656 0.873034 0.000000
-0.000814 0.562856 0.297833 1.000000
$LocalTM 4 4
1.000000 -0.000297 0.000005 0.000000
-0.000276 -0.935879 -0.352318 0.000000
0.000109 0.352318 -0.935880 0.000000
0.000025 0.083047 -0.108715 1.000000
#BONE
@NodeName tail.002
@ParentName tail.001
@BoneIndex 6
@TopNode NO
$WorldTM 4 4
1.000000 -0.000001 0.000036 0.000000
-0.000003 0.993984 0.109427 0.000000
-0.000036 -0.109429 0.993994 0.000000
-0.000822 0.426413 0.542102 1.000000
$LocalTM 4 4
1.000000 0.000005 0.000002 0.000000
-0.000003 0.921155 -0.389196 0.000000
-0.000004 0.389196 0.921155 0.000000
0.000000 0.000000 0.279793 1.000000
#BONE
@NodeName tail.003
@ParentName tail.002
@BoneIndex 7
@TopNode NO
$WorldTM 4 4
1.000000 0.000001 0.000036 0.000000
0.000002 0.996879 -0.078808 0.000000
-0.000036 0.078804 0.996889 0.000000
-0.000833 0.393373 0.842217 1.000000
$LocalTM 4 4
1.000000 0.000002 -0.000001 0.000000
-0.000002 0.982280 -0.187422 0.000000
0.000000 0.187421 0.982280 0.000000
-0.000000 -0.000000 0.301928 1.000000
#BONE
@NodeName tail.003_end
@ParentName tail.003
@BoneIndex 8
@TopNode NO
$WorldTM 4 4
1.000000 0.000001 0.000036 0.000000
0.000002 0.996879 -0.078808 0.000000
-0.000036 0.078804 0.996889 0.000000
-0.000840 0.407641 1.022703 1.000000
$LocalTM 4 4
1.000000 0.000000 -0.000000 0.000000
-0.000000 1.000000 0.000000 0.000000
0.000000 0.000000 1.000000 0.000000
-0.000000 -0.000000 0.181050 1.000000
#BONE
@NodeName thigh.L
@ParentName spine
@BoneIndex 9
@TopNode NO
$WorldTM 4 4
0.940395 0.314867 0.128505 0.000000
0.060818 -0.527474 0.847390 0.000000
0.334601 -0.789055 -0.515185 0.000000
0.164515 0.724509 0.134275 1.000000
$LocalTM 4 4
0.940300 -0.330765 -0.080186 0.000000
0.060969 0.395492 -0.916444 0.000000
0.334840 0.856842 0.392047 0.000000
0.165307 -0.052519 0.077082 1.000000
#BONE
@NodeName shin.L
@ParentName thigh.L
@BoneIndex 10
@TopNode NO
$WorldTM 4 4
0.840644 -0.087376 0.534488 0.000000
-0.178106 0.887398 0.425195 0.000000
-0.511460 -0.452631 0.730431 0.000000
0.306294 0.390166 -0.084022 1.000000
$LocalTM 4 4
0.831710 0.550135 0.074865 0.000000
0.166569 -0.118613 -0.978874 0.000000
-0.529631 0.826607 -0.190287 0.000000
-0.000000 0.000000 0.423726 1.000000
#BONE
@NodeName shin2.L
@ParentName shin.L
@BoneIndex 11
@TopNode NO
$WorldTM 4 4
0.942644 0.326145 0.071052 0.000000
0.045823 -0.337286 0.940284 0.000000
0.330637 -0.883093 -0.332888 0.000000
0.139815 0.242835 0.153732 1.000000
$LocalTM 4 4
0.801911 0.151746 -0.577852 0.000000
0.570565 0.092332 0.816045 0.000000
0.177185 -0.984098 -0.012539 0.000000
0.000000 0.000000 0.325498 1.000000
#BONE
@NodeName shin2.L_end
@ParentName shin2.L
@BoneIndex 12
@TopNode NO
$WorldTM 4 4
0.942644 0.326145 0.071052 0.000000
0.045823 -0.337286 0.940284 0.000000
0.330637 -0.883093 -0.332888 0.000000
0.207771 0.061333 0.085313 1.000000
$LocalTM 4 4
1.000000 0.000000 -0.000000 0.000000
-0.000000 1.000000 0.000000 0.000000
0.000000 0.000000 1.000000 0.000000
0.000000 0.000000 0.205531 1.000000
#BONE
@NodeName poleIK.L
@ParentName spine
@BoneIndex 13
@TopNode NO
$WorldTM 4 4
-1.000000 -0.000000 -0.000037 0.000000
-0.000000 0.999990 -0.000002 0.000000
0.000037 0.000001 -1.000000 0.000000
0.249205 0.376249 -0.208466 1.000000
$LocalTM 4 4
-1.000000 0.000301 -0.000001 0.000000
-0.000298 -0.988866 0.148806 0.000000
0.000044 0.148806 0.988867 0.000000
0.250103 0.342844 0.364188 1.000000
#BONE
@NodeName poleIK.L_end
@ParentName poleIK.L
@BoneIndex 14
@TopNode NO
$WorldTM 4 4
-1.000000 -0.000000 -0.000037 0.000000
-0.000000 0.999990 -0.000002 0.000000
0.000037 0.000001 -1.000000 0.000000
0.249208 0.376249 -0.281128 1.000000
$LocalTM 4 4
1.000000 0.000000 -0.000000 0.000000
0.000000 1.000000 0.000000 0.000000
-0.000000 -0.000000 1.000000 0.000000
0.000000 -0.000000 0.072662 1.000000
#BONE
@NodeName thigh.R
@ParentName spine
@BoneIndex 15
@TopNode NO
$WorldTM 4 4
0.940420 -0.314830 -0.128414 0.000000
-0.060888 -0.527495 0.847372 0.000000
-0.334519 -0.789056 -0.515238 0.000000
-0.164525 0.724509 0.134263 1.000000
$LocalTM 4 4
0.940515 0.330159 0.080170 0.000000
-0.060737 0.395551 -0.916434 0.000000
-0.334280 0.857049 0.392074 0.000000
-0.163733 -0.052420 0.077083 1.000000
#BONE
@NodeName shin.R
@ParentName thigh.R
@BoneIndex 16
@TopNode NO
$WorldTM 4 4
0.840735 0.087357 -0.534349 0.000000
0.178048 0.887400 0.425214 0.000000
0.511332 -0.452630 0.730522 0.000000
-0.306269 0.390166 -0.084056 1.000000
$LocalTM 4 4
0.831758 -0.550063 -0.074855 0.000000
-0.166550 -0.118633 -0.978874 0.000000
0.529561 0.826652 -0.190287 0.000000
-0.000000 0.000000 0.423726 1.000000
#BONE
@NodeName shin2.R
@ParentName shin.R
@BoneIndex 17
@TopNode NO
$WorldTM 4 4
0.942657 -0.326129 -0.070951 0.000000
-0.045924 -0.337301 0.940274 0.000000
-0.330585 -0.883092 -0.332939 0.000000
-0.139832 0.242836 0.153727 1.000000
$LocalTM 4 4
0.801951 -0.151743 0.577798 0.000000
-0.570512 0.092316 0.816084 0.000000
-0.177174 -0.984100 -0.012538 0.000000
0.000000 0.000000 0.325498 1.000000
#BONE
@NodeName shin2.R_end
@ParentName shin2.R
@BoneIndex 18
@TopNode NO
$WorldTM 4 4
0.942657 -0.326129 -0.070951 0.000000
-0.045924 -0.337301 0.940274 0.000000
-0.330585 -0.883092 -0.332939 0.000000
-0.207777 0.061333 0.085298 1.000000
$LocalTM 4 4
1.000000 0.000000 0.000000 0.000000
0.000000 1.000000 0.000000 0.000000
0.000000 0.000000 1.000000 0.000000
0.000000 -0.000000 0.205531 1.000000
#BONE
@NodeName poleIK.R
@ParentName spine
@BoneIndex 19
@TopNode NO
$WorldTM 4 4
-1.000000 0.000000 -0.000037 0.000000
0.000000 0.999990 -0.000002 0.000000
0.000037 0.000001 -1.000000 0.000000
-0.249190 0.376249 -0.208484 1.000000
$LocalTM 4 4
-1.000000 0.000301 -0.000000 0.000000
-0.000298 -0.988866 0.148806 0.000000
0.000045 0.148806 0.988867 0.000000
-0.248291 0.342994 0.364188 1.000000
#BONE
@NodeName poleIK.R_end
@ParentName poleIK.R
@BoneIndex 20
@TopNode NO
$WorldTM 4 4
-1.000000 0.000000 -0.000037 0.000000
0.000000 0.999990 -0.000002 0.000000
0.000037 0.000001 -1.000000 0.000000
-0.249187 0.376249 -0.281147 1.000000
$LocalTM 4 4
1.000000 0.000000 -0.000000 0.000000
0.000000 1.000000 0.000000 0.000000
0.000000 -0.000000 1.000000 0.000000
-0.000000 0.000000 0.072662 1.000000
#BONE
@NodeName footIK.L
@ParentName spine.001
@BoneIndex 21
@TopNode NO
$WorldTM 4 4
0.999995 -0.000001 0.003073 0.000000
0.000001 0.999996 -0.000001 0.000000
-0.003073 -0.000002 0.999995 0.000000
0.208319 0.061331 0.088987 1.000000
$LocalTM 4 4
0.999995 -0.000752 -0.003002 0.000000
-0.000297 -0.988872 0.148806 0.000000
-0.003080 -0.148803 -0.988862 0.000000
0.209316 0.631755 0.019911 1.000000
#BONE
@NodeName foot.L
@ParentName footIK.L
@BoneIndex 22
@TopNode NO
$WorldTM 4 4
-0.308850 0.909842 -0.277115 0.000000
0.909843 0.367522 0.192642 0.000000
0.277121 -0.192630 -0.941327 0.000000
0.207772 0.061331 0.085314 1.000000
$LocalTM 4 4
-0.309702 0.909845 -0.276163 0.000000
0.910430 0.367525 0.189846 0.000000
0.274227 -0.192632 -0.942174 0.000000
-0.000559 -0.000000 -0.003672 1.000000
#BONE
@NodeName toe2.L
@ParentName foot.L
@BoneIndex 23
@TopNode NO
$WorldTM 4 4
-0.653980 0.654110 -0.380061 0.000000
0.654111 0.741310 0.150308 0.000000
0.380063 -0.150300 -0.912667 0.000000
0.276383 0.040247 -0.030998 1.000000
$LocalTM 4 4
0.902444 -0.427834 0.050526 0.000000
0.430806 0.896545 -0.103023 0.000000
-0.001222 0.114739 0.993395 0.000000
-0.008143 0.032270 0.132563 1.000000
#BONE
@NodeName toe2.L_end
@ParentName toe2.L
@BoneIndex 24
@TopNode NO
$WorldTM 4 4
-0.653980 0.654110 -0.380061 0.000000
0.654111 0.741310 0.150308 0.000000
0.380063 -0.150300 -0.912667 0.000000
0.335029 0.017055 -0.171827 1.000000
$LocalTM 4 4
1.000000 0.000000 -0.000000 0.000000
-0.000000 1.000000 0.000000 0.000000
-0.000000 -0.000000 1.000000 0.000000
-0.000000 -0.000000 0.154305 1.000000
#BONE
@NodeName toe2.L.001
@ParentName foot.L
@BoneIndex 25
@TopNode NO
$WorldTM 4 4
-0.460733 0.832176 -0.308550 0.000000
0.832177 0.525906 0.175785 0.000000
0.308554 -0.175775 -0.934824 0.000000
0.217226 0.040247 -0.053603 1.000000
$LocalTM 4 4
0.984956 -0.172790 0.002462 0.000000
0.172765 0.984299 -0.036165 0.000000
0.003826 0.036047 0.999343 0.000000
0.016392 -0.025909 0.137447 1.000000
#BONE
@NodeName toe2.L.001_end
@ParentName toe2.L.001
@BoneIndex 26
@TopNode NO
$WorldTM 4 4
-0.460733 0.832176 -0.308550 0.000000
0.832177 0.525906 0.175785 0.000000
0.308554 -0.175775 -0.934824 0.000000
0.263024 0.014157 -0.192355 1.000000
$LocalTM 4 4
1.000000 -0.000000 0.000000 0.000000
-0.000000 1.000000 -0.000000 0.000000
-0.000000 0.000000 1.000000 0.000000
-0.000000 0.000000 0.148426 1.000000
#BONE
@NodeName footIK.R
@ParentName spine.001
@BoneIndex 27
@TopNode NO
$WorldTM 4 4
0.999995 -0.000001 -0.002999 0.000000
0.000001 0.999981 -0.000003 0.000000
0.002999 -0.000000 0.999995 0.000000
-0.208326 0.061331 0.088972 1.000000
$LocalTM 4 4
0.999995 0.000151 0.003003 0.000000
-0.000297 -0.988857 0.148805 0.000000
0.002992 -0.148807 -0.988862 0.000000
-0.207330 0.631880 0.019911 1.000000
#BONE
@NodeName foot.R
@ParentName footIK.R
@BoneIndex 28
@TopNode NO
$WorldTM 4 4
-0.308736 -0.909880 0.277066 0.000000
-0.909903 0.367382 0.192613 0.000000
-0.277050 -0.192631 -0.941347 0.000000
-0.207778 0.061331 0.085298 1.000000
$LocalTM 4 4
-0.309565 -0.909898 0.276136 0.000000
-0.910477 0.367388 0.189884 0.000000
-0.274225 -0.192635 -0.942174 0.000000
0.000559 -0.000000 -0.003672 1.000000
#BONE
@NodeName toe2.R
@ParentName foot.R
@BoneIndex 29
@TopNode NO
$WorldTM 4 4
-0.653959 -0.654153 0.380003 0.000000
-0.654171 0.741249 0.150285 0.000000
-0.379994 -0.150301 -0.912694 0.000000
-0.276381 0.040247 -0.031019 1.000000
$LocalTM 4 4
0.902413 0.427900 -0.050519 0.000000
-0.430870 0.896513 -0.103028 0.000000
0.001205 0.114740 0.993395 0.000000
0.008138 0.032271 0.132563 1.000000
#BONE
@NodeName toe2.R_end
@ParentName toe2.R
@BoneIndex 30
@TopNode NO
$WorldTM 4 4
-0.653959 -0.654153 0.380003 0.000000
-0.654171 0.741249 0.150285 0.000000
-0.379994 -0.150301 -0.912694 0.000000
-0.335016 0.017054 -0.171852 1.000000
$LocalTM 4 4
1.000000 0.000000 -0.000000 0.000000
-0.000000 1.000000 0.000000 0.000000
0.000000 -0.000000 1.000000 0.000000
0.000000 0.000000 0.154305 1.000000
#BONE
@NodeName toe2.R.001
@ParentName foot.R
@BoneIndex 31
@TopNode NO
$WorldTM 4 4
-0.460656 -0.832224 0.308497 0.000000
-0.832245 0.525799 0.175758 0.000000
-0.308484 -0.175776 -0.934846 0.000000
-0.217222 0.040247 -0.053619 1.000000
$LocalTM 4 4
0.984951 0.172817 -0.002458 0.000000
-0.172792 0.984294 -0.036167 0.000000
-0.003831 0.036047 0.999343 0.000000
-0.016388 -0.025911 0.137447 1.000000
#BONE
@NodeName toe2.R.001_end
@ParentName toe2.R.001
@BoneIndex 32
@TopNode NO
$WorldTM 4 4
-0.460656 -0.832224 0.308497 0.000000
-0.832245 0.525799 0.175758 0.000000
-0.308484 -0.175776 -0.934846 0.000000
-0.263009 0.014157 -0.192375 1.000000
$LocalTM 4 4
1.000000 0.000000 0.000000 0.000000
0.000000 1.000000 0.000000 0.000000
0.000000 -0.000000 1.000000 0.000000
-0.000000 0.000000 0.148426 1.000000
#SKIN
@NodeName monsterA_lp
@ParentName RootNode
@MeshName MonsterA+_0
@MaterialName MonsterA+_body.001
@TopNode YES
$WorldTM 4 4
1.000000 0.000000 0.000000 0.000000
0.000000 1.000000 0.000000 0.000000
0.000000 0.000000 1.000000 0.000000
0.000000 0.000000 0.000000 1.000000
$LocalTM 4 4
1.000000 0.000000 0.000000 0.000000
0.000000 1.000000 0.000000 0.000000
0.000000 0.000000 1.000000 0.000000
0.000000 0.000000 0.000000 1.000000
$BoneOffset 33 16
1.000000 -0.000296 0.000037 0.000000 -0.000298 -0.988877 0.148804 0.000000 -0.000007 -0.148806 -0.988867 0.000000 0.001015 0.705707 0.098774 1.000000
1.000000 -0.000296 0.000037 0.000000 -0.000298 -0.988877 0.148804 0.000000 -0.000007 -0.148806 -0.988867 0.000000 0.001009 0.683961 0.102047 1.000000
0.998269 -0.058113 -0.008997 0.000000 -0.058108 -0.951352 -0.302605 0.000000 0.009026 0.302607 -0.953075 0.000000 0.039936 0.711447 0.007605 1.000000
1.000000 -0.000039 0.000029 0.000000 -0.000048 -0.772313 0.635251 0.000000 -0.000002 -0.635253 -0.772310 0.000000 0.000814 0.176526 -0.734717 1.000000
1.000000 0.000000 0.000000 0.000000 0.000000 1.000000 0.000000 0.000000 0.000000 0.000000 1.000000 0.000000 0.000000 0.000000 0.000000 1.000000
1.000000 -0.000016 -0.000029 0.000000 -0.000006 0.775784 -0.631009 0.000000 0.000032 0.631011 0.775780 0.000000 0.000808 -0.624590 0.124114 1.000000
1.000000 -0.000001 -0.000037 0.000000 -0.000001 0.998719 -0.050815 0.000000 0.000037 0.050816 0.998708 0.000000 0.000803 -0.411976 -0.494595 1.000000
1.000000 0.000005 -0.000037 0.000000 0.000002 0.979540 0.201300 0.000000 0.000037 -0.201301 0.979531 0.000000 0.000802 -0.199026 -0.874391 1.000000
1.000000 0.000000 0.000000 0.000000 0.000000 1.000000 0.000000 0.000000 0.000000 0.000000 1.000000 0.000000 0.000000 0.000000 0.000000 1.000000
0.925286 0.335441 0.176996 0.000000 0.335450 -0.506038 -0.794613 0.000000 -0.176978 0.794613 -0.580756 0.000000 -0.371496 0.204747 0.624567 1.000000
0.967355 -0.058891 -0.246489 0.000000 -0.058876 0.893800 -0.444602 0.000000 0.246492 0.444604 0.861148 0.000000 -0.181302 -0.282817 0.327742 1.000000
0.909220 0.345366 0.232475 0.000000 0.345376 -0.313939 -0.884405 0.000000 -0.232459 0.884401 -0.404724 0.000000 -0.189615 -0.127710 0.246166 1.000000
1.000000 0.000000 0.000000 0.000000 0.000000 1.000000 0.000000 0.000000 0.000000 0.000000 1.000000 0.000000 0.000000 0.000000 0.000000 1.000000
-1.000000 0.000000 0.000037 0.000000 0.000000 1.000010 -0.000000 0.000000 -0.000037 -0.000000 -1.000000 0.000000 0.249198 -0.376253 -0.208475 1.000000
1.000000 0.000000 0.000000 0.000000 0.000000 1.000000 0.000000 0.000000 0.000000 0.000000 1.000000 0.000000 0.000000 0.000000 0.000000 1.000000
0.925301 -0.335422 -0.176953 0.000000 -0.335407 -0.506066 -0.794613 0.000000 0.176980 0.794603 -0.580769 0.000000 0.371479 0.204778 0.624567 1.000000
0.967373 0.058868 0.246424 0.000000 0.058866 0.893800 -0.444602 0.000000 -0.246424 0.444605 0.861166 0.000000 0.181305 -0.282815 0.327742 1.000000
0.909225 -0.345372 -0.232444 0.000000 -0.345355 -0.313962 -0.884404 0.000000 0.232468 0.884391 -0.404741 0.000000 0.189623 -0.127697 0.246166 1.000000
1.000000 0.000000 0.000000 0.000000 0.000000 1.000000 0.000000 0.000000 0.000000 0.000000 1.000000 0.000000 0.000000 0.000000 0.000000 1.000000
-1.000000 0.000000 0.000037 0.000000 0.000000 1.000010 -0.000000 0.000000 -0.000037 -0.000000 -1.000000 0.000000 -0.249197 -0.376253 -0.208475 1.000000
1.000000 0.000000 0.000000 0.000000 0.000000 1.000000 0.000000 0.000000 0.000000 0.000000 1.000000 0.000000 0.000000 0.000000 0.000000 1.000000
0.999995 0.000001 -0.003073 0.000000 -0.000001 1.000004 -0.000000 0.000000 0.003073 0.000000 0.999995 0.000000 -0.208592 -0.061332 -0.088346 1.000000
-0.308852 0.909843 0.277124 0.000000 0.909849 0.367525 -0.192632 0.000000 -0.277116 0.192646 -0.941326 0.000000 0.032010 -0.228016 0.034543 1.000000
-0.653983 0.654111 0.380064 0.000000 0.654113 0.741317 -0.150302 0.000000 -0.380062 0.150310 -0.912667 0.000000 0.142643 -0.205961 -0.127286 1.000000
1.000000 0.000000 0.000000 0.000000 0.000000 1.000000 0.000000 0.000000 0.000000 0.000000 1.000000 0.000000 0.000000 0.000000 0.000000 1.000000
-0.460736 0.832177 0.308557 0.000000 0.832181 0.525911 -0.175777 0.000000 -0.308551 0.175788 -0.934824 0.000000 0.050052 -0.192514 -0.110062 1.000000
1.000000 0.000000 0.000000 0.000000 0.000000 1.000000 0.000000 0.000000 0.000000 0.000000 1.000000 0.000000 0.000000 0.000000 0.000000 1.000000
0.999995 0.000000 0.002999 0.000000 -0.000000 1.000020 -0.000000 0.000000 -0.002999 0.000000 0.999996 0.000000 0.208592 -0.061333 -0.088346 1.000000
-0.308745 -0.909903 -0.277060 0.000000 -0.909912 0.367397 -0.192637 0.000000 0.277076 0.192622 -0.941346 0.000000 -0.031978 -0.228021 0.034542 1.000000
-0.653971 -0.654171 -0.380001 0.000000 -0.654167 0.741280 -0.150304 0.000000 0.380011 0.150290 -0.912694 0.000000 -0.142629 -0.205972 -0.127287 1.000000
1.000000 0.000000 0.000000 0.000000 0.000000 1.000000 0.000000 0.000000 0.000000 0.000000 1.000000 0.000000 0.000000 0.000000 0.000000 1.000000
-0.460668 -0.832245 -0.308493 0.000000 -0.832249 0.525821 -0.175781 0.000000 0.308507 0.175765 -0.934846 0.000000 -0.050030 -0.192520 -0.110063 1.000000
1.000000 0.000000 0.000000 0.000000 0.000000 1.000000 0.000000 0.000000 0.000000 0.000000 1.000000 0.000000 0.000000 0.000000 0.000000 1.000000
&