#BONE
@ParentName Armature
@NodeName spine.001
@BoneIndex 0
@TopNode YES
$WorldTM 4 4
1.000000 0.000001 0.000000 0.000000
0.000001 -0.988857 -0.148803 0.000000
-0.000000 0.148804 -0.988867 0.000000
-0.000803 0.683146 0.202686 1.000000
$LocalTM 4 4
1.000000 0.000001 0.000000 0.000000
0.000001 -0.988857 -0.148803 0.000000
-0.000000 0.148804 -0.988867 0.000000
-0.000803 0.683146 0.202686 1.000000
#BONE
@ParentName spine.001
@NodeName spine
@BoneIndex 1
@TopNode NO
$WorldTM 4 4
1.000000 -0.000000 -0.000000 0.000000
-0.000000 -0.988857 -0.148803 0.000000
0.000000 0.148804 -0.988867 0.000000
-0.000803 0.661154 0.202686 1.000000
$LocalTM 4 4
1.000000 0.000001 -0.000000 0.000000
-0.000001 1.000000 0.000000 0.000000
0.000000 -0.000000 1.000000 0.000000
-0.000000 0.021747 -0.003273 1.000000
#BONE
@ParentName spine
@NodeName poleIK.L
@BoneIndex 2
@TopNode NO
$WorldTM 4 4
1.000000 0.000002 0.000000 0.000000
0.000002 -0.999990 0.000001 0.000000
0.000000 -0.000001 -1.000000 0.000000
0.249197 0.376249 -0.208475 1.000000
$LocalTM 4 4
1.000000 -0.000002 0.000000 0.000000
0.000002 0.988866 -0.148804 0.000000
0.000000 0.148807 0.988866 0.000000
0.250000 0.342919 0.364189 1.000000
#BONE
@ParentName spine
@NodeName bone1
@BoneIndex 3
@TopNode NO
$WorldTM 4 4
1.000000 -0.000000 -0.000000 0.000000
0.000000 0.912766 -0.408459 0.000000
0.000000 0.408463 0.912775 0.000000
-0.000803 0.944041 0.030001 1.000000
$LocalTM 4 4
1.000000 0.000000 -0.000000 0.000000
0.000000 -0.841832 0.539735 0.000000
0.000000 -0.539745 -0.841832 0.000000
0.000000 -0.254044 0.212857 1.000000
#BONE
@ParentName spine
@NodeName bone3
@BoneIndex 4
@TopNode NO
$WorldTM 4 4
1.000000 -0.000000 -0.000000 0.000000
0.000000 0.994055 -0.108795 0.000000
0.000000 0.108796 0.994064 0.000000
-0.000803 0.770038 0.232604 1.000000
$LocalTM 4 4
1.000000 0.000000 -0.000000 0.000000
0.000000 -0.966808 0.255503 0.000000
-0.000000 -0.255508 -0.966807 0.000000
0.000000 -0.112125 -0.013382 1.000000
#BONE
@ParentName spine
@NodeName bone2
@BoneIndex 5
@TopNode NO
$WorldTM 4 4
1.000000 -0.000000 -0.000000 0.000000
0.000000 0.935729 -0.352692 0.000000
0.000000 0.352695 0.935738 0.000000
-0.000803 0.851752 0.135268 1.000000
$LocalTM 4 4
1.000000 0.000000 -0.000000 0.000000
0.000000 -0.872838 0.488005 0.000000
-0.000000 -0.488014 -0.872838 0.000000
0.000000 -0.178446 0.095029 1.000000
#BONE
@ParentName spine
@NodeName thigh.R
@BoneIndex 6
@TopNode NO
$WorldTM 4 4
0.982836 -0.173905 -0.061561 0.000000
-0.052080 -0.581681 0.811736 0.000000
-0.176975 -0.794605 -0.580760 0.000000
-0.164520 0.724509 0.134269 1.000000
$LocalTM 4 4
0.982836 0.181131 0.034998 0.000000
-0.052080 0.454420 -0.889255 0.000000
-0.176975 0.872187 0.456053 0.000000
-0.163717 -0.052469 0.077083 1.000000
#BONE
@ParentName thigh.R
@NodeName shin.R
@BoneIndex 7
@TopNode NO
$WorldTM 4 4
0.967344 0.058572 -0.246607 0.000000
0.059202 0.893802 0.444515 0.000000
0.246456 -0.444603 0.861155 0.000000
-0.239509 0.387813 -0.111813 1.000000
$LocalTM 4 4
0.955737 -0.284635 -0.074519 0.000000
-0.124616 -0.162165 -0.978854 0.000000
0.266531 0.944831 -0.190457 0.000000
0.000000 0.000001 0.423726 1.000000
#BONE
@ParentName shin.R
@NodeName shin2.R
@BoneIndex 8
@TopNode NO
$WorldTM 4 4
0.889525 -0.361607 0.279259 0.000000
-0.393325 -0.295099 0.870742 0.000000
-0.232460 -0.884395 -0.404730 0.000000
-0.159288 0.243096 0.168491 1.000000
$LocalTM 4 4
0.770430 -0.146411 0.620486 0.000000
-0.612496 0.100015 0.784108 0.000000
-0.176860 -0.984164 -0.012622 0.000000
0.000000 0.000000 0.325498 1.000000
#BONE
@ParentName spine
@NodeName poleIK.R
@BoneIndex 9
@TopNode NO
$WorldTM 4 4
1.000000 -0.000002 -0.000000 0.000000
-0.000002 -0.999990 0.000001 0.000000
-0.000000 -0.000001 -1.000000 0.000000
-0.249197 0.376249 -0.208475 1.000000
$LocalTM 4 4
1.000000 0.000002 -0.000000 0.000000
-0.000002 0.988866 -0.148804 0.000000
-0.000000 0.148807 0.988866 0.000000
-0.248394 0.342919 0.364189 1.000000
#BONE
@ParentName spine
@NodeName neck
@BoneIndex 10
@TopNode NO
$WorldTM 4 4
0.998261 -0.058247 0.009033 0.000000
-0.058246 -0.951324 0.302605 0.000000
-0.009032 -0.302608 -0.953072 0.000000
0.001537 0.681447 -0.208397 1.000000
$LocalTM 4 4
0.998261 0.056254 -0.017600 0.000000
-0.058246 0.895713 -0.440797 0.000000
-0.009032 0.441064 0.897432 0.000000
0.002340 0.041104 0.409526 1.000000
#BONE
@ParentName neck
@NodeName head
@BoneIndex 11
@TopNode NO
$WorldTM 4 4
1.000000 -0.000000 -0.000000 0.000000
-0.000000 -0.772300 -0.635243 0.000000
0.000000 0.635249 -0.772308 0.000000
-0.000803 0.603057 -0.455289 1.000000
$LocalTM 4 4
0.998262 -0.058247 -0.009032 0.000000
0.039246 0.542490 0.839137 0.000000
-0.043977 -0.838049 0.543834 0.000000
-0.000000 -0.000000 0.259049 1.000000
#BONE
@ParentName spine
@NodeName tail.001
@BoneIndex 12
@TopNode NO
$WorldTM 4 4
1.000000 -0.000000 -0.000000 0.000000
0.000000 0.775770 0.631000 0.000000
-0.000000 -0.631006 0.775778 0.000000
-0.000803 0.562856 0.297833 1.000000
$LocalTM 4 4
1.000000 0.000000 0.000000 0.000000
0.000000 -0.861037 -0.508537 0.000000
-0.000000 0.508547 -0.861037 0.000000
0.000000 0.083046 -0.108715 1.000000
#BONE
@ParentName tail.001
@NodeName tail.002
@BoneIndex 13
@TopNode NO
$WorldTM 4 4
1.000000 -0.000000 -0.000000 0.000000
0.000000 0.998698 0.050813 0.000000
-0.000000 -0.050814 0.998708 0.000000
-0.000803 0.386305 0.514890 1.000000
$LocalTM 4 4
1.000000 -0.000000 -0.000000 0.000000
0.000000 0.806840 -0.590765 0.000000
-0.000000 0.590777 0.806839 0.000000
0.000000 -0.000000 0.279793 1.000000
#BONE
@ParentName tail.002
@NodeName tail.003
@BoneIndex 14
@TopNode NO
$WorldTM 4 4
1.000000 -0.000000 -0.000000 0.000000
0.000000 0.979520 -0.201301 0.000000
0.000000 0.201302 0.979529 0.000000
-0.000803 0.370963 0.816428 1.000000
$LocalTM 4 4
1.000000 0.000000 -0.000000 0.000000
-0.000000 0.968035 -0.250814 0.000000
-0.000000 0.250819 0.968035 0.000000
0.000000 0.000000 0.301928 1.000000
#BONE
@ParentName spine
@NodeName thigh.L
@BoneIndex 15
@TopNode NO
$WorldTM 4 4
0.982836 0.173905 0.061561 0.000000
0.052080 -0.581681 0.811736 0.000000
0.176975 -0.794605 -0.580760 0.000000
0.164520 0.724509 0.134269 1.000000
$LocalTM 4 4
0.982836 -0.181131 -0.034998 0.000000
0.052080 0.454420 -0.889255 0.000000
0.176975 0.872187 0.456053 0.000000
0.165323 -0.052469 0.077083 1.000000
#BONE
@ParentName thigh.L
@NodeName shin.L
@BoneIndex 16
@TopNode NO
$WorldTM 4 4
0.967344 -0.058572 0.246607 0.000000
-0.059202 0.893802 0.444515 0.000000
-0.246456 -0.444603 0.861155 0.000000
0.239509 0.387813 -0.111813 1.000000
$LocalTM 4 4
0.955737 0.284635 0.074519 0.000000
0.124616 -0.162165 -0.978854 0.000000
-0.266531 0.944831 -0.190457 0.000000
-0.000000 0.000001 0.423726 1.000000
#BONE
@ParentName shin.L
@NodeName shin2.L
@BoneIndex 17
@TopNode NO
$WorldTM 4 4
0.889525 0.361607 -0.279259 0.000000
0.393325 -0.295099 0.870742 0.000000
0.232460 -0.884395 -0.404730 0.000000
0.159288 0.243096 0.168491 1.000000
$LocalTM 4 4
0.770430 0.146411 -0.620486 0.000000
0.612496 0.100015 0.784108 0.000000
0.176860 -0.984164 -0.012622 0.000000
-0.000000 0.000000 0.325498 1.000000
#BONE
@ParentName spine.001
@NodeName footIK.L
@BoneIndex 18
@TopNode NO
$WorldTM 4 4
0.999995 -0.000001 0.003036 0.000000
0.000001 1.000006 -0.000001 0.000000
-0.003036 0.000001 0.999995 0.000000
0.208323 0.061331 0.088980 1.000000
$LocalTM 4 4
0.999995 -0.000450 -0.003002 0.000000
0.000002 -0.988882 0.148806 0.000000
-0.003036 -0.148806 -0.988861 0.000000
0.209125 0.631818 0.019912 1.000000
#BONE
@ParentName footIK.L
@NodeName foot.L
@BoneIndex 19
@TopNode NO
$WorldTM 4 4
-0.416955 0.858542 -0.298420 0.000000
0.865669 0.475186 0.157571 0.000000
0.277085 -0.192631 -0.941338 0.000000
0.207775 0.061331 0.085306 1.000000
$LocalTM 4 4
-0.417860 0.858537 -0.297152 0.000000
0.866143 0.475184 0.154943 0.000000
0.274226 -0.192629 -0.942175 0.000000
-0.000559 -0.000000 -0.003672 1.000000
#BONE
@ParentName foot.L
@NodeName toe2.L
@BoneIndex 20
@TopNode NO
$WorldTM 4 4
-0.501578 0.795558 -0.339864 0.000000
0.777178 0.586942 0.226948 0.000000
0.380028 -0.150302 -0.912682 0.000000
0.276382 0.040247 -0.031008 1.000000
$LocalTM 4 4
0.993577 -0.109713 0.027697 0.000000
0.112140 0.987433 -0.111354 0.000000
-0.015132 0.113743 0.993395 0.000000
-0.011997 0.031044 0.132562 1.000000
#BONE
@ParentName foot.L
@NodeName toe2.L.001
@BoneIndex 21
@TopNode NO
$WorldTM 4 4
-0.499092 0.806720 -0.316400 0.000000
0.809773 0.564188 0.161160 0.000000
0.308518 -0.175777 -0.934836 0.000000
0.217224 0.040247 -0.053610 1.000000
$LocalTM 4 4
0.995122 -0.098560 0.004149 0.000000
0.098647 0.994470 -0.036011 0.000000
-0.000576 0.036244 0.999342 0.000000
0.019414 -0.023728 0.137446 1.000000
#BONE
@ParentName spine.001
@NodeName footIK.R
@BoneIndex 22
@TopNode NO
$WorldTM 4 4
0.999995 0.000001 -0.003036 0.000000
-0.000001 1.000006 -0.000001 0.000000
0.003036 0.000001 0.999995 0.000000
-0.208323 0.061331 0.088980 1.000000
$LocalTM 4 4
0.999995 0.000452 0.003002 0.000000
0.000000 -0.988882 0.148806 0.000000
0.003036 -0.148806 -0.988861 0.000000
-0.207521 0.631818 0.019912 1.000000
#BONE
@ParentName footIK.R
@NodeName foot.R
@BoneIndex 23
@TopNode NO
$WorldTM 4 4
-0.416956 -0.858542 0.298420 0.000000
-0.865669 0.475187 0.157571 0.000000
-0.277084 -0.192631 -0.941338 0.000000
-0.207775 0.061331 0.085306 1.000000
$LocalTM 4 4
-0.417861 -0.858537 0.297152 0.000000
-0.866143 0.475185 0.154943 0.000000
-0.274226 -0.192629 -0.942176 0.000000
0.000559 -0.000000 -0.003672 1.000000
#BONE
@ParentName foot.R
@NodeName toe2.R
@BoneIndex 24
@TopNode NO
$WorldTM 4 4
-0.501578 -0.795558 0.339864 0.000000
-0.777179 0.586942 0.226947 0.000000
-0.380028 -0.150302 -0.912682 0.000000
-0.276382 0.040247 -0.031008 1.000000
$LocalTM 4 4
0.993577 0.109712 -0.027698 0.000000
-0.112140 0.987433 -0.111353 0.000000
0.015133 0.113743 0.993395 0.000000
0.011997 0.031044 0.132562 1.000000
#BONE
@ParentName foot.R
@NodeName toe2.R.001
@BoneIndex 25
@TopNode NO
$WorldTM 4 4
-0.499093 -0.806720 0.316400 0.000000
-0.809772 0.564189 0.161160 0.000000
-0.308518 -0.175777 -0.934836 0.000000
-0.217224 0.040247 -0.053610 1.000000
$LocalTM 4 4
0.995122 0.098560 -0.004149 0.000000
-0.098647 0.994470 -0.036011 0.000000
0.000577 0.036244 0.999342 0.000000
-0.019414 -0.023728 0.137446 1.000000
#SKIN
@ParentName RootNode
@NodeName monsterA_lp
@MeshName MonsterA+_0
@MaterialName MonsterA+_body
@TopNode YES
$WorldTM 4 4
1.000000 0.000000 0.000000 0.000000
0.000000 1.000000 0.000000 0.000000
0.000000 0.000000 1.000000 0.000000
0.000000 0.000000 0.000000 1.000000
$LocalTM 4 4
1.000000 0.000000 0.000000 0.000000
0.000000 1.000000 0.000000 0.000000
0.000000 0.000000 1.000000 0.000000
0.000000 0.000000 0.000000 1.000000
$BoneOffset 26 16
1.000000 0.000000 0.000000 0.000000 0.000000 1.000000 0.000000 0.000000 0.000000 0.000000 1.000000 0.000000 0.000000 0.000000 0.000000 1.000000
1.000000 0.000000 0.000000 0.000000 0.000000 -0.988876 0.148804 0.000000 0.000000 -0.148805 -0.988867 0.000000 0.000803 0.683960 0.102047 1.000000
1.000000 0.000000 0.000000 0.000000 0.000000 1.000000 0.000000 0.000000 0.000000 0.000000 1.000000 0.000000 0.000000 0.000000 0.000000 1.000000
1.000000 0.000000 0.000000 0.000000 0.000000 0.912783 0.408461 0.000000 0.000000 -0.408463 0.912778 0.000000 0.000803 -0.849450 -0.412988 1.000000
1.000000 0.000000 0.000000 0.000000 0.000000 0.994073 0.108794 0.000000 0.000000 -0.108795 0.994065 0.000000 0.000803 -0.740168 -0.314999 1.000000
1.000000 0.000000 0.000000 0.000000 0.000000 0.935747 0.352692 0.000000 0.000000 -0.352694 0.935742 0.000000 0.000803 -0.749316 -0.426982 1.000000
0.982837 -0.052079 -0.176975 0.000000 -0.173903 -0.581688 -0.794612 0.000000 -0.061561 0.811747 -0.580763 0.000000 0.295957 0.303878 0.624566 1.000000
0.967344 0.059203 0.246457 0.000000 0.058572 0.893818 -0.444602 0.000000 -0.246607 0.444522 0.861156 0.000000 0.181398 -0.282755 0.327741 1.000000
0.889527 -0.393328 -0.232460 0.000000 -0.361605 -0.295102 -0.884404 0.000000 0.279260 0.870752 -0.404733 0.000000 0.182545 -0.137627 0.246165 1.000000
1.000000 0.000000 0.000000 0.000000 0.000000 1.000000 0.000000 0.000000 0.000000 0.000000 1.000000 0.000000 0.000000 0.000000 0.000000 1.000000
0.998262 -0.058247 -0.009032 0.000000 -0.058246 -0.951342 -0.302606 0.000000 0.009033 0.302607 -0.953075 0.000000 0.040040 0.711442 0.007606 1.000000
1.000000 0.000000 0.000000 0.000000 0.000000 -0.772313 0.635250 0.000000 0.000000 -0.635253 -0.772310 0.000000 0.000803 0.176526 -0.734717 1.000000
1.000000 0.000000 0.000000 0.000000 0.000000 0.775783 -0.631008 0.000000 0.000000 0.631010 0.775780 0.000000 0.000803 -0.624590 0.124114 1.000000
1.000000 0.000000 0.000000 0.000000 0.000000 0.998718 -0.050815 0.000000 0.000000 0.050816 0.998708 0.000000 0.000803 -0.411975 -0.494595 1.000000
1.000000 0.000000 0.000000 0.000000 0.000000 0.979539 0.201300 0.000000 0.000000 -0.201301 0.979531 0.000000 0.000803 -0.199026 -0.874391 1.000000
0.982837 0.052079 0.176975 0.000000 0.173903 -0.581688 -0.794612 0.000000 0.061561 0.811747 -0.580763 0.000000 -0.295957 0.303878 0.624566 1.000000
0.967344 -0.059203 -0.246457 0.000000 -0.058572 0.893818 -0.444602 0.000000 0.246607 0.444522 0.861156 0.000000 -0.181398 -0.282755 0.327741 1.000000
0.889527 0.393328 0.232460 0.000000 0.361605 -0.295102 -0.884404 0.000000 -0.279260 0.870752 -0.404733 0.000000 -0.182545 -0.137627 0.246165 1.000000
0.999996 0.000001 -0.003036 0.000000 -0.000001 0.999994 0.000000 0.000000 0.003036 0.000000 0.999996 0.000000 -0.208592 -0.061331 -0.088346 1.000000
-0.416950 0.865663 0.277083 0.000000 0.858541 0.475179 -0.192629 0.000000 -0.298415 0.157571 -0.941339 0.000000 0.059433 -0.222448 0.034544 1.000000
-0.501573 0.777173 0.380027 0.000000 0.795558 0.586934 -0.150300 0.000000 -0.339859 0.226948 -0.912682 0.000000 0.096068 -0.231382 -0.127285 1.000000
-0.499088 0.809768 0.308518 0.000000 0.806721 0.564180 -0.175775 0.000000 -0.316396 0.161161 -0.934837 0.000000 0.058983 -0.189968 -0.110061 1.000000
0.999996 -0.000001 0.003036 0.000000 0.000001 0.999994 0.000000 0.000000 -0.003036 0.000000 0.999996 0.000000 0.208592 -0.061331 -0.088346 1.000000
-0.416951 -0.865662 -0.277083 0.000000 -0.858540 0.475179 -0.192629 0.000000 0.298415 0.157570 -0.941339 0.000000 -0.059433 -0.222448 0.034544 1.000000
-0.501573 -0.777173 -0.380027 0.000000 -0.795558 0.586934 -0.150300 0.000000 0.339859 0.226948 -0.912682 0.000000 -0.096068 -0.231382 -0.127285 1.000000
-0.499088 -0.809768 -0.308517 0.000000 -0.806720 0.564181 -0.175775 0.000000 0.316396 0.161160 -0.934837 0.000000 -0.058984 -0.189968 -0.110061 1.000000
&