#BONE
@ParentName Armature
@NodeName armature
@BoneIndex 0
@TopNode YES
$WorldTM 4 4
0.000007 0.000000 -1.000000 0.000000
1.000000 0.000000 0.000007 0.000000
0.000000 -1.000000 0.000000 0.000000
0.000000 0.861148 -0.030000 1.000000
$LocalTM 4 4
0.000007 0.000000 -1.000000 0.000000
1.000000 0.000000 0.000007 0.000000
0.000000 -1.000000 0.000000 0.000000
0.000000 0.861148 -0.030000 1.000000
#BONE
@ParentName armature
@NodeName IKpole.R
@BoneIndex 1
@TopNode NO
$WorldTM 4 4
-0.488154 -0.000000 0.872758 0.000000
0.872758 -0.000000 0.488154 0.000000
-0.000000 1.000000 0.000000 0.000000
-0.284196 0.549175 0.257497 1.000000
$LocalTM 4 4
-0.872761 -0.488148 0.000000 0.000000
-0.488148 0.872761 0.000000 0.000000
-0.000000 0.000000 -1.000000 0.000000
-0.287499 -0.284194 0.311973 1.000000
#BONE
@ParentName armature
@NodeName IKpole2.R
@BoneIndex 2
@TopNode NO
$WorldTM 4 4
-0.982401 -0.000000 0.186785 0.000000
0.186785 -0.000000 0.982401 0.000000
-0.000000 1.000000 0.000000 0.000000
-0.260274 0.540000 -0.160947 1.000000
$LocalTM 4 4
-0.186792 -0.982400 0.000000 0.000000
-0.982400 0.186792 0.000000 0.000000
-0.000000 0.000000 -1.000000 0.000000
0.130945 -0.260275 0.321148 1.000000
#BONE
@ParentName armature
@NodeName IKpole.L
@BoneIndex 3
@TopNode NO
$WorldTM 4 4
-0.488141 -0.000000 -0.872765 0.000000
-0.872765 0.000000 0.488141 0.000000
0.000000 1.000000 -0.000000 0.000000
0.284192 0.549175 0.257502 1.000000
$LocalTM 4 4
0.872762 -0.488147 0.000000 0.000000
-0.488147 -0.872762 -0.000000 0.000000
0.000000 0.000000 -1.000000 0.000000
-0.287500 0.284194 0.311973 1.000000
#BONE
@ParentName armature
@NodeName IKpole2.L
@BoneIndex 4
@TopNode NO
$WorldTM 4 4
-0.982398 -0.000000 -0.186800 0.000000
-0.186800 0.000000 0.982398 0.000000
-0.000000 1.000000 -0.000000 0.000000
0.260276 0.540000 -0.160943 1.000000
$LocalTM 4 4
0.186793 -0.982399 -0.000000 0.000000
-0.982399 -0.186793 -0.000000 0.000000
0.000000 0.000000 -1.000000 0.000000
0.130945 0.260275 0.321148 1.000000
#BONE
@ParentName armature
@NodeName IKfront.R
@BoneIndex 5
@TopNode NO
$WorldTM 4 4
0.872837 0.007427 0.487955 0.000000
0.488012 -0.013284 -0.872736 0.000000
-0.000000 0.999884 -0.015219 0.000000
-0.372742 0.000000 0.399997 1.000000
$LocalTM 4 4
-0.487949 0.872840 -0.007427 0.000000
0.872740 0.488006 0.013284 0.000000
0.015219 -0.000000 -0.999884 0.000000
-0.430000 -0.372739 0.861148 1.000000
#BONE
@ParentName armature
@NodeName IKback.R
@BoneIndex 6
@TopNode NO
$WorldTM 4 4
0.318149 -0.049683 0.946740 0.000000
0.948041 0.016673 -0.317711 0.000000
0.000000 0.998626 0.052406 0.000000
-0.371403 0.000000 -0.320003 1.000000
$LocalTM 4 4
-0.946738 0.318156 0.049683 0.000000
0.317718 0.948039 -0.016673 0.000000
-0.052406 0.000000 -0.998626 0.000000
0.290000 -0.371405 0.861148 1.000000
#BONE
@ParentName armature
@NodeName IKfront.L
@BoneIndex 7
@TopNode NO
$WorldTM 4 4
0.872844 -0.007427 -0.487942 0.000000
-0.487999 -0.013284 -0.872743 0.000000
-0.000000 0.999884 -0.015219 0.000000
0.372736 0.000000 0.400003 1.000000
$LocalTM 4 4
0.487948 0.872841 0.007427 0.000000
0.872740 -0.488005 0.013284 0.000000
0.015219 -0.000000 -0.999884 0.000000
-0.430000 0.372739 0.861148 1.000000
#BONE
@ParentName armature
@NodeName IKback.L
@BoneIndex 8
@TopNode NO
$WorldTM 4 4
0.318163 0.049684 -0.946735 0.000000
-0.948036 0.016674 -0.317725 0.000000
-0.000000 0.998626 0.052407 0.000000
0.371407 0.000000 -0.319997 1.000000
$LocalTM 4 4
0.946737 0.318156 -0.049684 0.000000
0.317719 -0.948038 -0.016674 0.000000
-0.052407 0.000000 -0.998626 0.000000
0.290000 0.371405 0.861148 1.000000
#BONE
@ParentName armature
@NodeName bone
@BoneIndex 9
@TopNode NO
$WorldTM 4 4
-1.000000 -0.000000 -0.000007 0.000000
-0.000007 -0.000000 1.000000 0.000000
-0.000000 1.000000 0.000000 0.000000
0.000000 0.470000 -0.030000 1.000000
$LocalTM 4 4
0.000000 -1.000000 0.000000 0.000000
-1.000000 -0.000000 0.000000 0.000000
-0.000000 -0.000000 -1.000000 0.000000
0.000000 0.000000 0.391148 1.000000
#BONE
@ParentName bone
@NodeName Root.001
@BoneIndex 10
@TopNode NO
$WorldTM 4 4
0.999868 0.008794 0.013687 0.000000
-0.016269 0.540685 0.841067 0.000000
-0.000004 -0.841178 0.540757 0.000000
0.000000 0.510000 0.050000 1.000000
$LocalTM 4 4
-0.999868 0.013680 0.008794 0.000000
0.016263 0.841067 0.540685 0.000000
0.000000 0.540757 -0.841178 0.000000
-0.000001 0.080000 0.040000 1.000000
#BONE
@ParentName Root.001
@NodeName head
@BoneIndex 11
@TopNode NO
$WorldTM 4 4
0.999961 -0.006863 -0.005483 0.000000
0.008784 0.780838 0.624671 0.000000
-0.000006 -0.624695 0.780868 0.000000
-0.000001 0.370000 0.140000 1.000000
$LocalTM 4 4
0.999693 -0.024590 0.002804 0.000000
0.024200 0.947436 -0.319029 0.000000
0.005188 0.318999 0.947741 0.000000
-0.000000 0.000000 0.166433 1.000000
#BONE
@ParentName bone
@NodeName Root.002
@BoneIndex 12
@TopNode NO
$WorldTM 4 4
-1.000000 -0.000331 0.000462 0.000000
-0.000568 0.576683 -0.816968 0.000000
0.000004 -0.816968 -0.576683 0.000000
0.000001 0.610000 -0.140000 1.000000
$LocalTM 4 4
1.000000 0.000469 -0.000331 0.000000
0.000574 -0.816968 0.576683 0.000000
0.000000 -0.576683 -0.816968 0.000000
-0.000000 -0.110000 0.140000 1.000000
#BONE
@ParentName Root.002
@NodeName Root.003
@BoneIndex 13
@TopNode NO
$WorldTM 4 4
-1.000000 0.000103 -0.000290 0.000000
0.000308 0.341743 -0.939794 0.000000
0.000002 -0.939793 -0.341743 0.000000
0.000002 0.440000 -0.260000 1.000000
$LocalTM 4 4
1.000000 0.000865 0.000079 0.000000
-0.000855 0.964859 0.262770 0.000000
0.000151 -0.262769 0.964858 0.000000
-0.000000 0.000000 0.208087 1.000000
#BONE
@ParentName bone
@NodeName front1.R
@BoneIndex 14
@TopNode NO
$WorldTM 4 4
-0.657728 0.615961 0.433573 0.000000
-0.565074 -0.022870 -0.824723 0.000000
-0.498082 -0.787445 0.363106 0.000000
-0.077532 0.400758 0.076881 1.000000
$LocalTM 4 4
0.657725 0.433578 0.615961 0.000000
0.565080 -0.824719 -0.022870 0.000000
0.498079 0.363110 -0.787445 0.000000
0.077531 0.106882 -0.069242 1.000000
#BONE
@ParentName front1.R
@NodeName front2.R
@BoneIndex 15
@TopNode NO
$WorldTM 4 4
-0.183020 -0.803657 0.566250 0.000000
0.787264 0.225171 0.574032 0.000000
-0.588828 0.550848 0.591479 0.000000
-0.175458 0.245941 0.148270 1.000000
$LocalTM 4 4
-0.129133 -0.345200 0.929603 0.000000
-0.130224 -0.923430 -0.360997 0.000000
0.983039 -0.167673 0.074292 0.000000
-0.000000 0.000000 0.196607 1.000000
#BONE
@ParentName front2.R
@NodeName front3.R
@BoneIndex 16
@TopNode NO
$WorldTM 4 4
0.822259 0.023644 0.568622 0.000000
-0.520841 0.433963 0.735120 0.000000
-0.229380 -0.900620 0.369145 0.000000
-0.284196 0.347665 0.257497 1.000000
$LocalTM 4 4
0.152490 0.979067 -0.134817 0.000000
0.162829 0.109659 0.980542 0.000000
0.974799 -0.171475 -0.142698 0.000000
-0.000000 -0.000000 0.184668 1.000000
#BONE
@ParentName bone
@NodeName back1.R
@BoneIndex 17
@TopNode NO
$WorldTM 4 4
-0.774973 0.306049 0.552948 0.000000
-0.303437 0.587298 -0.750338 0.000000
-0.554386 -0.749277 -0.362274 0.000000
-0.076459 0.379119 -0.010470 1.000000
$LocalTM 4 4
0.774969 0.552953 0.306049 0.000000
0.303442 -0.750336 0.587298 0.000000
0.554388 -0.362270 -0.749277 0.000000
0.076459 0.019531 -0.090881 1.000000
#BONE
@ParentName back1.R
@NodeName back2.R
@BoneIndex 18
@TopNode NO
$WorldTM 4 4
-0.861238 -0.404921 0.307096 0.000000
0.010078 0.590554 0.806935 0.000000
-0.508102 0.698059 -0.504527 0.000000
-0.170848 0.251548 -0.072151 1.000000
$LocalTM 4 4
0.713319 -0.206903 0.669602 0.000000
0.619121 -0.261701 -0.740406 0.000000
0.328428 0.942711 -0.058578 0.000000
-0.000000 0.000001 0.170259 1.000000
#BONE
@ParentName back2.R
@NodeName back3.R
@BoneIndex 19
@TopNode NO
$WorldTM 4 4
-0.738046 0.437349 -0.513823 0.000000
0.621160 0.142970 -0.770532 0.000000
-0.263530 -0.887856 -0.377182 0.000000
-0.260274 0.374405 -0.160947 1.000000
$LocalTM 4 4
0.300749 -0.163782 0.939534 0.000000
-0.829485 -0.531079 0.172943 0.000000
0.470642 -0.831344 -0.295576 0.000000
0.000001 0.000000 0.175999 1.000000
#BONE
@ParentName bone
@NodeName front1.L
@BoneIndex 20
@TopNode NO
$WorldTM 4 4
-0.657722 -0.615961 -0.433582 0.000000
0.565085 -0.022871 -0.824715 0.000000
0.498076 -0.787445 0.363113 0.000000
0.077531 0.400758 0.076882 1.000000
$LocalTM 4 4
0.657725 -0.433577 -0.615961 0.000000
-0.565080 -0.824719 -0.022871 0.000000
-0.498079 0.363110 -0.787445 0.000000
-0.077532 0.106881 -0.069242 1.000000
#BONE
@ParentName front1.L
@NodeName front2.L
@BoneIndex 21
@TopNode NO
$WorldTM 4 4
-0.183012 0.803657 -0.566252 0.000000
-0.787273 0.225171 0.574021 0.000000
0.588820 0.550849 0.591489 0.000000
0.175456 0.245941 0.148273 1.000000
$LocalTM 4 4
-0.129133 0.345199 -0.929603 0.000000
0.130225 -0.923430 -0.360997 0.000000
-0.983041 -0.167675 0.074292 0.000000
-0.000000 -0.000000 0.196607 1.000000
#BONE
@ParentName front2.L
@NodeName front3.L
@BoneIndex 22
@TopNode NO
$WorldTM 4 4
0.822267 -0.023644 -0.568609 0.000000
0.520829 0.433962 0.735128 0.000000
0.229374 -0.900622 0.369148 0.000000
0.284192 0.347665 0.257502 1.000000
$LocalTM 4 4
0.152490 -0.979066 0.134817 0.000000
-0.162830 0.109660 0.980539 0.000000
-0.974800 -0.171475 -0.142699 0.000000
0.000000 0.000000 0.184668 1.000000
#BONE
@ParentName bone
@NodeName back1.L
@BoneIndex 23
@TopNode NO
$WorldTM 4 4
-0.774965 -0.306048 -0.552960 0.000000
0.303449 0.587298 -0.750332 0.000000
0.554390 -0.749277 -0.362266 0.000000
0.076459 0.379119 -0.010469 1.000000
$LocalTM 4 4
0.774969 -0.552955 -0.306048 0.000000
-0.303444 -0.750335 0.587298 0.000000
-0.554388 -0.362270 -0.749277 0.000000
-0.076459 0.019530 -0.090881 1.000000
#BONE
@ParentName back1.L
@NodeName back2.L
@BoneIndex 24
@TopNode NO
$WorldTM 4 4
-0.861233 0.404921 -0.307109 0.000000
-0.010089 0.590553 0.806934 0.000000
0.508110 0.698058 -0.504520 0.000000
0.170849 0.251548 -0.072148 1.000000
$LocalTM 4 4
0.713319 0.206903 -0.669601 0.000000
-0.619120 -0.261700 -0.740405 0.000000
-0.328427 0.942712 -0.058577 0.000000
-0.000000 0.000000 0.170259 1.000000
#BONE
@ParentName back2.L
@NodeName back3.L
@BoneIndex 25
@TopNode NO
$WorldTM 4 4
-0.738055 -0.437348 0.513811 0.000000
-0.621147 0.142970 -0.770541 0.000000
0.263535 -0.887856 -0.377178 0.000000
0.260276 0.374405 -0.160943 1.000000
$LocalTM 4 4
0.300750 0.163782 -0.939534 0.000000
0.829485 -0.531079 0.172944 0.000000
-0.470642 -0.831345 -0.295576 0.000000
-0.000000 -0.000000 0.175999 1.000000
#BONE
@ParentName bone
@NodeName pole
@BoneIndex 26
@TopNode NO
$WorldTM 4 4
-1.000000 -0.000000 -0.000007 0.000000
-0.000007 -0.000000 1.000000 0.000000
-0.000000 1.000000 0.000000 0.000000
0.000000 0.664397 -0.030000 1.000000
$LocalTM 4 4
1.000000 0.000000 0.000000 0.000000
0.000000 1.000000 0.000000 0.000000
0.000000 0.000000 1.000000 0.000000
-0.000000 0.000000 0.194397 1.000000
#SKIN
@ParentName RootNode
@NodeName EnemyS_4_low.001
@MeshName MonsterB+_0
@MaterialName MonsterB+_Material
@TopNode YES
$WorldTM 4 4
1.000000 0.000000 0.000000 0.000000
0.000000 1.000000 0.000000 0.000000
0.000000 0.000000 1.000000 0.000000
0.000000 0.000000 0.000000 1.000000
$LocalTM 4 4
1.000000 0.000000 0.000000 0.000000
0.000000 1.000000 0.000000 0.000000
0.000000 0.000000 1.000000 0.000000
0.000000 0.000000 0.000000 1.000000
$BoneOffset 27 16
0.000007 1.000000 0.000000 0.000000 0.000000 0.000000 -1.000000 0.000000 -1.000000 0.000007 0.000000 0.000000 -0.030000 0.000000 0.861148 1.000000
1.000000 0.000000 0.000000 0.000000 0.000000 1.000000 0.000000 0.000000 0.000000 0.000000 1.000000 0.000000 0.000000 0.000000 0.000000 1.000000
1.000000 0.000000 0.000000 0.000000 0.000000 1.000000 0.000000 0.000000 0.000000 0.000000 1.000000 0.000000 0.000000 0.000000 0.000000 1.000000
1.000000 0.000000 0.000000 0.000000 0.000000 1.000000 0.000000 0.000000 0.000000 0.000000 1.000000 0.000000 0.000000 0.000000 0.000000 1.000000
1.000000 0.000000 0.000000 0.000000 0.000000 1.000000 0.000000 0.000000 0.000000 0.000000 1.000000 0.000000 0.000000 0.000000 0.000000 1.000000
1.000000 0.000000 0.000000 0.000000 0.000000 1.000000 0.000000 0.000000 0.000000 0.000000 1.000000 0.000000 0.000000 0.000000 0.000000 1.000000
1.000000 0.000000 0.000000 0.000000 0.000000 1.000000 0.000000 0.000000 0.000000 0.000000 1.000000 0.000000 0.000000 0.000000 0.000000 1.000000
1.000000 0.000000 0.000000 0.000000 0.000000 1.000000 0.000000 0.000000 0.000000 0.000000 1.000000 0.000000 0.000000 0.000000 0.000000 1.000000
1.000000 0.000000 0.000000 0.000000 0.000000 1.000000 0.000000 0.000000 0.000000 0.000000 1.000000 0.000000 0.000000 0.000000 0.000000 1.000000
-1.000000 -0.000007 0.000000 0.000000 -0.000000 0.000000 1.000000 0.000000 -0.000007 1.000000 -0.000000 0.000000 -0.000000 0.030000 -0.470000 1.000000
0.999867 -0.016269 -0.000004 0.000000 0.008794 0.540686 -0.841180 0.000000 0.013687 0.841068 0.540757 0.000000 -0.005169 -0.317803 0.401964 1.000000
0.999962 0.008784 -0.000006 0.000000 -0.006863 0.780839 -0.624696 0.000000 -0.005483 0.624672 0.780869 0.000000 0.003308 -0.376364 0.121816 1.000000
-1.000000 -0.000568 0.000004 0.000000 -0.000331 0.576683 -0.816968 0.000000 0.000462 -0.816968 -0.576683 0.000000 0.000268 -0.466152 0.417615 1.000000
-1.000000 0.000308 0.000002 0.000000 0.000103 0.341743 -0.939794 0.000000 -0.000290 -0.939793 -0.341743 0.000000 -0.000119 -0.394713 0.324656 1.000000
-0.657728 -0.565074 -0.498081 0.000000 0.615961 -0.022871 -0.787444 0.000000 0.433573 -0.824723 0.363107 0.000000 -0.331180 0.028760 0.249041 1.000000
-0.183020 0.787265 -0.588829 0.000000 -0.803657 0.225171 0.550848 0.000000 0.566250 0.574032 0.591480 0.000000 0.081582 -0.002359 -0.326490 1.000000
0.822259 -0.520841 -0.229379 0.000000 0.023644 0.433962 -0.900621 0.000000 0.568622 0.735121 0.369143 0.000000 0.079044 -0.488186 0.152873 1.000000
-0.774973 -0.303437 -0.554385 0.000000 0.306049 0.587298 -0.749276 0.000000 0.552948 -0.750338 -0.362273 0.000000 -0.169493 -0.253712 0.237884 1.000000
-0.861238 0.010077 -0.508102 0.000000 -0.404921 0.590554 0.698058 0.000000 0.307096 0.806935 -0.504527 0.000000 -0.023126 -0.088610 -0.298805 1.000000
-0.738046 0.621160 -0.263528 0.000000 0.437347 0.142970 -0.887855 0.000000 -0.513824 -0.770531 -0.377181 0.000000 -0.438538 -0.015871 0.203122 1.000000
-0.657722 0.565085 0.498077 0.000000 -0.615961 -0.022870 -0.787444 0.000000 -0.433582 -0.824716 0.363112 0.000000 0.331180 0.028759 0.249041 1.000000
-0.183012 -0.787272 0.588819 0.000000 0.803657 0.225171 0.550847 0.000000 -0.566252 0.574021 0.591488 0.000000 -0.081582 -0.002359 -0.326489 1.000000
0.822268 0.520829 0.229373 0.000000 -0.023644 0.433962 -0.900621 0.000000 -0.568609 0.735128 0.369147 0.000000 -0.079044 -0.488186 0.152872 1.000000
-0.774964 0.303449 0.554390 0.000000 -0.306048 0.587298 -0.749276 0.000000 -0.552959 -0.750333 -0.362265 0.000000 0.169493 -0.253713 0.237884 1.000000
-0.861234 -0.010089 0.508110 0.000000 0.404921 0.590554 0.698058 0.000000 -0.307109 0.806935 -0.504520 0.000000 0.023126 -0.088610 -0.298805 1.000000
-0.738055 -0.621148 0.263534 0.000000 -0.437348 0.142970 -0.887855 0.000000 0.513813 -0.770541 -0.377177 0.000000 0.438538 -0.015872 0.203122 1.000000
-1.000000 -0.000007 0.000000 0.000000 -0.000000 0.000000 1.000000 0.000000 -0.000007 1.000000 -0.000000 0.000000 -0.000000 0.030000 -0.664397 1.000000
&