#STATIC
@NodeName organic_cactus_20
@ParentName RootNode
@MeshName organic_cactus_0
@MaterialName organic_cactus_M_cactus
$WorldTM 4 4
-0.922300 0.000000 -0.386500 0.000000
0.000000 1.000000 0.000000 0.000000
0.386500 0.000000 -0.922300 0.000000
-2429.261475 110.539497 -5384.666992 1.000000
$LocalTM 4 4
-0.009223 0.000000 -0.003865 0.000000
0.000000 0.010000 0.000000 0.000000
0.003865 0.000000 -0.009223 0.000000
-24.292614 1.105395 -53.846668 1.000000
#STATIC
@NodeName organic_cactus5
@ParentName RootNode
@MeshName organic_cactus_0
@MaterialName organic_cactus_M_cactus
$WorldTM 4 4
0.064300 0.005900 -0.997900 0.000000
-0.090794 0.995901 0.000038 0.000000
0.993802 0.090600 0.064572 0.000000
-2493.186279 123.203400 -5459.604004 1.000000
$LocalTM 4 4
0.000643 0.000059 -0.009979 0.000000
-0.000908 0.009959 0.000000 0.000000
0.009938 0.000906 0.000646 0.000000
-24.931862 1.232034 -54.596039 1.000000
#STATIC
@NodeName organic_cactus14
@ParentName RootNode
@MeshName organic_cactus_0
@MaterialName organic_cactus_M_cactus
$WorldTM 4 4
0.526000 0.000000 -0.850500 0.000000
0.000000 1.000000 0.000000 0.000000
0.850500 0.000000 0.526000 0.000000
4116.213379 44.099300 -3550.886230 1.000000
$LocalTM 4 4
0.005260 0.000000 -0.008505 0.000000
0.000000 0.010000 0.000000 0.000000
0.008505 0.000000 0.005260 0.000000
41.162132 0.440993 -35.508862 1.000000
#STATIC
@NodeName organic_cactus15
@ParentName RootNode
@MeshName organic_cactus_1
@MaterialName organic_cactus_M_cactus
$WorldTM 4 4
-0.180100 0.000000 1.489200 0.000000
0.000000 1.500000 0.000000 0.000000
-1.489200 0.000000 -0.180100 0.000000
-512.706726 2.830500 3329.453613 1.000000
$LocalTM 4 4
-0.001801 0.000000 0.014892 0.000000
0.000000 0.015000 0.000000 0.000000
-0.014892 0.000000 -0.001801 0.000000
-5.127067 0.028305 33.294537 1.000000
#STATIC
@NodeName organic_cactus16
@ParentName RootNode
@MeshName organic_cactus_0
@MaterialName organic_cactus_M_cactus
$WorldTM 4 4
0.830600 0.000000 0.556900 0.000000
0.000000 1.000000 0.000000 0.000000
-0.556900 0.000000 0.830600 0.000000
2616.450928 44.091900 6786.273926 1.000000
$LocalTM 4 4
0.008306 0.000000 0.005569 0.000000
0.000000 0.010000 0.000000 0.000000
-0.005569 0.000000 0.008306 0.000000
26.164509 0.440919 67.862740 1.000000
#STATIC
@NodeName organic_cactus17
@ParentName RootNode
@MeshName organic_cactus_1
@MaterialName organic_cactus_M_cactus
$WorldTM 4 4
1.390900 0.000000 -0.159800 0.000000
0.000000 1.400000 0.000000 0.000000
0.159800 0.000000 1.390900 0.000000
3682.046875 292.944885 5938.083984 1.000000
$LocalTM 4 4
0.013909 0.000000 -0.001598 0.000000
0.000000 0.014000 0.000000 0.000000
0.001598 0.000000 0.013909 0.000000
36.820469 2.929449 59.380840 1.000000
#STATIC
@NodeName organic_cactus18
@ParentName RootNode
@MeshName organic_cactus_0
@MaterialName organic_cactus_M_cactus
$WorldTM 4 4
0.820500 0.000000 0.571700 0.000000
0.000000 1.000000 0.000000 0.000000
-0.571700 0.000000 0.820500 0.000000
3513.543213 264.613312 5732.572754 1.000000
$LocalTM 4 4
0.008205 0.000000 0.005717 0.000000
0.000000 0.010000 0.000000 0.000000
-0.005717 0.000000 0.008205 0.000000
35.135433 2.646133 57.325726 1.000000
#STATIC
@NodeName organic_cactus20
@ParentName RootNode
@MeshName organic_cactus_1
@MaterialName organic_cactus_M_cactus
$WorldTM 4 4
-0.102600 0.000000 -0.994700 0.000000
0.000000 1.000000 0.000000 0.000000
0.994700 0.000000 -0.102600 0.000000
3522.947021 201.465897 5329.286621 1.000000
$LocalTM 4 4
-0.001026 0.000000 -0.009947 0.000000
0.000000 0.010000 0.000000 0.000000
0.009947 0.000000 -0.001026 0.000000
35.229469 2.014659 53.292866 1.000000
#STATIC
@NodeName organic_cactus21
@ParentName RootNode
@MeshName organic_cactus_1
@MaterialName organic_cactus_M_cactus
$WorldTM 4 4
-0.180500 0.000000 1.489100 0.000000
0.000000 1.500000 0.000000 0.000000
-1.489100 0.000000 -0.180500 0.000000
1511.016479 -66.266403 7013.857422 1.000000
$LocalTM 4 4
-0.001805 0.000000 0.014891 0.000000
0.000000 0.015000 0.000000 0.000000
-0.014891 0.000000 -0.001805 0.000000
15.110165 -0.662664 70.138573 1.000000
#STATIC
@NodeName organic_cactus22
@ParentName RootNode
@MeshName organic_cactus_1
@MaterialName organic_cactus_M_cactus
$WorldTM 4 4
-0.850400 0.000000 1.460700 0.000000
0.000000 1.690300 0.000000 0.000000
-1.460700 0.000000 -0.850400 0.000000
-619.059021 95.836197 5292.806641 1.000000
$LocalTM 4 4
-0.008504 0.000000 0.014607 0.000000
0.000000 0.016903 0.000000 0.000000
-0.014607 0.000000 -0.008504 0.000000
-6.190590 0.958362 52.928066 1.000000
#STATIC
@NodeName organic_cactus23
@ParentName RootNode
@MeshName organic_cactus_0
@MaterialName organic_cactus_M_cactus
$WorldTM 4 4
0.431900 0.000000 0.901900 0.000000
0.000000 1.000000 0.000000 0.000000
-0.901900 0.000000 0.431900 0.000000
-601.162170 108.678299 4901.639648 1.000000
$LocalTM 4 4
0.004319 0.000000 0.009019 0.000000
0.000000 0.010000 0.000000 0.000000
-0.009019 0.000000 0.004319 0.000000
-6.011621 1.086783 49.016396 1.000000
#STATIC
@NodeName organic_cactus24
@ParentName RootNode
@MeshName organic_cactus_1
@MaterialName organic_cactus_M_cactus
$WorldTM 4 4
2.196200 0.000000 -0.129700 0.000000
0.000000 2.200000 0.000000 0.000000
0.129700 0.000000 2.196200 0.000000
2820.725342 142.262100 6036.918457 1.000000
$LocalTM 4 4
0.021962 0.000000 -0.001297 0.000000
0.000000 0.022000 0.000000 0.000000
0.001297 0.000000 0.021962 0.000000
28.207253 1.422621 60.369183 1.000000
#STATIC
@NodeName organic_cactus6
@ParentName RootNode
@MeshName organic_cactus_0
@MaterialName organic_cactus_M_cactus
$WorldTM 4 4
-0.407900 0.000000 -0.913000 0.000000
0.000000 1.000000 0.000000 0.000000
0.913000 0.000000 -0.407900 0.000000
-1998.067505 2.372100 -4530.136230 1.000000
$LocalTM 4 4
-0.004079 0.000000 -0.009130 0.000000
0.000000 0.010000 0.000000 0.000000
0.009130 0.000000 -0.004079 0.000000
-19.980675 0.023721 -45.301361 1.000000
#STATIC
@NodeName organic_cactus25
@ParentName RootNode
@MeshName organic_cactus_0
@MaterialName organic_cactus_M_cactus
$WorldTM 4 4
1.491200 0.000000 -0.162600 0.000000
0.000000 1.500000 0.000000 0.000000
0.162600 0.000000 1.491200 0.000000
2549.709961 93.787003 4861.328613 1.000000
$LocalTM 4 4
0.014912 0.000000 -0.001626 0.000000
0.000000 0.015000 0.000000 0.000000
0.001626 0.000000 0.014912 0.000000
25.497099 0.937870 48.613285 1.000000
#STATIC
@NodeName organic_cactus26
@ParentName RootNode
@MeshName organic_cactus_0
@MaterialName organic_cactus_M_cactus
$WorldTM 4 4
1.491200 0.000000 -0.162600 0.000000
0.000000 1.500000 0.000000 0.000000
0.162600 0.000000 1.491200 0.000000
2967.225342 153.192200 6637.199219 1.000000
$LocalTM 4 4
0.014912 0.000000 -0.001626 0.000000
0.000000 0.015000 0.000000 0.000000
0.001626 0.000000 0.014912 0.000000
29.672253 1.531922 66.371994 1.000000
#STATIC
@NodeName organic_cactus27
@ParentName RootNode
@MeshName organic_cactus_1
@MaterialName organic_cactus_M_cactus
$WorldTM 4 4
1.492100 0.000000 -1.331800 0.000000
0.000000 2.000000 0.000000 0.000000
1.331800 0.000000 1.492100 0.000000
2414.988525 28.005600 7492.057617 1.000000
$LocalTM 4 4
0.014921 0.000000 -0.013318 0.000000
0.000000 0.020000 0.000000 0.000000
0.013318 0.000000 0.014921 0.000000
24.149885 0.280056 74.920578 1.000000
#STATIC
@NodeName organic_cactus28
@ParentName RootNode
@MeshName organic_cactus_0
@MaterialName organic_cactus_M_cactus
$WorldTM 4 4
1.282100 0.000000 0.633100 0.000000
0.000000 1.429900 0.000000 0.000000
-0.633100 0.000000 1.282100 0.000000
2709.465088 79.305603 6968.997070 1.000000
$LocalTM 4 4
0.012821 0.000000 0.006331 0.000000
0.000000 0.014299 0.000000 0.000000
-0.006331 0.000000 0.012821 0.000000
27.094650 0.793056 69.689972 1.000000
#STATIC
@NodeName organic_cactus29
@ParentName RootNode
@MeshName organic_cactus_1
@MaterialName organic_cactus_M_cactus
$WorldTM 4 4
0.538900 0.000000 1.612300 0.000000
0.000000 1.700000 0.000000 0.000000
-1.612300 0.000000 0.538900 0.000000
2528.560059 109.665001 6223.605469 1.000000
$LocalTM 4 4
0.005389 0.000000 0.016123 0.000000
0.000000 0.017000 0.000000 0.000000
-0.016123 0.000000 0.005389 0.000000
25.285601 1.096650 62.236053 1.000000
#STATIC
@NodeName organic_cactus30
@ParentName RootNode
@MeshName organic_cactus_1
@MaterialName organic_cactus_M_cactus
$WorldTM 4 4
1.996500 0.000000 -0.117900 0.000000
0.000000 2.000000 0.000000 0.000000
0.117900 0.000000 1.996500 0.000000
121.258499 -26.240101 6717.233398 1.000000
$LocalTM 4 4
0.019965 0.000000 -0.001179 0.000000
0.000000 0.020000 0.000000 0.000000
0.001179 0.000000 0.019965 0.000000
1.212585 -0.262401 67.172333 1.000000
#STATIC
@NodeName organic_cactus31
@ParentName RootNode
@MeshName organic_cactus_0
@MaterialName organic_cactus_M_cactus
$WorldTM 4 4
0.469700 0.000000 0.882800 0.000000
0.000000 1.000000 0.000000 0.000000
-0.882800 0.000000 0.469700 0.000000
140.335999 -35.416801 6999.726074 1.000000
$LocalTM 4 4
0.004697 0.000000 0.008828 0.000000
0.000000 0.010000 0.000000 0.000000
-0.008828 0.000000 0.004697 0.000000
1.403360 -0.354168 69.997261 1.000000
#STATIC
@NodeName organic_cactus32
@ParentName RootNode
@MeshName organic_cactus_0
@MaterialName organic_cactus_M_cactus
$WorldTM 4 4
0.469700 0.000000 0.882800 0.000000
0.000000 1.000000 0.000000 0.000000
-0.882800 0.000000 0.469700 0.000000
96.903397 -3.767100 6940.113281 1.000000
$LocalTM 4 4
0.004697 0.000000 0.008828 0.000000
0.000000 0.010000 0.000000 0.000000
-0.008828 0.000000 0.004697 0.000000
0.969034 -0.037671 69.401131 1.000000
#STATIC
@NodeName organic_cactus19
@ParentName RootNode
@MeshName organic_cactus_0
@MaterialName organic_cactus_M_cactus
$WorldTM 4 4
0.626500 0.000000 -0.779400 0.000000
0.000000 1.000000 0.000000 0.000000
0.779400 0.000000 0.626500 0.000000
5140.660645 57.908798 -1535.975830 1.000000
$LocalTM 4 4
0.006265 0.000000 -0.007794 0.000000
0.000000 0.010000 0.000000 0.000000
0.007794 0.000000 0.006265 0.000000
51.406605 0.579088 -15.359758 1.000000
#STATIC
@NodeName organic_cactus33
@ParentName RootNode
@MeshName organic_cactus_1
@MaterialName organic_cactus_M_cactus
$WorldTM 4 4
0.224500 0.000000 0.974500 0.000000
0.000000 1.000000 0.000000 0.000000
-0.974500 0.000000 0.224500 0.000000
2361.966309 -18.344801 -2289.096924 1.000000
$LocalTM 4 4
0.002245 0.000000 0.009745 0.000000
0.000000 0.010000 0.000000 0.000000
-0.009745 0.000000 0.002245 0.000000
23.619663 -0.183448 -22.890968 1.000000
#STATIC
@NodeName organic_cactus8
@ParentName RootNode
@MeshName organic_cactus_1
@MaterialName organic_cactus_M_cactus
$WorldTM 4 4
1.176800 0.000000 -0.235100 0.000000
0.000000 1.200000 0.000000 0.000000
0.235100 0.000000 1.176800 0.000000
-2924.328857 261.912903 -6590.454102 1.000000
$LocalTM 4 4
0.011768 0.000000 -0.002351 0.000000
0.000000 0.012000 0.000000 0.000000
0.002351 0.000000 0.011768 0.000000
-29.243288 2.619129 -65.904541 1.000000
#STATIC
@NodeName organic_cactus34
@ParentName RootNode
@MeshName organic_cactus_0
@MaterialName organic_cactus_M_cactus
$WorldTM 4 4
0.939200 0.000000 0.343400 0.000000
0.000000 1.000000 0.000000 0.000000
-0.343400 0.000000 0.939200 0.000000
-1371.876343 -19.255899 3836.685547 1.000000
$LocalTM 4 4
0.009392 0.000000 0.003434 0.000000
0.000000 0.010000 0.000000 0.000000
-0.003434 0.000000 0.009392 0.000000
-13.718763 -0.192559 38.366856 1.000000
#STATIC
@NodeName organic_cactus35
@ParentName RootNode
@MeshName organic_cactus_0
@MaterialName organic_cactus_M_cactus
$WorldTM 4 4
0.595400 0.000000 0.368100 0.000000
0.000000 0.700000 0.000000 0.000000
-0.368100 0.000000 0.595400 0.000000
-1477.357666 -18.657801 3946.055908 1.000000
$LocalTM 4 4
0.005954 0.000000 0.003681 0.000000
0.000000 0.007000 0.000000 0.000000
-0.003681 0.000000 0.005954 0.000000
-14.773577 -0.186578 39.460560 1.000000
#STATIC
@NodeName organic_cactus37
@ParentName RootNode
@MeshName organic_cactus_1
@MaterialName organic_cactus_M_cactus
$WorldTM 4 4
-0.061000 0.000000 1.498700 0.000000
0.000000 1.500000 0.000000 0.000000
-1.498700 0.000000 -0.061000 0.000000
4035.336182 179.173599 5147.158203 1.000000
$LocalTM 4 4
-0.000610 0.000000 0.014987 0.000000
0.000000 0.015000 0.000000 0.000000
-0.014987 0.000000 -0.000610 0.000000
40.353359 1.791736 51.471581 1.000000
#STATIC
@NodeName organic_cactus38
@ParentName RootNode
@MeshName organic_cactus_0
@MaterialName organic_cactus_M_cactus
$WorldTM 4 4
0.839300 0.000000 0.543600 0.000000
0.000000 1.000000 0.000000 0.000000
-0.543600 0.000000 0.839300 0.000000
3687.794434 156.726501 4574.427734 1.000000
$LocalTM 4 4
0.008393 0.000000 0.005436 0.000000
0.000000 0.010000 0.000000 0.000000
-0.005436 0.000000 0.008393 0.000000
36.877945 1.567265 45.744278 1.000000
#STATIC
@NodeName organic_cactus39
@ParentName RootNode
@MeshName organic_cactus_1
@MaterialName organic_cactus_M_cactus
$WorldTM 4 4
-1.826100 -0.090300 0.810800 0.000000
-0.056081 1.996901 0.096090 0.000000
-0.813884 0.065000 -1.825807 0.000000
3693.553223 154.750000 4656.907715 1.000000
$LocalTM 4 4
-0.018261 -0.000903 0.008108 0.000000
-0.000561 0.019969 0.000961 0.000000
-0.008139 0.000650 -0.018258 0.000000
36.935532 1.547500 46.569077 1.000000
#STATIC
@NodeName organic_cactus40
@ParentName RootNode
@MeshName organic_cactus_1
@MaterialName organic_cactus_M_cactus
$WorldTM 4 4
-1.304000 0.014400 -0.741100 0.000000
-0.019093 1.998599 0.072429 0.000000
0.741124 0.054300 -1.302987 0.000000
4132.597168 139.497803 4696.207031 1.000000
$LocalTM 4 4
-0.013040 0.000144 -0.007411 0.000000
-0.000191 0.019986 0.000724 0.000000
0.007411 0.000543 -0.013030 0.000000
41.325970 1.394978 46.962070 1.000000
#STATIC
@NodeName organic_cactus36
@ParentName RootNode
@MeshName organic_cactus_0
@MaterialName organic_cactus_M_cactus
$WorldTM 4 4
1.491200 0.000000 -0.162600 0.000000
0.004954 1.499299 0.045430 0.000000
0.162523 -0.045700 1.490497 0.000000
4053.213135 145.564102 4734.598145 1.000000
$LocalTM 4 4
0.014912 0.000000 -0.001626 0.000000
0.000050 0.014993 0.000454 0.000000
0.001625 -0.000457 0.014905 0.000000
40.532131 1.455641 47.345982 1.000000
#STATIC
@NodeName organic_cactus42
@ParentName RootNode
@MeshName organic_cactus_0
@MaterialName organic_cactus_M_cactus
$WorldTM 4 4
1.180900 0.000500 -0.213300 0.000000
0.000006 1.200000 0.002844 0.000000
0.213301 -0.002800 1.180900 0.000000
5110.945312 50.064602 -1497.567627 1.000000
$LocalTM 4 4
0.011809 0.000005 -0.002133 0.000000
0.000000 0.012000 0.000028 0.000000
0.002133 -0.000028 0.011809 0.000000
51.109451 0.500646 -14.975676 1.000000
#STATIC
@NodeName organic_cactus9
@ParentName RootNode
@MeshName organic_cactus_1
@MaterialName organic_cactus_M_cactus
$WorldTM 4 4
-0.633100 0.000000 -0.774100 0.000000
0.000000 1.000000 0.000000 0.000000
0.774100 0.000000 -0.633100 0.000000
-2169.170410 116.902496 -5686.583496 1.000000
$LocalTM 4 4
-0.006331 0.000000 -0.007741 0.000000
0.000000 0.010000 0.000000 0.000000
0.007741 0.000000 -0.006331 0.000000
-21.691704 1.169025 -56.865833 1.000000
#STATIC
@NodeName organic_cactus10
@ParentName RootNode
@MeshName organic_cactus_1
@MaterialName organic_cactus_M_cactus
$WorldTM 4 4
-0.063800 0.000000 0.998000 0.000000
0.000000 1.000000 0.000000 0.000000
-0.998000 0.000000 -0.063800 0.000000
-1626.796509 98.325500 -5148.821289 1.000000
$LocalTM 4 4
-0.000638 0.000000 0.009980 0.000000
0.000000 0.010000 0.000000 0.000000
-0.009980 0.000000 -0.000638 0.000000
-16.267965 0.983255 -51.488213 1.000000
#STATIC
@NodeName organic_cactus2
@ParentName RootNode
@MeshName organic_cactus_0
@MaterialName organic_cactus_M_cactus
$WorldTM 4 4
0.997900 0.000000 -0.064800 0.000000
0.000000 1.000000 0.000000 0.000000
0.064800 0.000000 0.997900 0.000000
-1318.431274 43.604900 -6415.592773 1.000000
$LocalTM 4 4
0.009979 0.000000 -0.000648 0.000000
0.000000 0.010000 0.000000 0.000000
0.000648 0.000000 0.009979 0.000000
-13.184313 0.436049 -64.155930 1.000000
#STATIC
@NodeName organic_cactus11
@ParentName RootNode
@MeshName organic_cactus_0
@MaterialName organic_cactus_M_cactus
$WorldTM 4 4
0.889300 0.000000 -0.138600 0.000000
0.000000 0.900000 0.000000 0.000000
0.138600 0.000000 0.889300 0.000000
2326.366211 4.392400 -2594.655273 1.000000
$LocalTM 4 4
0.008893 0.000000 -0.001386 0.000000
0.000000 0.009000 0.000000 0.000000
0.001386 0.000000 0.008893 0.000000
23.263662 0.043924 -25.946552 1.000000
#STATIC
@NodeName organic_cactus12
@ParentName RootNode
@MeshName organic_cactus_1
@MaterialName organic_cactus_M_cactus
$WorldTM 4 4
0.612000 0.000000 -0.790800 0.000000
0.000000 1.000000 0.000000 0.000000
0.790800 0.000000 0.612000 0.000000
4961.283691 33.183300 -2521.420166 1.000000
$LocalTM 4 4
0.006120 0.000000 -0.007908 0.000000
0.000000 0.010000 0.000000 0.000000
0.007908 0.000000 0.006120 0.000000
49.612835 0.331833 -25.214201 1.000000
#STATIC
@NodeName organic_cactus13
@ParentName RootNode
@MeshName organic_cactus_1
@MaterialName organic_cactus_M_cactus
$WorldTM 4 4
-0.621700 0.000000 -1.141700 0.000000
0.000000 1.300000 0.000000 0.000000
1.141700 0.000000 -0.621700 0.000000
5190.312988 48.362801 -1650.562500 1.000000
$LocalTM 4 4
-0.006217 0.000000 -0.011417 0.000000
0.000000 0.013000 0.000000 0.000000
0.011417 0.000000 -0.006217 0.000000
51.903130 0.483628 -16.505625 1.000000
&