#STATIC
@NodeName bossb_cutighthouse02
@ParentName RootNode
@MeshName Outside_bossOBJ_0
@MaterialName Outside_bossOBJ_M_bossb_cutlighthouse
$WorldTM 4 4
0.722100 0.691500 -0.021300 0.000000
0.689397 -0.721797 -0.061466 0.000000
-0.057877 0.029700 -0.997901 0.000000
-5278.493652 526.310120 3556.755371 1.000000
$LocalTM 4 4
0.007221 0.006915 -0.000213 0.000000
0.006894 -0.007218 -0.000615 0.000000
-0.000579 0.000297 -0.009979 0.000000
-52.784935 5.263101 35.567554 1.000000
#STATIC
@NodeName bossb_cutighthouse03
@ParentName RootNode
@MeshName Outside_bossOBJ_0
@MaterialName Outside_bossOBJ_M_bossb_cutlighthouse
$WorldTM 4 4
-0.012500 -0.947100 -0.320800 0.000000
-0.997699 -0.009600 0.067218 0.000000
-0.066741 0.320901 -0.944797 0.000000
-5152.458008 727.508606 4024.007080 1.000000
$LocalTM 4 4
-0.000125 -0.009471 -0.003208 0.000000
-0.009977 -0.000096 0.000672 0.000000
-0.000667 0.003209 -0.009448 0.000000
-51.524578 7.275086 40.240070 1.000000
#STATIC
@NodeName Bridge_low5
@ParentName RootNode
@MeshName Outside_bossOBJ_1
@MaterialName Outside_bossOBJ_M_railroadB
$WorldTM 4 4
1.205800 0.000000 -0.520100 0.000000
0.000000 1.313200 0.000000 0.000000
0.520100 0.000000 1.205800 0.000000
9856.236328 414.171814 -9302.670898 1.000000
$LocalTM 4 4
0.012058 0.000000 -0.005201 0.000000
0.000000 0.013132 0.000000 0.000000
0.005201 0.000000 0.012058 0.000000
98.562363 4.141718 -93.026711 1.000000
#STATIC
@NodeName bossb_cutighthouse01
@ParentName RootNode
@MeshName Outside_bossOBJ_0
@MaterialName Outside_bossOBJ_M_bossb_cutlighthouse
$WorldTM 4 4
-0.992800 -0.077500 0.091000 0.000000
0.059154 -0.980097 -0.189331 0.000000
0.103870 -0.182599 0.977703 0.000000
-4860.812012 621.035400 3060.796631 1.000000
$LocalTM 4 4
-0.009928 -0.000775 0.000910 0.000000
0.000592 -0.009801 -0.001893 0.000000
0.001039 -0.001826 0.009777 0.000000
-48.608120 6.210354 30.607965 1.000000
#STATIC
@NodeName Railroad_low_111
@ParentName RootNode
@MeshName Outside_bossOBJ_2
@MaterialName Outside_bossOBJ_M_railroadA
$WorldTM 4 4
0.362000 0.087700 -1.178800 0.000000
0.342295 1.172214 0.192326 0.000000
1.131380 -0.382704 0.318965 0.000000
1235.287354 2437.523682 -11010.700195 1.000000
$LocalTM 4 4
0.003620 0.000877 -0.011788 0.000000
0.003423 0.011722 0.001923 0.000000
0.011314 -0.003827 0.003190 0.000000
12.352873 24.375237 -110.107002 1.000000
#STATIC
@NodeName Railroad_low2_112
@ParentName RootNode
@MeshName Outside_bossOBJ_2
@MaterialName Outside_bossOBJ_M_railroadA
$WorldTM 4 4
1.330300 0.000000 -0.557900 0.000000
0.000000 1.442600 0.000000 0.000000
0.557900 0.000000 1.330300 0.000000
11828.568359 2140.343750 -4714.011719 1.000000
$LocalTM 4 4
0.013303 0.000000 -0.005579 0.000000
0.000000 0.014426 0.000000 0.000000
0.005579 0.000000 0.013303 0.000000
118.285683 21.403437 -47.140118 1.000000
#STATIC
@NodeName Railroad_low3_113
@ParentName RootNode
@MeshName Outside_bossOBJ_2
@MaterialName Outside_bossOBJ_M_railroadA
$WorldTM 4 4
1.330300 0.000000 -0.557900 0.000000
0.000000 1.442600 0.000000 0.000000
0.557900 0.000000 1.330300 0.000000
11047.399414 2140.343750 -6576.093262 1.000000
$LocalTM 4 4
0.013303 0.000000 -0.005579 0.000000
0.000000 0.014426 0.000000 0.000000
0.005579 0.000000 0.013303 0.000000
110.473991 21.403437 -65.760933 1.000000
#STATIC
@NodeName Railroad_low4_114
@ParentName RootNode
@MeshName Outside_bossOBJ_2
@MaterialName Outside_bossOBJ_M_railroadA
$WorldTM 4 4
1.330300 0.000000 -0.557900 0.000000
0.000000 1.442600 0.000000 0.000000
0.557900 0.000000 1.330300 0.000000
10267.904297 2140.343750 -8434.882812 1.000000
$LocalTM 4 4
0.013303 0.000000 -0.005579 0.000000
0.000000 0.014426 0.000000 0.000000
0.005579 0.000000 0.013303 0.000000
102.679039 21.403437 -84.348824 1.000000
#STATIC
@NodeName Railroad_low5_115
@ParentName RootNode
@MeshName Outside_bossOBJ_2
@MaterialName Outside_bossOBJ_M_railroadA
$WorldTM 4 4
-0.596800 0.000000 -1.313400 0.000000
-0.130546 1.435395 0.059319 0.000000
1.306883 0.143399 -0.593839 0.000000
3154.229004 1842.169434 -11030.044922 1.000000
$LocalTM 4 4
-0.005968 0.000000 -0.013134 0.000000
-0.001305 0.014354 0.000593 0.000000
0.013069 0.001434 -0.005938 0.000000
31.542290 18.421694 -110.300446 1.000000
#STATIC
@NodeName Railroad_low6_116
@ParentName RootNode
@MeshName Outside_bossOBJ_2
@MaterialName Outside_bossOBJ_M_railroadA
$WorldTM 4 4
-0.330200 0.000000 -1.404300 0.000000
0.000000 1.442600 0.000000 0.000000
1.404300 0.000000 -0.330200 0.000000
5152.447266 1910.045410 -11682.423828 1.000000
$LocalTM 4 4
-0.003302 0.000000 -0.014043 0.000000
0.000000 0.014426 0.000000 0.000000
0.014043 0.000000 -0.003302 0.000000
51.524471 19.100454 -116.824234 1.000000
#STATIC
@NodeName Bridge_low6
@ParentName RootNode
@MeshName Outside_bossOBJ_1
@MaterialName Outside_bossOBJ_M_railroadB
$WorldTM 4 4
-0.201200 0.000000 -1.385500 0.000000
0.000000 1.400000 0.000000 0.000000
1.385500 0.000000 -0.201200 0.000000
-598.752014 703.453979 -10930.923828 1.000000
$LocalTM 4 4
-0.002012 0.000000 -0.013855 0.000000
0.000000 0.014000 0.000000 0.000000
0.013855 0.000000 -0.002012 0.000000
-5.987520 7.034540 -109.309235 1.000000
#STATIC
@NodeName Railroad_low7_122
@ParentName RootNode
@MeshName Outside_bossOBJ_2
@MaterialName Outside_bossOBJ_M_railroadA
$WorldTM 4 4
-0.172900 0.247200 -1.198900 0.000000
0.001127 1.210802 0.249491 0.000000
1.224105 0.033800 -0.169566 0.000000
-2251.378662 2692.409912 -10710.919922 1.000000
$LocalTM 4 4
-0.001729 0.002472 -0.011989 0.000000
0.000011 0.012108 0.002495 0.000000
0.012241 0.000338 -0.001696 0.000000
-22.513786 26.924099 -107.109200 1.000000
#STATIC
@NodeName bossb_cutighthouse05
@ParentName RootNode
@MeshName Outside_bossOBJ_0
@MaterialName Outside_bossOBJ_M_bossb_cutlighthouse
$WorldTM 4 4
0.626400 0.701400 -0.340000 0.000000
-0.595770 0.712112 0.371426 0.000000
0.502653 -0.030100 0.863969 0.000000
-3076.327637 1261.641113 8014.122559 1.000000
$LocalTM 4 4
0.006264 0.007014 -0.003400 0.000000
-0.005958 0.007121 0.003714 0.000000
0.005027 -0.000301 0.008640 0.000000
-30.763275 12.616411 80.141220 1.000000
#STATIC
@NodeName Bridge_low7
@ParentName RootNode
@MeshName Outside_bossOBJ_1
@MaterialName Outside_bossOBJ_M_railroadB
$WorldTM 4 4
0.579500 0.000000 1.274400 0.000000
0.000000 1.400000 0.000000 0.000000
-1.274400 0.000000 0.579500 0.000000
3414.374512 -61.609901 -11230.295898 1.000000
$LocalTM 4 4
0.005795 0.000000 0.012744 0.000000
0.000000 0.014000 0.000000 0.000000
-0.012744 0.000000 0.005795 0.000000
34.143745 -0.616099 -112.302956 1.000000
#STATIC
@NodeName Bridge_low8
@ParentName RootNode
@MeshName Outside_bossOBJ_1
@MaterialName Outside_bossOBJ_M_railroadB
$WorldTM 4 4
0.335200 0.000000 1.359300 0.000000
0.000000 1.400000 0.000000 0.000000
-1.359300 0.000000 0.335200 0.000000
5022.184570 -61.620098 -11674.229492 1.000000
$LocalTM 4 4
0.003352 0.000000 0.013593 0.000000
0.000000 0.014000 0.000000 0.000000
-0.013593 0.000000 0.003352 0.000000
50.221844 -0.616201 -116.742294 1.000000
#STATIC
@NodeName bossb_cutighthouse04
@ParentName RootNode
@MeshName Outside_bossOBJ_0
@MaterialName Outside_bossOBJ_M_bossb_cutlighthouse
$WorldTM 4 4
0.724600 0.344900 0.596700 0.000000
0.295576 0.626597 -0.721113 0.000000
-0.622609 0.698896 0.352092 0.000000
-1967.560059 1310.806152 5953.463867 1.000000
$LocalTM 4 4
0.007246 0.003449 0.005967 0.000000
0.002956 0.006266 -0.007211 0.000000
-0.006226 0.006989 0.003521 0.000000
-19.675600 13.108061 59.534637 1.000000
#STATIC
@NodeName Bridge3
@ParentName RootNode
@MeshName Outside_bossOBJ_3
@MaterialName Outside_bossOBJ_M_railroadB
$WorldTM 4 4
-0.044000 0.363800 -0.930400 0.000000
0.867308 0.476102 0.145147 0.000000
0.495798 -0.800603 -0.336495 0.000000
1376.163086 1399.799927 -11263.687500 1.000000
$LocalTM 4 4
-0.000440 0.003638 -0.009304 0.000000
0.008673 0.004761 0.001451 0.000000
0.004958 -0.008006 -0.003365 0.000000
13.761631 13.997999 -112.636871 1.000000
#STATIC
@NodeName Bridge4
@ParentName RootNode
@MeshName Outside_bossOBJ_3
@MaterialName Outside_bossOBJ_M_railroadB
$WorldTM 4 4
1.267500 0.493200 0.331800 0.000000
-0.585641 1.170012 0.498041 0.000000
-0.101841 -0.589706 1.265602 0.000000
2279.218750 955.090881 -11097.790039 1.000000
$LocalTM 4 4
0.012675 0.004932 0.003318 0.000000
-0.005856 0.011700 0.004980 0.000000
-0.001018 -0.005897 0.012656 0.000000
22.792187 9.550909 -110.977898 1.000000
#STATIC
@NodeName BridgeCrack_3
@ParentName RootNode
@MeshName Outside_bossOBJ_4
@MaterialName Outside_bossOBJ_M_railroadB
$WorldTM 4 4
0.767800 0.155100 -0.323800 0.000000
-0.249996 1.255801 0.008733 0.000000
0.481377 0.087600 1.183409 0.000000
2545.157227 -364.553894 -8917.043945 1.000000
$LocalTM 4 4
0.007678 0.001551 -0.003238 0.000000
-0.002500 0.012558 0.000087 0.000000
0.004814 0.000876 0.011834 0.000000
25.451572 -3.645539 -89.170441 1.000000
#STATIC
@NodeName BridgeCrack2
@ParentName RootNode
@MeshName Outside_bossOBJ_4
@MaterialName Outside_bossOBJ_M_railroadB
$WorldTM 4 4
0.153900 -0.107800 0.351100 0.000000
-1.180779 -0.120601 0.480550 0.000000
-0.023757 -1.226812 -0.366261 0.000000
2501.037109 -306.011688 -9145.030273 1.000000
$LocalTM 4 4
0.001539 -0.001078 0.003511 0.000000
-0.011808 -0.001206 0.004805 0.000000
-0.000238 -0.012268 -0.003663 0.000000
25.010370 -3.060117 -91.450302 1.000000
#STATIC
@NodeName Bridge_low9
@ParentName RootNode
@MeshName Outside_bossOBJ_1
@MaterialName Outside_bossOBJ_M_railroadB
$WorldTM 4 4
0.014500 0.000000 1.399900 0.000000
0.000000 1.400000 0.000000 0.000000
-1.399900 0.000000 0.014500 0.000000
-2187.168213 703.453979 -10775.932617 1.000000
$LocalTM 4 4
0.000145 0.000000 0.013999 0.000000
0.000000 0.014000 0.000000 0.000000
-0.013999 0.000000 0.000145 0.000000
-21.871681 7.034540 -107.759323 1.000000
#STATIC
@NodeName Railroad_low8
@ParentName RootNode
@MeshName Outside_bossOBJ_2
@MaterialName Outside_bossOBJ_M_railroadA
$WorldTM 4 4
-0.172900 0.247200 -1.198900 0.000000
0.001127 1.210802 0.249491 0.000000
1.224105 0.033800 -0.169566 0.000000
-534.862122 2739.754150 -10948.739258 1.000000
$LocalTM 4 4
-0.001729 0.002472 -0.011989 0.000000
0.000011 0.012108 0.002495 0.000000
0.012241 0.000338 -0.001696 0.000000
-5.348621 27.397541 -109.487389 1.000000
#STATIC
@NodeName gate00_ground_cable_9
@ParentName RootNode
@MeshName Outside_bossOBJ_5
@MaterialName Outside_bossOBJ_M_gate00_ground_cable
$WorldTM 4 4
0.224200 0.050400 -0.973200 0.000000
-0.002142 0.998699 0.051227 0.000000
0.974497 -0.009400 0.224012 0.000000
-4751.964355 689.022827 7597.592773 1.000000
$LocalTM 4 4
0.002242 0.000504 -0.009732 0.000000
-0.000021 0.009987 0.000512 0.000000
0.009745 -0.000094 0.002240 0.000000
-47.519642 6.890228 75.975929 1.000000
#STATIC
@NodeName bossb_lighthouse_8
@ParentName RootNode
@MeshName Outside_bossOBJ_6
@MaterialName Outside_bossOBJ_M_bossb_lighthouse
$WorldTM 4 4
0.991300 -0.050700 0.121700 0.000000
0.119456 0.736000 -0.666408 0.000000
-0.055780 0.675100 0.735601 0.000000
-4608.410156 2262.439209 9175.774414 1.000000
$LocalTM 4 4
0.009913 -0.000507 0.001217 0.000000
0.001195 0.007360 -0.006664 0.000000
-0.000558 0.006751 0.007356 0.000000
-46.084099 22.624392 91.757744 1.000000
#STATIC
@NodeName gate00_ground_cable_25
@ParentName RootNode
@MeshName Outside_bossOBJ_7
@MaterialName Outside_bossOBJ_M_gate00_ground_cable
$WorldTM 4 4
-0.728700 0.026000 0.684300 0.000000
-0.028617 0.997302 -0.068366 0.000000
-0.684222 -0.069400 -0.725980 0.000000
-2923.379639 610.266602 5286.369141 1.000000
$LocalTM 4 4
-0.007287 0.000260 0.006843 0.000000
-0.000286 0.009973 -0.000684 0.000000
-0.006842 -0.000694 -0.007260 0.000000
-29.233795 6.102666 52.863689 1.000000
#STATIC
@NodeName gate00_ground_cable_11
@ParentName RootNode
@MeshName Outside_bossOBJ_5
@MaterialName Outside_bossOBJ_M_gate00_ground_cable
$WorldTM 4 4
-0.999100 -0.034800 -0.023900 0.000000
-0.033177 0.997304 -0.065249 0.000000
0.026107 -0.064400 -0.997600 0.000000
-3096.118652 602.444519 5193.411133 1.000000
$LocalTM 4 4
-0.009991 -0.000348 -0.000239 0.000000
-0.000332 0.009973 -0.000652 0.000000
0.000261 -0.000644 -0.009976 0.000000
-30.961185 6.024445 51.934109 1.000000
#STATIC
@NodeName gate00_ground_cable_12
@ParentName RootNode
@MeshName Outside_bossOBJ_7
@MaterialName Outside_bossOBJ_M_gate00_ground_cable
$WorldTM 4 4
0.751800 0.063400 0.656300 0.000000
-0.035826 0.997802 -0.055351 0.000000
-0.658372 0.018100 0.752425 0.000000
-3234.682617 589.543701 4954.807617 1.000000
$LocalTM 4 4
0.007518 0.000634 0.006563 0.000000
-0.000358 0.009978 -0.000554 0.000000
-0.006584 0.000181 0.007524 0.000000
-32.346825 5.895437 49.548077 1.000000
#STATIC
@NodeName gate00_ground_cable_13
@ParentName RootNode
@MeshName Outside_bossOBJ_7
@MaterialName Outside_bossOBJ_M_gate00_ground_cable
$WorldTM 4 4
0.583800 0.100600 0.805700 0.000000
-0.049744 0.994905 -0.088180 0.000000
-0.810408 0.011400 0.585788 0.000000
-2887.059082 675.786987 7194.999023 1.000000
$LocalTM 4 4
0.005838 0.001006 0.008057 0.000000
-0.000497 0.009949 -0.000882 0.000000
-0.008104 0.000114 0.005858 0.000000
-28.870590 6.757870 71.949989 1.000000
#STATIC
@NodeName gate00_ground_cable_14
@ParentName RootNode
@MeshName Outside_bossOBJ_7
@MaterialName Outside_bossOBJ_M_gate00_ground_cable
$WorldTM 4 4
-0.879400 0.038100 0.474500 0.000000
0.020545 0.998898 -0.042130 0.000000
-0.475581 -0.027300 -0.879211 0.000000
-5537.434570 582.461487 5288.238281 1.000000
$LocalTM 4 4
-0.008794 0.000381 0.004745 0.000000
0.000205 0.009989 -0.000421 0.000000
-0.004756 -0.000273 -0.008792 0.000000
-55.374344 5.824615 52.882381 1.000000
#STATIC
@NodeName Lamp_Object2
@ParentName RootNode
@MeshName Outside_bossOBJ_8
@MaterialName Outside_bossOBJ_M_ETC2
$WorldTM 4 4
0.589400 0.077600 -0.748300 0.000000
-0.133849 0.946294 -0.007294 0.000000
0.740333 0.109299 0.594459 0.000000
4136.931152 728.099182 -5136.681641 1.000000
$LocalTM 4 4
0.005894 0.000776 -0.007483 0.000000
-0.001338 0.009463 -0.000073 0.000000
0.007403 0.001093 0.005945 0.000000
41.369312 7.280992 -51.366814 1.000000
#STATIC
@NodeName Lamp_Object_13
@ParentName RootNode
@MeshName Outside_bossOBJ_8
@MaterialName Outside_bossOBJ_M_ETC2
$WorldTM 4 4
0.029700 -0.003300 -0.955200 0.000000
-0.133845 0.946307 -0.007431 0.000000
0.945802 0.134001 0.028945 0.000000
4219.618652 786.587891 -5885.512695 1.000000
$LocalTM 4 4
0.000297 -0.000033 -0.009552 0.000000
-0.001338 0.009463 -0.000074 0.000000
0.009458 0.001340 0.000289 0.000000
42.196186 7.865879 -58.855125 1.000000
#STATIC
@NodeName LampA
@ParentName RootNode
@MeshName Outside_bossOBJ_9
@MaterialName Outside_bossOBJ_M_LampA_material
$WorldTM 4 4
0.417000 0.000000 0.000000 0.000000
0.000000 0.417000 0.000000 0.000000
0.000000 0.000000 0.417000 0.000000
4035.339600 625.094604 -5891.909180 1.000000
$LocalTM 4 4
0.004170 0.000000 0.000000 0.000000
0.000000 0.004170 0.000000 0.000000
0.000000 0.000000 0.004170 0.000000
40.353394 6.250946 -58.919090 1.000000
#STATIC
@NodeName LampA.001
@ParentName RootNode
@MeshName Outside_bossOBJ_9
@MaterialName Outside_bossOBJ_M_LampA_material
$WorldTM 4 4
0.353600 0.000000 0.221000 0.000000
0.000000 0.417000 0.000000 0.000000
-0.221000 0.000000 0.353600 0.000000
4000.347412 573.729126 -5255.637695 1.000000
$LocalTM 4 4
0.003536 0.000000 0.002210 0.000000
0.000000 0.004170 0.000000 0.000000
-0.002210 0.000000 0.003536 0.000000
40.003471 5.737291 -52.556377 1.000000
#STATIC
@NodeName map6_cable_9
@ParentName RootNode
@MeshName Outside_bossOBJ_10
@MaterialName Outside_bossOBJ_M_gate00_ground_cable2
$WorldTM 4 4
1.435600 0.343200 -0.329300 0.000000
-0.363076 1.467106 -0.053813 0.000000
0.424955 0.180001 2.040209 0.000000
-3536.682617 -2596.404541 -7962.978516 1.000000
$LocalTM 4 4
0.014356 0.003432 -0.003293 0.000000
-0.003631 0.014671 -0.000538 0.000000
0.004250 0.001800 0.020402 0.000000
-35.366825 -25.964045 -79.629784 1.000000
#STATIC
@NodeName gate00_ground_cable_8
@ParentName RootNode
@MeshName Outside_bossOBJ_11
@MaterialName Outside_bossOBJ_M_gate00_ground_cable
$WorldTM 4 4
-0.041600 0.994600 0.095500 0.000000
-0.419841 0.069333 -0.904964 0.000000
-0.906649 -0.077737 0.414667 0.000000
-2899.360596 1405.956299 7957.356445 1.000000
$LocalTM 4 4
-0.000416 0.009946 0.000955 0.000000
-0.004198 0.000693 -0.009050 0.000000
-0.009066 -0.000777 0.004147 0.000000
-28.993605 14.059563 79.573563 1.000000
#STATIC
@NodeName map6_cable_10
@ParentName RootNode
@MeshName Outside_bossOBJ_10
@MaterialName Outside_bossOBJ_M_gate00_ground_cable2
$WorldTM 4 4
1.435600 0.343200 -0.329300 0.000000
-0.244659 0.988611 -0.036263 0.000000
0.424954 0.180002 2.040209 0.000000
-3552.810791 -2205.934082 -7965.514160 1.000000
$LocalTM 4 4
0.014356 0.003432 -0.003293 0.000000
-0.002447 0.009886 -0.000363 0.000000
0.004250 0.001800 0.020402 0.000000
-35.528107 -22.059340 -79.655136 1.000000
#STATIC
@NodeName map15_34
@ParentName RootNode
@MeshName Outside_bossOBJ_12
@MaterialName Outside_bossOBJ_M_gate00_ground_cable2
$WorldTM 4 4
2.059700 0.027600 0.529700 0.000000
0.042468 2.108600 -0.275003 0.000000
-0.528728 0.276900 2.041493 0.000000
140.210907 -1196.599854 -15155.059570 1.000000
$LocalTM 4 4
0.020597 0.000276 0.005297 0.000000
0.000425 0.021086 -0.002750 0.000000
-0.005287 0.002769 0.020415 0.000000
1.402109 -11.965999 -151.550598 1.000000
#STATIC
@NodeName Bridge2_0
@ParentName RootNode
@MeshName Outside_bossOBJ_3
@MaterialName Outside_bossOBJ_M_railroadB
$WorldTM 4 4
0.134600 0.340900 -0.930400 0.000000
0.989402 0.005600 0.145188 0.000000
0.054705 -0.940087 -0.336535 0.000000
1146.841919 417.106201 -9622.065430 1.000000
$LocalTM 4 4
0.001346 0.003409 -0.009304 0.000000
0.009894 0.000056 0.001452 0.000000
0.000547 -0.009401 -0.003365 0.000000
11.468419 4.171062 -96.220650 1.000000
#STATIC
@NodeName Bridge_low_2
@ParentName RootNode
@MeshName Outside_bossOBJ_1
@MaterialName Outside_bossOBJ_M_railroadB
$WorldTM 4 4
1.205800 0.000000 -0.520100 0.000000
0.000000 1.313200 0.000000 0.000000
0.520100 0.000000 1.205800 0.000000
11871.050781 414.171814 -4631.682617 1.000000
$LocalTM 4 4
0.012058 0.000000 -0.005201 0.000000
0.000000 0.013132 0.000000 0.000000
0.005201 0.000000 0.012058 0.000000
118.710503 4.141718 -46.316826 1.000000
#STATIC
@NodeName Bridge_low2_3
@ParentName RootNode
@MeshName Outside_bossOBJ_1
@MaterialName Outside_bossOBJ_M_railroadB
$WorldTM 4 4
1.205800 0.000000 -0.520100 0.000000
0.000000 1.313200 0.000000 0.000000
0.520100 0.000000 1.205800 0.000000
11871.050781 414.171814 -4631.682617 1.000000
$LocalTM 4 4
0.012058 0.000000 -0.005201 0.000000
0.000000 0.013132 0.000000 0.000000
0.005201 0.000000 0.012058 0.000000
118.710503 4.141718 -46.316826 1.000000
#STATIC
@NodeName Bridge_low3_4
@ParentName RootNode
@MeshName Outside_bossOBJ_1
@MaterialName Outside_bossOBJ_M_railroadB
$WorldTM 4 4
1.205800 0.000000 -0.520100 0.000000
0.000000 1.313200 0.000000 0.000000
0.520100 0.000000 1.205800 0.000000
11209.801758 414.171814 -6164.528320 1.000000
$LocalTM 4 4
0.012058 0.000000 -0.005201 0.000000
0.000000 0.013132 0.000000 0.000000
0.005201 0.000000 0.012058 0.000000
112.098015 4.141718 -61.645283 1.000000
#STATIC
@NodeName Bridge_low4_5
@ParentName RootNode
@MeshName Outside_bossOBJ_1
@MaterialName Outside_bossOBJ_M_railroadB
$WorldTM 4 4
1.205800 0.000000 -0.520100 0.000000
0.000000 1.313200 0.000000 0.000000
0.520100 0.000000 1.205800 0.000000
10550.492188 414.171814 -7692.980957 1.000000
$LocalTM 4 4
0.012058 0.000000 -0.005201 0.000000
0.000000 0.013132 0.000000 0.000000
0.005201 0.000000 0.012058 0.000000
105.504921 4.141718 -76.929810 1.000000
&