#STATIC
@ParentName RootNode
@NodeName bossb_cutighthouse02
@MeshName Outside_bossOBJ_0
@MaterialName Outside_bossOBJ_M_bossb_cutlighthouse
$WorldTM 4 4
0.722100 0.691500 -0.021300 0.000000
0.689397 -0.721797 -0.061466 0.000000
-0.057877 0.029700 -0.997901 0.000000
-5278.493652 526.310120 3556.755371 1.000000
$LocalTM 4 4
0.722100 0.691500 -0.021300 0.000000
0.689397 -0.721797 -0.061466 0.000000
-0.057877 0.029700 -0.997901 0.000000
-5278.493652 526.310120 3556.755371 1.000000
#STATIC
@ParentName RootNode
@NodeName bossb_cutighthouse03
@MeshName Outside_bossOBJ_0
@MaterialName Outside_bossOBJ_M_bossb_cutlighthouse
$WorldTM 4 4
-0.012500 -0.947100 -0.320800 0.000000
-0.997699 -0.009600 0.067218 0.000000
-0.066741 0.320901 -0.944797 0.000000
-5152.458008 727.508606 4024.007080 1.000000
$LocalTM 4 4
-0.012500 -0.947100 -0.320800 0.000000
-0.997699 -0.009600 0.067218 0.000000
-0.066741 0.320901 -0.944797 0.000000
-5152.458008 727.508606 4024.007080 1.000000
#STATIC
@ParentName RootNode
@NodeName Bridge_low5
@MeshName Outside_bossOBJ_1
@MaterialName Outside_bossOBJ_M_railroadB
$WorldTM 4 4
1.205800 0.000000 -0.520100 0.000000
0.000000 1.313200 0.000000 0.000000
0.520100 0.000000 1.205800 0.000000
9856.236328 414.171814 -9302.670898 1.000000
$LocalTM 4 4
1.205800 0.000000 -0.520100 0.000000
0.000000 1.313200 0.000000 0.000000
0.520100 0.000000 1.205800 0.000000
9856.236328 414.171814 -9302.670898 1.000000
#STATIC
@ParentName RootNode
@NodeName bossb_cutighthouse01
@MeshName Outside_bossOBJ_0
@MaterialName Outside_bossOBJ_M_bossb_cutlighthouse
$WorldTM 4 4
-0.992800 -0.077500 0.091000 0.000000
0.059154 -0.980097 -0.189331 0.000000
0.103870 -0.182599 0.977703 0.000000
-4860.812012 621.035400 3060.796631 1.000000
$LocalTM 4 4
-0.992800 -0.077500 0.091000 0.000000
0.059154 -0.980097 -0.189331 0.000000
0.103870 -0.182599 0.977703 0.000000
-4860.812012 621.035400 3060.796631 1.000000
#STATIC
@ParentName RootNode
@NodeName Railroad_low_111
@MeshName Outside_bossOBJ_2
@MaterialName Outside_bossOBJ_M_railroadA
$WorldTM 4 4
0.362000 0.087700 -1.178800 0.000000
0.342295 1.172214 0.192326 0.000000
1.131380 -0.382704 0.318965 0.000000
1235.287354 2437.523682 -11010.700195 1.000000
$LocalTM 4 4
0.362000 0.087700 -1.178800 0.000000
0.342295 1.172214 0.192326 0.000000
1.131380 -0.382704 0.318965 0.000000
1235.287354 2437.523682 -11010.700195 1.000000
#STATIC
@ParentName RootNode
@NodeName Railroad_low2_112
@MeshName Outside_bossOBJ_2
@MaterialName Outside_bossOBJ_M_railroadA
$WorldTM 4 4
1.330300 0.000000 -0.557900 0.000000
0.000000 1.442600 0.000000 0.000000
0.557900 0.000000 1.330300 0.000000
11828.568359 2140.343750 -4714.011719 1.000000
$LocalTM 4 4
1.330300 0.000000 -0.557900 0.000000
0.000000 1.442600 0.000000 0.000000
0.557900 0.000000 1.330300 0.000000
11828.568359 2140.343750 -4714.011719 1.000000
#STATIC
@ParentName RootNode
@NodeName Railroad_low3_113
@MeshName Outside_bossOBJ_2
@MaterialName Outside_bossOBJ_M_railroadA
$WorldTM 4 4
1.330300 0.000000 -0.557900 0.000000
0.000000 1.442600 0.000000 0.000000
0.557900 0.000000 1.330300 0.000000
11047.399414 2140.343750 -6576.093262 1.000000
$LocalTM 4 4
1.330300 0.000000 -0.557900 0.000000
0.000000 1.442600 0.000000 0.000000
0.557900 0.000000 1.330300 0.000000
11047.399414 2140.343750 -6576.093262 1.000000
#STATIC
@ParentName RootNode
@NodeName Railroad_low4_114
@MeshName Outside_bossOBJ_2
@MaterialName Outside_bossOBJ_M_railroadA
$WorldTM 4 4
1.330300 0.000000 -0.557900 0.000000
0.000000 1.442600 0.000000 0.000000
0.557900 0.000000 1.330300 0.000000
10267.904297 2140.343750 -8434.882813 1.000000
$LocalTM 4 4
1.330300 0.000000 -0.557900 0.000000
0.000000 1.442600 0.000000 0.000000
0.557900 0.000000 1.330300 0.000000
10267.904297 2140.343750 -8434.882813 1.000000
#STATIC
@ParentName RootNode
@NodeName Railroad_low5_115
@MeshName Outside_bossOBJ_2
@MaterialName Outside_bossOBJ_M_railroadA
$WorldTM 4 4
-0.596800 0.000000 -1.313400 0.000000
-0.130546 1.435395 0.059319 0.000000
1.306883 0.143399 -0.593839 0.000000
3154.229004 1842.169434 -11030.044922 1.000000
$LocalTM 4 4
-0.596800 0.000000 -1.313400 0.000000
-0.130546 1.435395 0.059319 0.000000
1.306883 0.143399 -0.593839 0.000000
3154.229004 1842.169434 -11030.044922 1.000000
#STATIC
@ParentName RootNode
@NodeName Railroad_low6_116
@MeshName Outside_bossOBJ_2
@MaterialName Outside_bossOBJ_M_railroadA
$WorldTM 4 4
-0.330200 0.000000 -1.404300 0.000000
0.000000 1.442600 0.000000 0.000000
1.404300 0.000000 -0.330200 0.000000
5152.447266 1910.045410 -11682.423828 1.000000
$LocalTM 4 4
-0.330200 0.000000 -1.404300 0.000000
0.000000 1.442600 0.000000 0.000000
1.404300 0.000000 -0.330200 0.000000
5152.447266 1910.045410 -11682.423828 1.000000
#STATIC
@ParentName RootNode
@NodeName Bridge_low6
@MeshName Outside_bossOBJ_1
@MaterialName Outside_bossOBJ_M_railroadB
$WorldTM 4 4
-0.201200 0.000000 -1.385500 0.000000
0.000000 1.400000 0.000000 0.000000
1.385500 0.000000 -0.201200 0.000000
-598.752014 703.453979 -10930.923828 1.000000
$LocalTM 4 4
-0.201200 0.000000 -1.385500 0.000000
0.000000 1.400000 0.000000 0.000000
1.385500 0.000000 -0.201200 0.000000
-598.752014 703.453979 -10930.923828 1.000000
#STATIC
@ParentName RootNode
@NodeName Railroad_low7_122
@MeshName Outside_bossOBJ_2
@MaterialName Outside_bossOBJ_M_railroadA
$WorldTM 4 4
-0.172900 0.247200 -1.198900 0.000000
0.001127 1.210802 0.249491 0.000000
1.224105 0.033800 -0.169566 0.000000
-2251.378662 2692.409912 -10710.919922 1.000000
$LocalTM 4 4
-0.172900 0.247200 -1.198900 0.000000
0.001127 1.210802 0.249491 0.000000
1.224105 0.033800 -0.169566 0.000000
-2251.378662 2692.409912 -10710.919922 1.000000
#STATIC
@ParentName RootNode
@NodeName bossb_cutighthouse05
@MeshName Outside_bossOBJ_0
@MaterialName Outside_bossOBJ_M_bossb_cutlighthouse
$WorldTM 4 4
0.626400 0.701400 -0.340000 0.000000
-0.595770 0.712112 0.371426 0.000000
0.502653 -0.030100 0.863969 0.000000
-3076.327637 1261.641113 8014.122559 1.000000
$LocalTM 4 4
0.626400 0.701400 -0.340000 0.000000
-0.595770 0.712112 0.371426 0.000000
0.502653 -0.030100 0.863969 0.000000
-3076.327637 1261.641113 8014.122559 1.000000
#STATIC
@ParentName RootNode
@NodeName Bridge_low7
@MeshName Outside_bossOBJ_1
@MaterialName Outside_bossOBJ_M_railroadB
$WorldTM 4 4
0.579500 0.000000 1.274400 0.000000
0.000000 1.400000 0.000000 0.000000
-1.274400 0.000000 0.579500 0.000000
3414.374512 -61.609901 -11230.295898 1.000000
$LocalTM 4 4
0.579500 0.000000 1.274400 0.000000
0.000000 1.400000 0.000000 0.000000
-1.274400 0.000000 0.579500 0.000000
3414.374512 -61.609901 -11230.295898 1.000000
#STATIC
@ParentName RootNode
@NodeName Bridge_low8
@MeshName Outside_bossOBJ_1
@MaterialName Outside_bossOBJ_M_railroadB
$WorldTM 4 4
0.335200 0.000000 1.359300 0.000000
0.000000 1.400000 0.000000 0.000000
-1.359300 0.000000 0.335200 0.000000
5022.184570 -61.620098 -11674.229492 1.000000
$LocalTM 4 4
0.335200 0.000000 1.359300 0.000000
0.000000 1.400000 0.000000 0.000000
-1.359300 0.000000 0.335200 0.000000
5022.184570 -61.620098 -11674.229492 1.000000
#STATIC
@ParentName RootNode
@NodeName bossb_cutighthouse04
@MeshName Outside_bossOBJ_0
@MaterialName Outside_bossOBJ_M_bossb_cutlighthouse
$WorldTM 4 4
0.724600 0.344900 0.596700 0.000000
0.295576 0.626597 -0.721113 0.000000
-0.622609 0.698896 0.352092 0.000000
-1967.560059 1310.806152 5953.463867 1.000000
$LocalTM 4 4
0.724600 0.344900 0.596700 0.000000
0.295576 0.626597 -0.721113 0.000000
-0.622609 0.698896 0.352092 0.000000
-1967.560059 1310.806152 5953.463867 1.000000
#STATIC
@ParentName RootNode
@NodeName Bridge3
@MeshName Outside_bossOBJ_3
@MaterialName Outside_bossOBJ_M_railroadB
$WorldTM 4 4
-0.044000 0.363800 -0.930400 0.000000
0.867308 0.476102 0.145147 0.000000
0.495798 -0.800603 -0.336495 0.000000
1376.163086 1399.799927 -11263.687500 1.000000
$LocalTM 4 4
-0.044000 0.363800 -0.930400 0.000000
0.867308 0.476102 0.145147 0.000000
0.495798 -0.800603 -0.336495 0.000000
1376.163086 1399.799927 -11263.687500 1.000000
#STATIC
@ParentName RootNode
@NodeName Bridge4
@MeshName Outside_bossOBJ_3
@MaterialName Outside_bossOBJ_M_railroadB
$WorldTM 4 4
1.267500 0.493200 0.331800 0.000000
-0.585641 1.170012 0.498041 0.000000
-0.101841 -0.589706 1.265602 0.000000
2279.218750 955.090881 -11097.790039 1.000000
$LocalTM 4 4
1.267500 0.493200 0.331800 0.000000
-0.585641 1.170012 0.498041 0.000000
-0.101841 -0.589706 1.265602 0.000000
2279.218750 955.090881 -11097.790039 1.000000
#STATIC
@ParentName RootNode
@NodeName BridgeCrack_3
@MeshName Outside_bossOBJ_4
@MaterialName Outside_bossOBJ_M_railroadB
$WorldTM 4 4
0.767800 0.155100 -0.323800 0.000000
-0.249996 1.255801 0.008733 0.000000
0.481377 0.087600 1.183409 0.000000
2545.157227 -364.553894 -8917.043945 1.000000
$LocalTM 4 4
0.767800 0.155100 -0.323800 0.000000
-0.249996 1.255801 0.008733 0.000000
0.481377 0.087600 1.183409 0.000000
2545.157227 -364.553894 -8917.043945 1.000000
#STATIC
@ParentName RootNode
@NodeName BridgeCrack2
@MeshName Outside_bossOBJ_4
@MaterialName Outside_bossOBJ_M_railroadB
$WorldTM 4 4
0.153900 -0.107800 0.351100 0.000000
-1.180779 -0.120601 0.480550 0.000000
-0.023757 -1.226812 -0.366261 0.000000
2501.037109 -306.011688 -9145.030273 1.000000
$LocalTM 4 4
0.153900 -0.107800 0.351100 0.000000
-1.180779 -0.120601 0.480550 0.000000
-0.023757 -1.226812 -0.366261 0.000000
2501.037109 -306.011688 -9145.030273 1.000000
#STATIC
@ParentName RootNode
@NodeName Bridge_low9
@MeshName Outside_bossOBJ_1
@MaterialName Outside_bossOBJ_M_railroadB
$WorldTM 4 4
0.014500 0.000000 1.399900 0.000000
0.000000 1.400000 0.000000 0.000000
-1.399900 0.000000 0.014500 0.000000
-2187.168213 703.453979 -10775.932617 1.000000
$LocalTM 4 4
0.014500 0.000000 1.399900 0.000000
0.000000 1.400000 0.000000 0.000000
-1.399900 0.000000 0.014500 0.000000
-2187.168213 703.453979 -10775.932617 1.000000
#STATIC
@ParentName RootNode
@NodeName Railroad_low8
@MeshName Outside_bossOBJ_2
@MaterialName Outside_bossOBJ_M_railroadA
$WorldTM 4 4
-0.172900 0.247200 -1.198900 0.000000
0.001127 1.210802 0.249491 0.000000
1.224105 0.033800 -0.169566 0.000000
-534.862122 2739.754150 -10948.739258 1.000000
$LocalTM 4 4
-0.172900 0.247200 -1.198900 0.000000
0.001127 1.210802 0.249491 0.000000
1.224105 0.033800 -0.169566 0.000000
-534.862122 2739.754150 -10948.739258 1.000000
#STATIC
@ParentName RootNode
@NodeName gate00_ground_cable_9
@MeshName Outside_bossOBJ_5
@MaterialName Outside_bossOBJ_M_gate00_ground_cable
$WorldTM 4 4
0.224200 0.050400 -0.973200 0.000000
-0.002142 0.998699 0.051227 0.000000
0.974497 -0.009400 0.224012 0.000000
-4751.964355 689.022827 7597.592773 1.000000
$LocalTM 4 4
0.224200 0.050400 -0.973200 0.000000
-0.002142 0.998699 0.051227 0.000000
0.974497 -0.009400 0.224012 0.000000
-4751.964355 689.022827 7597.592773 1.000000
#STATIC
@ParentName RootNode
@NodeName bossb_lighthouse_8
@MeshName Outside_bossOBJ_6
@MaterialName Outside_bossOBJ_M_bossb_lighthouse
$WorldTM 4 4
0.991300 -0.050700 0.121700 0.000000
0.119456 0.736000 -0.666408 0.000000
-0.055780 0.675100 0.735601 0.000000
-4608.410156 2262.439209 9175.774414 1.000000
$LocalTM 4 4
0.991300 -0.050700 0.121700 0.000000
0.119456 0.736000 -0.666408 0.000000
-0.055780 0.675100 0.735601 0.000000
-4608.410156 2262.439209 9175.774414 1.000000
#STATIC
@ParentName RootNode
@NodeName gate00_ground_cable_25
@MeshName Outside_bossOBJ_7
@MaterialName Outside_bossOBJ_M_gate00_ground_cable
$WorldTM 4 4
-0.728700 0.026000 0.684300 0.000000
-0.028617 0.997302 -0.068366 0.000000
-0.684222 -0.069400 -0.725980 0.000000
-2923.379639 610.266602 5286.369141 1.000000
$LocalTM 4 4
-0.728700 0.026000 0.684300 0.000000
-0.028617 0.997302 -0.068366 0.000000
-0.684222 -0.069400 -0.725980 0.000000
-2923.379639 610.266602 5286.369141 1.000000
#STATIC
@ParentName RootNode
@NodeName gate00_ground_cable_11
@MeshName Outside_bossOBJ_5
@MaterialName Outside_bossOBJ_M_gate00_ground_cable
$WorldTM 4 4
-0.999100 -0.034800 -0.023900 0.000000
-0.033177 0.997304 -0.065249 0.000000
0.026107 -0.064400 -0.997600 0.000000
-3096.118652 602.444519 5193.411133 1.000000
$LocalTM 4 4
-0.999100 -0.034800 -0.023900 0.000000
-0.033177 0.997304 -0.065249 0.000000
0.026107 -0.064400 -0.997600 0.000000
-3096.118652 602.444519 5193.411133 1.000000
#STATIC
@ParentName RootNode
@NodeName gate00_ground_cable_12
@MeshName Outside_bossOBJ_7
@MaterialName Outside_bossOBJ_M_gate00_ground_cable
$WorldTM 4 4
0.751800 0.063400 0.656300 0.000000
-0.035826 0.997802 -0.055351 0.000000
-0.658372 0.018100 0.752425 0.000000
-3234.682617 589.543701 4954.807617 1.000000
$LocalTM 4 4
0.751800 0.063400 0.656300 0.000000
-0.035826 0.997802 -0.055351 0.000000
-0.658372 0.018100 0.752425 0.000000
-3234.682617 589.543701 4954.807617 1.000000
#STATIC
@ParentName RootNode
@NodeName gate00_ground_cable_13
@MeshName Outside_bossOBJ_7
@MaterialName Outside_bossOBJ_M_gate00_ground_cable
$WorldTM 4 4
0.583800 0.100600 0.805700 0.000000
-0.049744 0.994905 -0.088180 0.000000
-0.810408 0.011400 0.585788 0.000000
-2887.059082 675.786987 7194.999023 1.000000
$LocalTM 4 4
0.583800 0.100600 0.805700 0.000000
-0.049744 0.994905 -0.088180 0.000000
-0.810408 0.011400 0.585788 0.000000
-2887.059082 675.786987 7194.999023 1.000000
#STATIC
@ParentName RootNode
@NodeName gate00_ground_cable_14
@MeshName Outside_bossOBJ_7
@MaterialName Outside_bossOBJ_M_gate00_ground_cable
$WorldTM 4 4
-0.879400 0.038100 0.474500 0.000000
0.020545 0.998898 -0.042130 0.000000
-0.475581 -0.027300 -0.879211 0.000000
-5537.434570 582.461487 5288.238281 1.000000
$LocalTM 4 4
-0.879400 0.038100 0.474500 0.000000
0.020545 0.998898 -0.042130 0.000000
-0.475581 -0.027300 -0.879211 0.000000
-5537.434570 582.461487 5288.238281 1.000000
#STATIC
@ParentName RootNode
@NodeName Lamp_Object2
@MeshName Outside_bossOBJ_8
@MaterialName Outside_bossOBJ_M_ETC2
$WorldTM 4 4
0.589400 0.077600 -0.748300 0.000000
-0.133849 0.946294 -0.007294 0.000000
0.740333 0.109299 0.594459 0.000000
4136.931152 728.099182 -5136.681641 1.000000
$LocalTM 4 4
0.589400 0.077600 -0.748300 0.000000
-0.133849 0.946294 -0.007294 0.000000
0.740333 0.109299 0.594459 0.000000
4136.931152 728.099182 -5136.681641 1.000000
#STATIC
@ParentName RootNode
@NodeName Lamp_Object_13
@MeshName Outside_bossOBJ_8
@MaterialName Outside_bossOBJ_M_ETC2
$WorldTM 4 4
0.029700 -0.003300 -0.955200 0.000000
-0.133845 0.946307 -0.007431 0.000000
0.945802 0.134001 0.028945 0.000000
4219.618652 786.587891 -5885.512695 1.000000
$LocalTM 4 4
0.029700 -0.003300 -0.955200 0.000000
-0.133845 0.946307 -0.007431 0.000000
0.945802 0.134001 0.028945 0.000000
4219.618652 786.587891 -5885.512695 1.000000
#STATIC
@ParentName RootNode
@NodeName LampA
@MeshName Outside_bossOBJ_9
@MaterialName Outside_bossOBJ_M_LampA_material
$WorldTM 4 4
0.417000 0.000000 0.000000 0.000000
0.000000 0.417000 0.000000 0.000000
0.000000 0.000000 0.417000 0.000000
4035.339600 625.094604 -5891.909180 1.000000
$LocalTM 4 4
0.417000 0.000000 0.000000 0.000000
0.000000 0.417000 0.000000 0.000000
0.000000 0.000000 0.417000 0.000000
4035.339600 625.094604 -5891.909180 1.000000
#STATIC
@ParentName RootNode
@NodeName LampA.001
@MeshName Outside_bossOBJ_9
@MaterialName Outside_bossOBJ_M_LampA_material
$WorldTM 4 4
0.353600 0.000000 0.221000 0.000000
0.000000 0.417000 0.000000 0.000000
-0.221000 0.000000 0.353600 0.000000
4000.347412 573.729126 -5255.637695 1.000000
$LocalTM 4 4
0.353600 0.000000 0.221000 0.000000
0.000000 0.417000 0.000000 0.000000
-0.221000 0.000000 0.353600 0.000000
4000.347412 573.729126 -5255.637695 1.000000
#STATIC
@ParentName RootNode
@NodeName map6_cable_9
@MeshName Outside_bossOBJ_10
@MaterialName Outside_bossOBJ_M_gate00_ground_cable2
$WorldTM 4 4
1.435600 0.343200 -0.329300 0.000000
-0.363076 1.467106 -0.053813 0.000000
0.424955 0.180001 2.040209 0.000000
-3536.682617 -2596.404541 -7962.978516 1.000000
$LocalTM 4 4
1.435600 0.343200 -0.329300 0.000000
-0.363076 1.467106 -0.053813 0.000000
0.424955 0.180001 2.040209 0.000000
-3536.682617 -2596.404541 -7962.978516 1.000000
#STATIC
@ParentName RootNode
@NodeName gate00_ground_cable_8
@MeshName Outside_bossOBJ_11
@MaterialName Outside_bossOBJ_M_gate00_ground_cable
$WorldTM 4 4
-0.041600 0.994600 0.095500 0.000000
-0.419841 0.069333 -0.904964 0.000000
-0.906649 -0.077737 0.414667 0.000000
-2899.360596 1405.956299 7957.356445 1.000000
$LocalTM 4 4
-0.041600 0.994600 0.095500 0.000000
-0.419841 0.069333 -0.904964 0.000000
-0.906649 -0.077737 0.414667 0.000000
-2899.360596 1405.956299 7957.356445 1.000000
#STATIC
@ParentName RootNode
@NodeName map6_cable_10
@MeshName Outside_bossOBJ_10
@MaterialName Outside_bossOBJ_M_gate00_ground_cable2
$WorldTM 4 4
1.435600 0.343200 -0.329300 0.000000
-0.244659 0.988611 -0.036263 0.000000
0.424954 0.180002 2.040209 0.000000
-3552.810791 -2205.934082 -7965.514160 1.000000
$LocalTM 4 4
1.435600 0.343200 -0.329300 0.000000
-0.244659 0.988611 -0.036263 0.000000
0.424954 0.180002 2.040209 0.000000
-3552.810791 -2205.934082 -7965.514160 1.000000
#STATIC
@ParentName RootNode
@NodeName map15_34
@MeshName Outside_bossOBJ_12
@MaterialName Outside_bossOBJ_M_gate00_ground_cable2
$WorldTM 4 4
2.059700 0.027600 0.529700 0.000000
0.042468 2.108600 -0.275003 0.000000
-0.528728 0.276900 2.041493 0.000000
140.210907 -1196.599854 -15155.059570 1.000000
$LocalTM 4 4
2.059700 0.027600 0.529700 0.000000
0.042468 2.108600 -0.275003 0.000000
-0.528728 0.276900 2.041493 0.000000
140.210907 -1196.599854 -15155.059570 1.000000
#STATIC
@ParentName RootNode
@NodeName Bridge2_0
@MeshName Outside_bossOBJ_3
@MaterialName Outside_bossOBJ_M_railroadB
$WorldTM 4 4
0.134600 0.340900 -0.930400 0.000000
0.989402 0.005600 0.145188 0.000000
0.054705 -0.940087 -0.336535 0.000000
1146.841919 417.106201 -9622.065430 1.000000
$LocalTM 4 4
0.134600 0.340900 -0.930400 0.000000
0.989402 0.005600 0.145188 0.000000
0.054705 -0.940087 -0.336535 0.000000
1146.841919 417.106201 -9622.065430 1.000000
#STATIC
@ParentName RootNode
@NodeName Bridge_low_2
@MeshName Outside_bossOBJ_1
@MaterialName Outside_bossOBJ_M_railroadB
$WorldTM 4 4
1.205800 0.000000 -0.520100 0.000000
0.000000 1.313200 0.000000 0.000000
0.520100 0.000000 1.205800 0.000000
11871.050781 414.171814 -4631.682617 1.000000
$LocalTM 4 4
1.205800 0.000000 -0.520100 0.000000
0.000000 1.313200 0.000000 0.000000
0.520100 0.000000 1.205800 0.000000
11871.050781 414.171814 -4631.682617 1.000000
#STATIC
@ParentName RootNode
@NodeName Bridge_low2_3
@MeshName Outside_bossOBJ_1
@MaterialName Outside_bossOBJ_M_railroadB
$WorldTM 4 4
1.205800 0.000000 -0.520100 0.000000
0.000000 1.313200 0.000000 0.000000
0.520100 0.000000 1.205800 0.000000
11871.050781 414.171814 -4631.682617 1.000000
$LocalTM 4 4
1.205800 0.000000 -0.520100 0.000000
0.000000 1.313200 0.000000 0.000000
0.520100 0.000000 1.205800 0.000000
11871.050781 414.171814 -4631.682617 1.000000
#STATIC
@ParentName RootNode
@NodeName Bridge_low3_4
@MeshName Outside_bossOBJ_1
@MaterialName Outside_bossOBJ_M_railroadB
$WorldTM 4 4
1.205800 0.000000 -0.520100 0.000000
0.000000 1.313200 0.000000 0.000000
0.520100 0.000000 1.205800 0.000000
11209.801758 414.171814 -6164.528320 1.000000
$LocalTM 4 4
1.205800 0.000000 -0.520100 0.000000
0.000000 1.313200 0.000000 0.000000
0.520100 0.000000 1.205800 0.000000
11209.801758 414.171814 -6164.528320 1.000000
#STATIC
@ParentName RootNode
@NodeName Bridge_low4_5
@MeshName Outside_bossOBJ_1
@MaterialName Outside_bossOBJ_M_railroadB
$WorldTM 4 4
1.205800 0.000000 -0.520100 0.000000
0.000000 1.313200 0.000000 0.000000
0.520100 0.000000 1.205800 0.000000
10550.492188 414.171814 -7692.980957 1.000000
$LocalTM 4 4
1.205800 0.000000 -0.520100 0.000000
0.000000 1.313200 0.000000 0.000000
0.520100 0.000000 1.205800 0.000000
10550.492188 414.171814 -7692.980957 1.000000
&