#STATIC
@NodeName fence24
@ParentName RootNode
@MeshName Outside_Other_0
@MaterialName Outside_Other_M_ETC
$WorldTM 4 4
2.832200 0.000000 1.320700 0.000000
-0.581119 0.000000 1.246191 0.000000
-0.000000 -0.125000 0.000000 0.000000
-3737.252686 -40.506100 1822.349365 1.000000
$LocalTM 4 4
0.028322 0.000000 0.013207 0.000000
-0.005811 0.000000 0.012462 0.000000
0.000000 -0.001250 0.000000 0.000000
-37.372524 -0.405061 18.223494 1.000000
#STATIC
@NodeName fence48
@ParentName RootNode
@MeshName Outside_Other_0
@MaterialName Outside_Other_M_ETC
$WorldTM 4 4
-0.007700 0.124500 0.007700 0.000000
1.457101 -0.156613 3.989357 0.000000
0.234336 0.019739 -0.084816 0.000000
-5576.573242 102.001198 -3979.199951 1.000000
$LocalTM 4 4
-0.000077 0.001245 0.000077 0.000000
0.014571 -0.001566 0.039894 0.000000
0.002343 0.000197 -0.000848 0.000000
-55.765732 1.020012 -39.792000 1.000000
#STATIC
@NodeName map6666_Cylinder_001_frozen3_38
@ParentName RootNode
@MeshName Outside_Other_1
@MaterialName Outside_Other_M_ETC2
$WorldTM 4 4
-0.011700 -0.999900 0.000000 0.000000
0.999900 -0.011700 0.000000 0.000000
0.000000 0.000000 1.000000 0.000000
-2111.592285 36.225601 2379.907959 1.000000
$LocalTM 4 4
-0.000117 -0.009999 0.000000 0.000000
0.009999 -0.000117 0.000000 0.000000
0.000000 0.000000 0.010000 0.000000
-21.115923 0.362256 23.799080 1.000000
#STATIC
@NodeName gate00_sign_13
@ParentName RootNode
@MeshName Outside_Other_2
@MaterialName Outside_Other_M_ETC
$WorldTM 4 4
-0.893200 0.193200 -0.405900 0.000000
0.176963 0.981205 0.077619 0.000000
0.413272 -0.002500 -0.910613 0.000000
-93.500099 558.113403 -4865.151367 1.000000
$LocalTM 4 4
-0.008932 0.001932 -0.004059 0.000000
0.001770 0.009812 0.000776 0.000000
0.004133 -0.000025 -0.009106 0.000000
-0.935001 5.581134 -48.651512 1.000000
#STATIC
@NodeName tire41
@ParentName RootNode
@MeshName Outside_Other_3
@MaterialName Outside_Other_M_gate00_tire
$WorldTM 4 4
1.000000 0.000000 0.000000 0.000000
0.000000 1.000000 0.000000 0.000000
0.000000 0.000000 1.000000 0.000000
-3609.235840 124.230499 -4471.069824 1.000000
$LocalTM 4 4
0.010000 0.000000 0.000000 0.000000
0.000000 0.010000 0.000000 0.000000
0.000000 0.000000 0.010000 0.000000
-36.092358 1.242305 -44.710697 1.000000
#STATIC
@NodeName gate00_sign_53
@ParentName RootNode
@MeshName Outside_Other_4
@MaterialName Outside_Other_M_ETC
$WorldTM 4 4
-0.891800 0.000000 -0.452500 0.000000
0.000000 1.000000 0.000000 0.000000
0.452500 0.000000 -0.891800 0.000000
-74.345001 758.299377 -4860.069336 1.000000
$LocalTM 4 4
-0.008918 0.000000 -0.004525 0.000000
0.000000 0.010000 0.000000 0.000000
0.004525 0.000000 -0.008918 0.000000
-0.743450 7.582994 -48.600693 1.000000
#STATIC
@NodeName gate00_sign_06_58
@ParentName RootNode
@MeshName Outside_Other_5
@MaterialName Outside_Other_M_ETC
$WorldTM 4 4
0.962800 -0.052600 0.265100 0.000000
-0.050844 -0.998598 -0.013480 0.000000
0.265428 -0.000500 -0.964092 0.000000
-73.296898 346.790497 -4855.666504 1.000000
$LocalTM 4 4
0.009628 -0.000526 0.002651 0.000000
-0.000508 -0.009986 -0.000135 0.000000
0.002654 -0.000005 -0.009641 0.000000
-0.732969 3.467905 -48.556664 1.000000
#STATIC
@NodeName gate00_sign_17
@ParentName RootNode
@MeshName Outside_Other_6
@MaterialName Outside_Other_M_ETC
$WorldTM 4 4
0.080300 -0.040200 -0.996000 0.000000
0.026673 0.998902 -0.038167 0.000000
0.996393 -0.023500 0.081280 0.000000
2469.529297 413.562592 4267.475098 1.000000
$LocalTM 4 4
0.000803 -0.000402 -0.009960 0.000000
0.000267 0.009989 -0.000382 0.000000
0.009964 -0.000235 0.000813 0.000000
24.695292 4.135626 42.674751 1.000000
#STATIC
@NodeName gate00_sign_63
@ParentName RootNode
@MeshName Outside_Other_7
@MaterialName Outside_Other_M_ETC
$WorldTM 4 4
0.236400 0.216400 0.947200 0.000000
-0.004536 0.975112 -0.221645 0.000000
-0.971600 0.048101 0.231500 0.000000
5236.648926 754.911987 3201.562988 1.000000
$LocalTM 4 4
0.002364 0.002164 0.009472 0.000000
-0.000045 0.009751 -0.002216 0.000000
-0.009716 0.000481 0.002315 0.000000
52.366489 7.549119 32.015629 1.000000
#STATIC
@NodeName gate00_sign_18
@ParentName RootNode
@MeshName Outside_Other_8
@MaterialName Outside_Other_M_ETC
$WorldTM 4 4
-0.235500 -0.082500 -0.968400 0.000000
0.043532 0.994498 -0.095310 0.000000
0.970899 -0.064600 -0.230604 0.000000
5223.453125 42.261501 3265.146973 1.000000
$LocalTM 4 4
-0.002355 -0.000825 -0.009684 0.000000
0.000435 0.009945 -0.000953 0.000000
0.009709 -0.000646 -0.002306 0.000000
52.234531 0.422615 32.651470 1.000000
#STATIC
@NodeName gate00_sign_19
@ParentName RootNode
@MeshName Outside_Other_2
@MaterialName Outside_Other_M_ETC
$WorldTM 4 4
-0.260800 0.170700 -0.950200 0.000000
0.099618 0.983702 0.149376 0.000000
0.960213 -0.055700 -0.273555 0.000000
5234.686523 596.585876 3215.081787 1.000000
$LocalTM 4 4
-0.002608 0.001707 -0.009502 0.000000
0.000996 0.009837 0.001494 0.000000
0.009602 -0.000557 -0.002736 0.000000
52.346863 5.965858 32.150818 1.000000
#STATIC
@NodeName gate00_streetlamp_L7
@ParentName RootNode
@MeshName Outside_Other_9
@MaterialName Outside_Other_M_ETC2
$WorldTM 4 4
0.997000 -0.077400 0.000000 0.000000
0.077059 0.992605 0.093781 0.000000
-0.007259 -0.093500 0.995600 0.000000
2367.479980 -16.511299 -2295.976807 1.000000
$LocalTM 4 4
0.009970 -0.000774 0.000000 0.000000
0.000771 0.009926 0.000938 0.000000
-0.000073 -0.000935 0.009956 0.000000
23.674799 -0.165113 -22.959768 1.000000
#STATIC
@NodeName gate00_streetlamp_L9
@ParentName RootNode
@MeshName Outside_Other_9
@MaterialName Outside_Other_M_ETC2
$WorldTM 4 4
0.587200 -0.084100 -0.805100 0.000000
0.112483 0.993401 -0.021730 0.000000
0.801612 -0.077800 0.592783 0.000000
6627.959473 390.387787 -2283.163086 1.000000
$LocalTM 4 4
0.005872 -0.000841 -0.008051 0.000000
0.001125 0.009934 -0.000217 0.000000
0.008016 -0.000778 0.005928 0.000000
66.279594 3.903878 -22.831631 1.000000
#STATIC
@NodeName map6666_Cylinder_001_frozen4
@ParentName RootNode
@MeshName Outside_Other_1
@MaterialName Outside_Other_M_ETC2
$WorldTM 4 4
-0.011700 -0.999900 0.000000 0.000000
0.999900 -0.011700 0.000000 0.000000
0.000000 0.000000 1.000000 0.000000
-2111.602539 35.317600 2312.568604 1.000000
$LocalTM 4 4
-0.000117 -0.009999 0.000000 0.000000
0.009999 -0.000117 0.000000 0.000000
0.000000 0.000000 0.010000 0.000000
-21.116024 0.353176 23.125685 1.000000
#STATIC
@NodeName gate00_streetlamp_S6
@ParentName RootNode
@MeshName Outside_Other_10
@MaterialName Outside_Other_M_ETC
$WorldTM 4 4
0.019900 0.026100 0.999500 0.000000
0.026383 0.999300 -0.026620 0.000000
-0.999500 0.026900 0.019198 0.000000
-5377.490234 390.097992 -4247.172363 1.000000
$LocalTM 4 4
0.000199 0.000261 0.009995 0.000000
0.000264 0.009993 -0.000266 0.000000
-0.009995 0.000269 0.000192 0.000000
-53.774902 3.900980 -42.471722 1.000000
#STATIC
@NodeName gate00_streetlamp_S7
@ParentName RootNode
@MeshName Outside_Other_10
@MaterialName Outside_Other_M_ETC
$WorldTM 4 4
-0.999400 0.009300 0.034800 0.000000
0.010551 0.999302 0.035958 0.000000
-0.034438 0.036300 -0.998702 0.000000
3279.233887 -8.741900 -1416.892822 1.000000
$LocalTM 4 4
-0.009994 0.000093 0.000348 0.000000
0.000106 0.009993 0.000360 0.000000
-0.000344 0.000363 -0.009987 0.000000
32.792339 -0.087419 -14.168928 1.000000
#STATIC
@NodeName fence49
@ParentName RootNode
@MeshName Outside_Other_0
@MaterialName Outside_Other_M_ETC
$WorldTM 4 4
-0.007700 0.124500 0.007700 0.000000
1.457835 -0.156554 3.989124 0.000000
0.351540 0.029616 -0.127309 0.000000
-5578.724121 136.415100 -3977.061035 1.000000
$LocalTM 4 4
-0.000077 0.001245 0.000077 0.000000
0.014578 -0.001566 0.039891 0.000000
0.003515 0.000296 -0.001273 0.000000
-55.787239 1.364151 -39.770611 1.000000
#STATIC
@NodeName tire49
@ParentName RootNode
@MeshName Outside_Other_3
@MaterialName Outside_Other_M_gate00_tire
$WorldTM 4 4
0.999700 -0.026300 -0.002300 0.000000
0.026398 0.995794 0.087164 0.000000
-0.000002 -0.087200 0.996200 0.000000
-3817.972900 174.210007 -4329.461914 1.000000
$LocalTM 4 4
0.009997 -0.000263 -0.000023 0.000000
0.000264 0.009958 0.000872 0.000000
-0.000000 -0.000872 0.009962 0.000000
-38.179729 1.742100 -43.294617 1.000000
#STATIC
@NodeName gate00_streetlamp_S8
@ParentName RootNode
@MeshName Outside_Other_10
@MaterialName Outside_Other_M_ETC
$WorldTM 4 4
-0.999400 0.009300 0.034800 0.000000
0.010551 0.999302 0.035958 0.000000
-0.034438 0.036300 -0.998702 0.000000
4773.638184 16.008301 224.061203 1.000000
$LocalTM 4 4
-0.009994 0.000093 0.000348 0.000000
0.000106 0.009993 0.000360 0.000000
-0.000344 0.000363 -0.009987 0.000000
47.736382 0.160083 2.240612 1.000000
#STATIC
@NodeName gate00_streetlamp_S10
@ParentName RootNode
@MeshName Outside_Other_10
@MaterialName Outside_Other_M_ETC
$WorldTM 4 4
-0.307400 0.021500 0.951300 0.000000
-0.008048 0.999700 -0.025195 0.000000
-0.951495 -0.015400 -0.307115 0.000000
4954.846680 62.800098 2180.685303 1.000000
$LocalTM 4 4
-0.003074 0.000215 0.009513 0.000000
-0.000080 0.009997 -0.000252 0.000000
-0.009515 -0.000154 -0.003071 0.000000
49.548466 0.628001 21.806852 1.000000
#STATIC
@NodeName gate00_sign_24
@ParentName RootNode
@MeshName Outside_Other_6
@MaterialName Outside_Other_M_ETC
$WorldTM 4 4
0.190200 -0.040200 -0.980900 0.000000
0.030738 0.998900 -0.034977 0.000000
0.981292 -0.023500 0.191239 0.000000
5809.736816 750.964783 1873.164917 1.000000
$LocalTM 4 4
0.001902 -0.000402 -0.009809 0.000000
0.000307 0.009989 -0.000350 0.000000
0.009813 -0.000235 0.001912 0.000000
58.097366 7.509648 18.731649 1.000000
#STATIC
@NodeName gate00_sign_00s3
@ParentName RootNode
@MeshName Outside_Other_11
@MaterialName Outside_Other_M_ETC
$WorldTM 4 4
0.249100 0.000000 -0.968500 0.000000
0.000000 1.000000 0.000000 0.000000
0.968500 0.000000 0.249100 0.000000
5802.724609 262.278687 1973.361572 1.000000
$LocalTM 4 4
0.002491 0.000000 -0.009685 0.000000
0.000000 0.010000 0.000000 0.000000
0.009685 0.000000 0.002491 0.000000
58.027245 2.622787 19.733616 1.000000
#STATIC
@NodeName gate00_sign_00s4
@ParentName RootNode
@MeshName Outside_Other_11
@MaterialName Outside_Other_M_ETC
$WorldTM 4 4
0.249100 0.000000 -0.968500 0.000000
0.000000 1.000000 0.000000 0.000000
0.968500 0.000000 0.249100 0.000000
5837.472656 220.999893 1795.128784 1.000000
$LocalTM 4 4
0.002491 0.000000 -0.009685 0.000000
0.000000 0.010000 0.000000 0.000000
0.009685 0.000000 0.002491 0.000000
58.374725 2.209999 17.951288 1.000000
#STATIC
@NodeName gate00_panel_04
@ParentName RootNode
@MeshName Outside_Other_12
@MaterialName Outside_Other_M_gate00_panel
$WorldTM 4 4
0.084900 0.000000 0.996400 0.000000
0.000000 1.000000 0.000000 0.000000
-0.996400 0.000000 0.084900 0.000000
-5701.790039 306.077301 -791.789978 1.000000
$LocalTM 4 4
0.000849 0.000000 0.009964 0.000000
0.000000 0.010000 0.000000 0.000000
-0.009964 0.000000 0.000849 0.000000
-57.017899 3.060773 -7.917900 1.000000
#STATIC
@NodeName map6666_Cylinder_001_frozen5
@ParentName RootNode
@MeshName Outside_Other_1
@MaterialName Outside_Other_M_ETC2
$WorldTM 4 4
-0.011700 -0.999900 0.000000 0.000000
0.999900 -0.011700 0.000000 0.000000
0.000000 0.000000 1.000000 0.000000
-2110.970947 89.169899 2358.376953 1.000000
$LocalTM 4 4
-0.000117 -0.009999 0.000000 0.000000
0.009999 -0.000117 0.000000 0.000000
0.000000 0.000000 0.010000 0.000000
-21.109709 0.891699 23.583769 1.000000
#STATIC
@NodeName gate00_panel_5
@ParentName RootNode
@MeshName Outside_Other_12
@MaterialName Outside_Other_M_gate00_panel
$WorldTM 4 4
-0.182200 0.044200 0.982300 0.000000
-0.000010 0.998998 -0.044953 0.000000
-0.983315 -0.008200 -0.182019 0.000000
-5712.996582 274.191193 -681.375488 1.000000
$LocalTM 4 4
-0.001822 0.000442 0.009823 0.000000
-0.000000 0.009990 -0.000450 0.000000
-0.009833 -0.000082 -0.001820 0.000000
-57.129963 2.741912 -6.813755 1.000000
#STATIC
@NodeName gate00_panel_02
@ParentName RootNode
@MeshName Outside_Other_13
@MaterialName Outside_Other_M_gate00_panel
$WorldTM 4 4
-0.107700 -0.269500 -0.745500 0.000000
0.027619 0.750621 -0.275341 0.000000
0.792195 -0.062802 -0.091743 0.000000
-6072.119629 350.067902 1445.866821 1.000000
$LocalTM 4 4
-0.001077 -0.002695 -0.007455 0.000000
0.000276 0.007506 -0.002753 0.000000
0.007922 -0.000628 -0.000917 0.000000
-60.721195 3.500679 14.458668 1.000000
#STATIC
@NodeName 01gate_10
@ParentName RootNode
@MeshName Outside_Other_14
@MaterialName Outside_Other_M_gate00_panel
$WorldTM 4 4
0.232500 -0.064800 1.078800 0.000000
0.021063 0.998200 0.055419 0.000000
-0.977404 0.008900 0.211182 0.000000
-5980.417480 338.972900 1820.270508 1.000000
$LocalTM 4 4
0.002325 -0.000648 0.010788 0.000000
0.000211 0.009982 0.000554 0.000000
-0.009774 0.000089 0.002112 0.000000
-59.804173 3.389729 18.202705 1.000000
#STATIC
@NodeName gate00_panel_7
@ParentName RootNode
@MeshName Outside_Other_12
@MaterialName Outside_Other_M_gate00_panel
$WorldTM 4 4
0.173500 -0.021400 0.984600 0.000000
0.122485 0.992502 -0.000012 0.000000
-0.977214 0.120600 0.174820 0.000000
-5908.107910 310.285309 2005.213013 1.000000
$LocalTM 4 4
0.001735 -0.000214 0.009846 0.000000
0.001225 0.009925 -0.000000 0.000000
-0.009772 0.001206 0.001748 0.000000
-59.081078 3.102853 20.052130 1.000000
#STATIC
@NodeName board22
@ParentName RootNode
@MeshName Outside_Other_15
@MaterialName Outside_Other_M_gate00_panel
$WorldTM 4 4
0.414100 0.114300 -0.903000 0.000000
0.909906 -0.026700 0.413887 0.000000
0.023199 -0.993104 -0.115067 0.000000
-113.718102 111.524498 -4726.346680 1.000000
$LocalTM 4 4
0.004141 0.001143 -0.009030 0.000000
0.009099 -0.000267 0.004139 0.000000
0.000232 -0.009931 -0.001151 0.000000
-1.137181 1.115245 -47.263466 1.000000
#STATIC
@NodeName gate00_panel_8
@ParentName RootNode
@MeshName Outside_Other_12
@MaterialName Outside_Other_M_gate00_panel
$WorldTM 4 4
0.173500 -0.021400 0.984600 0.000000
0.122485 0.992502 -0.000012 0.000000
-0.977214 0.120600 0.174820 0.000000
-5908.107910 342.109009 2116.593750 1.000000
$LocalTM 4 4
0.001735 -0.000214 0.009846 0.000000
0.001225 0.009925 -0.000000 0.000000
-0.009772 0.001206 0.001748 0.000000
-59.081078 3.421090 21.165937 1.000000
#STATIC
@NodeName board42
@ParentName RootNode
@MeshName Outside_Other_15
@MaterialName Outside_Other_M_gate00_panel
$WorldTM 4 4
-0.571100 0.063100 -0.818500 0.000000
-0.814486 0.080700 0.574520 0.000000
0.102299 0.994700 0.005306 0.000000
-6244.250977 259.805389 671.537415 1.000000
$LocalTM 4 4
-0.005711 0.000631 -0.008185 0.000000
-0.008145 0.000807 0.005745 0.000000
0.001023 0.009947 0.000053 0.000000
-62.442509 2.598054 6.715374 1.000000
#STATIC
@NodeName board27
@ParentName RootNode
@MeshName Outside_Other_16
@MaterialName Outside_Other_M_gate00_panel
$WorldTM 4 4
-0.108400 0.066600 0.688300 0.000000
-0.003534 0.696703 -0.067970 0.000000
-0.691508 -0.014000 -0.107551 0.000000
-5741.844727 294.876801 -519.469116 1.000000
$LocalTM 4 4
-0.001084 0.000666 0.006883 0.000000
-0.000035 0.006967 -0.000680 0.000000
-0.006915 -0.000140 -0.001076 0.000000
-57.418446 2.948768 -5.194691 1.000000
#STATIC
@NodeName board66
@ParentName RootNode
@MeshName Outside_Other_15
@MaterialName Outside_Other_M_gate00_panel
$WorldTM 4 4
-0.999700 -0.026000 0.004300 0.000000
0.004670 -0.014200 0.999900 0.000000
-0.025936 0.999603 0.014317 0.000000
4417.921387 54.497398 651.507874 1.000000
$LocalTM 4 4
-0.009997 -0.000260 0.000043 0.000000
0.000047 -0.000142 0.009999 0.000000
-0.000259 0.009996 0.000143 0.000000
44.179214 0.544974 6.515079 1.000000
#STATIC
@NodeName gate00_panel_3
@ParentName RootNode
@MeshName Outside_Other_13
@MaterialName Outside_Other_M_gate00_panel
$WorldTM 4 4
0.027800 0.004900 -0.699400 0.000000
0.697400 0.053600 0.028096 0.000000
0.053750 -0.697904 -0.002753 0.000000
4199.660156 64.525597 2224.904053 1.000000
$LocalTM 4 4
0.000278 0.000049 -0.006994 0.000000
0.006974 0.000536 0.000281 0.000000
0.000538 -0.006979 -0.000028 0.000000
41.996601 0.645256 22.249041 1.000000
#STATIC
@NodeName Cylinder11
@ParentName RootNode
@MeshName Outside_Other_17
@MaterialName Outside_Other_M_ETC
$WorldTM 4 4
-0.898800 -0.015300 0.438100 0.000000
0.007906 -0.499900 -0.001239 0.000000
0.438056 0.004700 0.898873 0.000000
-4620.590820 99.499199 348.511200 1.000000
$LocalTM 4 4
-0.008988 -0.000153 0.004381 0.000000
0.000079 -0.004999 -0.000012 0.000000
0.004381 0.000047 0.008989 0.000000
-46.205906 0.994992 3.485112 1.000000
#STATIC
@NodeName gate00_panel_9
@ParentName RootNode
@MeshName Outside_Other_12
@MaterialName Outside_Other_M_gate00_panel
$WorldTM 4 4
0.015200 -0.068500 0.997500 0.000000
-0.996200 0.084401 0.020976 0.000000
-0.085633 -0.994108 -0.066962 0.000000
3359.609131 53.510300 1639.870850 1.000000
$LocalTM 4 4
0.000152 -0.000685 0.009975 0.000000
-0.009962 0.000844 0.000210 0.000000
-0.000856 -0.009941 -0.000670 0.000000
33.596092 0.535103 16.398708 1.000000
#STATIC
@NodeName board67
@ParentName RootNode
@MeshName Outside_Other_15
@MaterialName Outside_Other_M_gate00_panel
$WorldTM 4 4
-0.998300 -0.058300 0.007900 0.000000
0.005112 0.047800 0.998800 0.000000
-0.058611 0.997204 -0.047424 0.000000
4217.384277 77.093498 2191.514893 1.000000
$LocalTM 4 4
-0.009983 -0.000583 0.000079 0.000000
0.000051 0.000478 0.009988 0.000000
-0.000586 0.009972 -0.000474 0.000000
42.173843 0.770935 21.915148 1.000000
#STATIC
@NodeName board69
@ParentName RootNode
@MeshName Outside_Other_15
@MaterialName Outside_Other_M_gate00_panel
$WorldTM 4 4
-0.666300 0.045400 -0.744300 0.000000
-0.745591 -0.056500 0.664010 0.000000
-0.011907 0.997400 0.071498 0.000000
4217.384277 81.763100 2278.264648 1.000000
$LocalTM 4 4
-0.006663 0.000454 -0.007443 0.000000
-0.007456 -0.000565 0.006640 0.000000
-0.000119 0.009974 0.000715 0.000000
42.173843 0.817631 22.782646 1.000000
#STATIC
@NodeName board70
@ParentName RootNode
@MeshName Outside_Other_15
@MaterialName Outside_Other_M_gate00_panel
$WorldTM 4 4
-0.666800 -0.015400 -0.745100 0.000000
-0.743039 -0.062900 0.666256 0.000000
-0.057127 0.997898 0.030499 0.000000
3368.186523 59.066799 1707.249756 1.000000
$LocalTM 4 4
-0.006668 -0.000154 -0.007451 0.000000
-0.007430 -0.000629 0.006663 0.000000
-0.000571 0.009979 0.000305 0.000000
33.681866 0.590668 17.072496 1.000000
#STATIC
@NodeName board71
@ParentName RootNode
@MeshName Outside_Other_15
@MaterialName Outside_Other_M_gate00_panel
$WorldTM 4 4
-0.419000 0.007900 -0.907900 0.000000
-0.906221 -0.065600 0.417654 0.000000
-0.056261 0.997801 0.034647 0.000000
3139.295654 36.489498 1692.621460 1.000000
$LocalTM 4 4
-0.004190 0.000079 -0.009079 0.000000
-0.009062 -0.000656 0.004177 0.000000
-0.000563 0.009978 0.000346 0.000000
31.392956 0.364895 16.926214 1.000000
#STATIC
@NodeName gate01_container_03_20
@ParentName RootNode
@MeshName Outside_Other_18
@MaterialName Outside_Other_M_gate04_container_m
$WorldTM 4 4
0.889600 0.135600 0.012500 0.000000
-0.074782 0.555517 -0.704189 0.000000
-0.113815 0.695021 0.560371 0.000000
-4166.189941 439.091797 -5652.855469 1.000000
$LocalTM 4 4
0.008896 0.001356 0.000125 0.000000
-0.000748 0.005555 -0.007042 0.000000
-0.001138 0.006950 0.005604 0.000000
-41.661900 4.390918 -56.528553 1.000000
#STATIC
@NodeName board72
@ParentName RootNode
@MeshName Outside_Other_15
@MaterialName Outside_Other_M_gate00_panel
$WorldTM 4 4
-0.884800 -0.122400 0.449600 0.000000
0.452892 0.001200 0.891604 0.000000
-0.109671 0.992505 0.054372 0.000000
3340.726074 51.807701 1986.165405 1.000000
$LocalTM 4 4
-0.008848 -0.001224 0.004496 0.000000
0.004529 0.000012 0.008916 0.000000
-0.001097 0.009925 0.000544 0.000000
33.407261 0.518077 19.861654 1.000000
#STATIC
@NodeName board73
@ParentName RootNode
@MeshName Outside_Other_15
@MaterialName Outside_Other_M_gate00_panel
$WorldTM 4 4
0.204800 -0.027000 0.876000 0.000000
0.873290 0.081900 -0.201642 0.000000
-0.073667 0.895898 0.044836 0.000000
3454.408203 56.956299 2005.598145 1.000000
$LocalTM 4 4
0.002048 -0.000270 0.008760 0.000000
0.008733 0.000819 -0.002016 0.000000
-0.000737 0.008959 0.000448 0.000000
34.544083 0.569563 20.055981 1.000000
#STATIC
@NodeName board74
@ParentName RootNode
@MeshName Outside_Other_15
@MaterialName Outside_Other_M_gate00_panel
$WorldTM 4 4
-0.562700 0.007400 0.826600 0.000000
0.805575 0.229098 0.546337 0.000000
-0.185345 0.973393 -0.134886 0.000000
4345.822266 206.632507 4503.325195 1.000000
$LocalTM 4 4
-0.005627 0.000074 0.008266 0.000000
0.008056 0.002291 0.005463 0.000000
-0.001853 0.009734 -0.001349 0.000000
43.458221 2.066325 45.033253 1.000000
#STATIC
@NodeName board17
@ParentName RootNode
@MeshName Outside_Other_15
@MaterialName Outside_Other_M_gate00_panel
$WorldTM 4 4
0.893000 0.038500 0.448400 0.000000
0.449987 -0.057700 -0.891207 0.000000
-0.008439 0.997603 -0.068849 0.000000
317.511993 49.973000 3659.062500 1.000000
$LocalTM 4 4
0.008930 0.000385 0.004484 0.000000
0.004500 -0.000577 -0.008912 0.000000
-0.000084 0.009976 -0.000688 0.000000
3.175120 0.499730 36.590626 1.000000
#STATIC
@NodeName map6666_Cube_009_frozen17
@ParentName RootNode
@MeshName Outside_Other_19
@MaterialName Outside_Other_M_ETC2
$WorldTM 4 4
0.879600 0.000000 -0.475700 0.000000
0.000000 1.000000 0.000000 0.000000
0.475700 0.000000 0.879600 0.000000
-4366.916504 184.235901 1162.296143 1.000000
$LocalTM 4 4
0.008796 0.000000 -0.004757 0.000000
0.000000 0.010000 0.000000 0.000000
0.004757 0.000000 0.008796 0.000000
-43.669163 1.842359 11.622961 1.000000
#STATIC
@NodeName board19
@ParentName RootNode
@MeshName Outside_Other_15
@MaterialName Outside_Other_M_gate00_panel
$WorldTM 4 4
0.645600 0.023500 0.763300 0.000000
0.763115 -0.057200 -0.643682 0.000000
0.028536 0.998101 -0.054865 0.000000
281.355194 38.868198 3729.484131 1.000000
$LocalTM 4 4
0.006456 0.000235 0.007633 0.000000
0.007631 -0.000572 -0.006437 0.000000
0.000285 0.009981 -0.000549 0.000000
2.813552 0.388682 37.294842 1.000000
#STATIC
@NodeName board32
@ParentName RootNode
@MeshName Outside_Other_16
@MaterialName Outside_Other_M_gate00_panel
$WorldTM 4 4
0.943500 0.026300 0.330500 0.000000
-0.330379 -0.008200 0.943807 0.000000
0.027530 -0.999599 0.000952 0.000000
2638.396484 25.714899 4591.470703 1.000000
$LocalTM 4 4
0.009435 0.000263 0.003305 0.000000
-0.003304 -0.000082 0.009438 0.000000
0.000275 -0.009996 0.000010 0.000000
26.383965 0.257149 45.914707 1.000000
#STATIC
@NodeName board33
@ParentName RootNode
@MeshName Outside_Other_15
@MaterialName Outside_Other_M_gate00_panel
$WorldTM 4 4
0.893000 0.038500 0.448400 0.000000
0.449987 -0.057700 -0.891207 0.000000
-0.008439 0.997603 -0.068849 0.000000
2811.321533 14.220600 3946.295166 1.000000
$LocalTM 4 4
0.008930 0.000385 0.004484 0.000000
0.004500 -0.000577 -0.008912 0.000000
-0.000084 0.009976 -0.000688 0.000000
28.113214 0.142206 39.462952 1.000000
#STATIC
@NodeName board34
@ParentName RootNode
@MeshName Outside_Other_15
@MaterialName Outside_Other_M_gate00_panel
$WorldTM 4 4
0.975700 0.023500 0.217800 0.000000
0.218820 -0.057200 -0.974096 0.000000
-0.010433 0.998097 -0.060953 0.000000
2954.618408 12.742000 3861.530273 1.000000
$LocalTM 4 4
0.009757 0.000235 0.002178 0.000000
0.002188 -0.000572 -0.009741 0.000000
-0.000104 0.009981 -0.000610 0.000000
29.546183 0.127420 38.615303 1.000000
#STATIC
@NodeName gate00_panel_4
@ParentName RootNode
@MeshName Outside_Other_13
@MaterialName Outside_Other_M_gate00_panel
$WorldTM 4 4
0.104400 0.789400 0.077400 0.000000
-0.150870 -0.056877 0.783588 0.000000
0.778699 -0.116853 0.141446 0.000000
2354.871582 269.915802 5343.315918 1.000000
$LocalTM 4 4
0.001044 0.007894 0.000774 0.000000
-0.001509 -0.000569 0.007836 0.000000
0.007787 -0.001169 0.001414 0.000000
23.548716 2.699158 53.433159 1.000000
#STATIC
@NodeName board36
@ParentName RootNode
@MeshName Outside_Other_15
@MaterialName Outside_Other_M_gate00_panel
$WorldTM 4 4
0.282800 -0.024400 -0.958900 0.000000
-0.217526 -0.975293 -0.039336 0.000000
-0.934199 0.219698 -0.281105 0.000000
2304.776123 191.182404 5448.136230 1.000000
$LocalTM 4 4
0.002828 -0.000244 -0.009589 0.000000
-0.002175 -0.009753 -0.000393 0.000000
-0.009342 0.002197 -0.002811 0.000000
23.047760 1.911824 54.481361 1.000000
#STATIC
@NodeName 01gate_9
@ParentName RootNode
@MeshName Outside_Other_14
@MaterialName Outside_Other_M_gate00_panel
$WorldTM 4 4
-0.995200 0.096800 -0.013500 0.000000
0.097634 0.991104 -0.090818 0.000000
0.004589 -0.091700 -0.995800 0.000000
-2536.150146 112.599800 -4543.419434 1.000000
$LocalTM 4 4
-0.009952 0.000968 -0.000135 0.000000
0.000976 0.009911 -0.000908 0.000000
0.000046 -0.000917 -0.009958 0.000000
-25.361502 1.125998 -45.434193 1.000000
#STATIC
@NodeName board37
@ParentName RootNode
@MeshName Outside_Other_16
@MaterialName Outside_Other_M_gate00_panel
$WorldTM 4 4
0.904300 0.317500 0.285300 0.000000
-0.320791 0.064600 0.944903 0.000000
0.281607 -0.946100 0.160286 0.000000
5173.722656 290.504395 3576.408447 1.000000
$LocalTM 4 4
0.009043 0.003175 0.002853 0.000000
-0.003208 0.000646 0.009449 0.000000
0.002816 -0.009461 0.001603 0.000000
51.737225 2.905044 35.764084 1.000000
#STATIC
@NodeName board38
@ParentName RootNode
@MeshName Outside_Other_16
@MaterialName Outside_Other_M_gate00_panel
$WorldTM 4 4
0.616000 -0.017400 -0.787500 0.000000
-0.068744 0.994793 -0.075754 0.000000
0.784708 0.100799 0.611589 0.000000
5335.919434 521.462830 4010.685303 1.000000
$LocalTM 4 4
0.006160 -0.000174 -0.007875 0.000000
-0.000687 0.009948 -0.000758 0.000000
0.007847 0.001008 0.006116 0.000000
53.359192 5.214628 40.106853 1.000000
#STATIC
@NodeName gate00_sign_00s7
@ParentName RootNode
@MeshName Outside_Other_11
@MaterialName Outside_Other_M_ETC
$WorldTM 4 4
-0.306500 -0.006600 -0.951900 0.000000
-0.028007 0.999600 0.002087 0.000000
0.951512 0.027300 -0.306564 0.000000
-4880.961426 -70.283203 -1431.527344 1.000000
$LocalTM 4 4
-0.003065 -0.000066 -0.009519 0.000000
-0.000280 0.009996 0.000021 0.000000
0.009515 0.000273 -0.003066 0.000000
-48.809612 -0.702832 -14.315273 1.000000
#STATIC
@NodeName map6666_Cube_009_frozen18
@ParentName RootNode
@MeshName Outside_Other_19
@MaterialName Outside_Other_M_ETC2
$WorldTM 4 4
0.572500 0.000000 -0.819900 0.000000
0.000000 1.000000 0.000000 0.000000
0.819900 0.000000 0.572500 0.000000
-4368.497559 284.224915 1167.863525 1.000000
$LocalTM 4 4
0.005725 0.000000 -0.008199 0.000000
0.000000 0.010000 0.000000 0.000000
0.008199 0.000000 0.005725 0.000000
-43.684975 2.842249 11.678635 1.000000
#STATIC
@NodeName gate00_ground_cable_3
@ParentName RootNode
@MeshName Outside_Other_20
@MaterialName Outside_Other_M_gate00_ground_cable2
$WorldTM 4 4
-0.155800 0.015400 -0.987700 0.000000
-0.003726 0.999900 0.016178 0.000000
0.987797 0.006200 -0.155719 0.000000
-3323.721191 368.579803 -1695.279663 1.000000
$LocalTM 4 4
-0.001558 0.000154 -0.009877 0.000000
-0.000037 0.009999 0.000162 0.000000
0.009878 0.000062 -0.001557 0.000000
-33.237209 3.685798 -16.952797 1.000000
#STATIC
@NodeName 01gate_39
@ParentName RootNode
@MeshName Outside_Other_21
@MaterialName Outside_Other_M_gate00_tire
$WorldTM 4 4
0.815900 0.000000 0.578200 0.000000
0.001330 1.000000 -0.001877 0.000000
-0.578200 0.002300 0.815900 0.000000
-1921.655518 167.130493 -2821.332520 1.000000
$LocalTM 4 4
0.008159 0.000000 0.005782 0.000000
0.000013 0.010000 -0.000019 0.000000
-0.005782 0.000023 0.008159 0.000000
-19.216555 1.671305 -28.213326 1.000000
#STATIC
@NodeName 01gate_44
@ParentName RootNode
@MeshName Outside_Other_21
@MaterialName Outside_Other_M_gate00_tire
$WorldTM 4 4
0.815900 0.000000 0.578200 0.000000
0.000000 1.000000 0.000000 0.000000
-0.578200 0.000000 0.815900 0.000000
-1901.765625 113.207901 -2802.917725 1.000000
$LocalTM 4 4
0.008159 0.000000 0.005782 0.000000
0.000000 0.010000 0.000000 0.000000
-0.005782 0.000000 0.008159 0.000000
-19.017656 1.132079 -28.029177 1.000000
#STATIC
@NodeName board48
@ParentName RootNode
@MeshName Outside_Other_12
@MaterialName Outside_Other_M_gate00_panel
$WorldTM 4 4
-0.324500 0.897700 -0.298200 0.000000
0.945899 0.309316 -0.098160 0.000000
0.004120 -0.313916 -0.949495 0.000000
-2052.449219 123.397697 -4700.764160 1.000000
$LocalTM 4 4
-0.003245 0.008977 -0.002982 0.000000
0.009459 0.003093 -0.000982 0.000000
0.000041 -0.003139 -0.009495 0.000000
-20.524492 1.233977 -47.007641 1.000000
#STATIC
@NodeName gate00_sign_23
@ParentName RootNode
@MeshName Outside_Other_8
@MaterialName Outside_Other_M_ETC
$WorldTM 4 4
0.059300 -0.997000 0.050300 0.000000
-0.225106 0.035732 0.973636 0.000000
-0.972554 -0.069062 -0.222321 0.000000
-5806.348633 305.158600 -607.251404 1.000000
$LocalTM 4 4
0.000593 -0.009970 0.000503 0.000000
-0.002251 0.000357 0.009736 0.000000
-0.009726 -0.000691 -0.002223 0.000000
-58.063484 3.051586 -6.072514 1.000000
#STATIC
@NodeName gate00_sign_27
@ParentName RootNode
@MeshName Outside_Other_8
@MaterialName Outside_Other_M_ETC
$WorldTM 4 4
0.059400 -0.997500 0.038100 0.000000
-0.224932 0.023812 0.974100 0.000000
-0.972592 -0.066433 -0.222960 0.000000
-5724.330566 351.165588 -879.333801 1.000000
$LocalTM 4 4
0.000594 -0.009975 0.000381 0.000000
-0.002249 0.000238 0.009741 0.000000
-0.009726 -0.000664 -0.002230 0.000000
-57.243305 3.511656 -8.793338 1.000000
#STATIC
@NodeName gate00_sign_28
@ParentName RootNode
@MeshName Outside_Other_8
@MaterialName Outside_Other_M_ETC
$WorldTM 4 4
0.077800 -0.997000 0.005100 0.000000
0.102798 0.013109 0.994579 0.000000
-0.991674 -0.076855 0.103511 0.000000
-6164.260254 289.500214 795.549316 1.000000
$LocalTM 4 4
0.000778 -0.009970 0.000051 0.000000
0.001028 0.000131 0.009946 0.000000
-0.009917 -0.000769 0.001035 0.000000
-61.642601 2.895002 7.955493 1.000000
#STATIC
@NodeName board11
@ParentName RootNode
@MeshName Outside_Other_15
@MaterialName Outside_Other_M_gate00_panel
$WorldTM 4 4
-1.014200 -0.043900 0.640000 0.000000
-0.050042 1.198998 0.002943 0.000000
-0.639515 -0.024200 -1.015091 0.000000
-3945.998779 238.871597 -4840.907227 1.000000
$LocalTM 4 4
-0.010142 -0.000439 0.006400 0.000000
-0.000500 0.011990 0.000029 0.000000
-0.006395 -0.000242 -0.010151 0.000000
-39.459988 2.388716 -48.409073 1.000000
#STATIC
@NodeName gate00_sign_29
@ParentName RootNode
@MeshName Outside_Other_8
@MaterialName Outside_Other_M_ETC
$WorldTM 4 4
0.068600 -0.995100 -0.070900 0.000000
0.103172 -0.063609 0.992592 0.000000
-0.992289 -0.075411 0.098308 0.000000
-6164.260254 396.079315 711.362305 1.000000
$LocalTM 4 4
0.000686 -0.009951 -0.000709 0.000000
0.001032 -0.000636 0.009926 0.000000
-0.009923 -0.000754 0.000983 0.000000
-61.642601 3.960793 7.113623 1.000000
#STATIC
@NodeName gate00_sign_30
@ParentName RootNode
@MeshName Outside_Other_8
@MaterialName Outside_Other_M_ETC
$WorldTM 4 4
0.055600 -0.988700 -0.139500 0.000000
0.196783 -0.126114 0.972261 0.000000
-0.978871 -0.081509 0.187548 0.000000
-6043.694336 353.449097 1663.148926 1.000000
$LocalTM 4 4
0.000556 -0.009887 -0.001395 0.000000
0.001968 -0.001261 0.009723 0.000000
-0.009789 -0.000815 0.001875 0.000000
-60.436943 3.534491 16.631489 1.000000
#STATIC
@NodeName map6666_Cube_009_frozen19
@ParentName RootNode
@MeshName Outside_Other_19
@MaterialName Outside_Other_M_ETC2
$WorldTM 4 4
0.997000 0.000000 -0.077700 0.000000
0.000000 1.000000 0.000000 0.000000
0.077700 0.000000 0.997000 0.000000
-4236.459473 165.863495 1123.146729 1.000000
$LocalTM 4 4
0.009970 0.000000 -0.000777 0.000000
0.000000 0.010000 0.000000 0.000000
0.000777 0.000000 0.009970 0.000000
-42.364594 1.658635 11.231467 1.000000
#STATIC
@NodeName gate00_sign_00s8
@ParentName RootNode
@MeshName Outside_Other_11
@MaterialName Outside_Other_M_ETC
$WorldTM 4 4
-0.031600 0.989500 0.141100 0.000000
-0.211514 -0.144589 0.966599 0.000000
0.976885 0.000700 0.213869 0.000000
-5808.944824 358.361786 -548.388672 1.000000
$LocalTM 4 4
-0.000316 0.009895 0.001411 0.000000
-0.002115 -0.001446 0.009666 0.000000
0.009769 0.000007 0.002139 0.000000
-58.089447 3.583618 -5.483887 1.000000
#STATIC
@NodeName board47
@ParentName RootNode
@MeshName Outside_Other_15
@MaterialName Outside_Other_M_gate00_panel
$WorldTM 4 4
0.145400 0.008400 0.989300 0.000000
-0.124089 0.992202 0.009813 0.000000
-0.981597 -0.124200 0.145322 0.000000
-5943.522461 288.379700 2272.254150 1.000000
$LocalTM 4 4
0.001454 0.000084 0.009893 0.000000
-0.001241 0.009922 0.000098 0.000000
-0.009816 -0.001242 0.001453 0.000000
-59.435223 2.883797 22.722542 1.000000
#STATIC
@NodeName gate00_panel_10
@ParentName RootNode
@MeshName Outside_Other_12
@MaterialName Outside_Other_M_gate00_panel
$WorldTM 4 4
-0.209000 0.971000 0.115800 0.000000
0.294554 0.175433 -0.939408 0.000000
-0.932500 -0.162230 -0.322684 0.000000
-5945.445312 333.360901 150.306107 1.000000
$LocalTM 4 4
-0.002090 0.009710 0.001158 0.000000
0.002946 0.001754 -0.009394 0.000000
-0.009325 -0.001622 -0.003227 0.000000
-59.454453 3.333609 1.503061 1.000000
#STATIC
@NodeName gate00_fence_01_37
@ParentName RootNode
@MeshName Outside_Other_22
@MaterialName Outside_Other_M_ETC
$WorldTM 4 4
1.000000 0.000000 0.000000 0.000000
0.000000 1.000000 0.000000 0.000000
0.000000 0.000000 1.000000 0.000000
-5705.916992 169.784607 -911.550781 1.000000
$LocalTM 4 4
0.010000 0.000000 0.000000 0.000000
0.000000 0.010000 0.000000 0.000000
0.000000 0.000000 0.010000 0.000000
-57.059170 1.697846 -9.115508 1.000000
#STATIC
@NodeName gate00_fence_02_40
@ParentName RootNode
@MeshName Outside_Other_23
@MaterialName Outside_Other_M_ETC
$WorldTM 4 4
0.986100 0.000000 0.166000 0.000000
0.000000 1.000000 0.000000 0.000000
-0.166000 0.000000 0.986100 0.000000
-5879.533203 170.331299 -352.394501 1.000000
$LocalTM 4 4
0.009861 0.000000 0.001660 0.000000
0.000000 0.010000 0.000000 0.000000
-0.001660 0.000000 0.009861 0.000000
-58.795330 1.703313 -3.523945 1.000000
#STATIC
@NodeName gate00_fence_3
@ParentName RootNode
@MeshName Outside_Other_23
@MaterialName Outside_Other_M_ETC
$WorldTM 4 4
0.986100 0.000000 0.166000 0.000000
0.000000 1.000000 0.000000 0.000000
-0.166000 0.000000 0.986100 0.000000
-5903.824707 213.318405 -208.073303 1.000000
$LocalTM 4 4
0.009861 0.000000 0.001660 0.000000
0.000000 0.010000 0.000000 0.000000
-0.001660 0.000000 0.009861 0.000000
-59.038246 2.133184 -2.080733 1.000000
#STATIC
@NodeName gate00_fence_4
@ParentName RootNode
@MeshName Outside_Other_23
@MaterialName Outside_Other_M_ETC
$WorldTM 4 4
0.986100 0.000000 0.166000 0.000000
0.047753 0.957677 -0.283668 0.000000
-0.158997 0.287693 0.944502 0.000000
-5806.310059 196.846207 -536.971130 1.000000
$LocalTM 4 4
0.009861 0.000000 0.001660 0.000000
0.000478 0.009577 -0.002837 0.000000
-0.001590 0.002877 0.009445 0.000000
-58.063099 1.968462 -5.369711 1.000000
#STATIC
@NodeName gate00_fence_5
@ParentName RootNode
@MeshName Outside_Other_23
@MaterialName Outside_Other_M_ETC
$WorldTM 4 4
0.992300 0.000000 -0.123800 0.000000
0.000000 1.000000 0.000000 0.000000
0.123800 0.000000 0.992300 0.000000
-6166.085938 227.942902 929.617126 1.000000
$LocalTM 4 4
0.009923 0.000000 -0.001238 0.000000
0.000000 0.010000 0.000000 0.000000
0.001238 0.000000 0.009923 0.000000
-61.660858 2.279429 9.296171 1.000000
#STATIC
@NodeName 01gate_13
@ParentName RootNode
@MeshName Outside_Other_21
@MaterialName Outside_Other_M_gate00_tire
$WorldTM 4 4
0.938500 0.000000 -0.345400 0.000000
0.000000 1.000000 0.000000 0.000000
0.345400 0.000000 0.938500 0.000000
-1288.811890 137.060394 -4628.255859 1.000000
$LocalTM 4 4
0.009385 0.000000 -0.003454 0.000000
0.000000 0.010000 0.000000 0.000000
0.003454 0.000000 0.009385 0.000000
-12.888119 1.370604 -46.282558 1.000000
#STATIC
@NodeName gate00_fence_6
@ParentName RootNode
@MeshName Outside_Other_23
@MaterialName Outside_Other_M_ETC
$WorldTM 4 4
0.992300 0.000000 -0.123800 0.000000
0.021381 0.985005 0.171376 0.000000
0.121942 -0.172701 0.977407 0.000000
-6152.611328 177.424393 1037.628296 1.000000
$LocalTM 4 4
0.009923 0.000000 -0.001238 0.000000
0.000214 0.009850 0.001714 0.000000
0.001219 -0.001727 0.009774 0.000000
-61.526112 1.774244 10.376283 1.000000
#STATIC
@NodeName map6666_Cube_009_frozen20
@ParentName RootNode
@MeshName Outside_Other_19
@MaterialName Outside_Other_M_ETC2
$WorldTM 4 4
-0.978100 0.000000 0.208400 0.000000
0.000000 1.000000 0.000000 0.000000
-0.208400 0.000000 -0.978100 0.000000
-4232.028809 265.852600 1148.584106 1.000000
$LocalTM 4 4
-0.009781 0.000000 0.002084 0.000000
0.000000 0.010000 0.000000 0.000000
-0.002084 0.000000 -0.009781 0.000000
-42.320286 2.658526 11.485841 1.000000
#STATIC
@NodeName gate00_fence_7
@ParentName RootNode
@MeshName Outside_Other_23
@MaterialName Outside_Other_M_ETC
$WorldTM 4 4
0.992300 0.000000 -0.123900 0.000000
-0.002528 0.999799 -0.020243 0.000000
0.123874 0.020400 0.992091 0.000000
-6123.083984 208.919800 1644.496948 1.000000
$LocalTM 4 4
0.009923 0.000000 -0.001239 0.000000
-0.000025 0.009998 -0.000202 0.000000
0.001239 0.000204 0.009921 0.000000
-61.230839 2.089198 16.444969 1.000000
#STATIC
@NodeName gate00_fence_8
@ParentName RootNode
@MeshName Outside_Other_23
@MaterialName Outside_Other_M_ETC
$WorldTM 4 4
0.992300 0.000000 -0.123900 0.000000
-0.002528 0.999799 -0.020243 0.000000
0.123874 0.020400 0.992091 0.000000
-6050.211426 192.082001 1857.850342 1.000000
$LocalTM 4 4
0.009923 0.000000 -0.001239 0.000000
-0.000025 0.009998 -0.000202 0.000000
0.001239 0.000204 0.009921 0.000000
-60.502113 1.920820 18.578503 1.000000
#STATIC
@NodeName gate00_fence_9
@ParentName RootNode
@MeshName Outside_Other_23
@MaterialName Outside_Other_M_ETC
$WorldTM 4 4
0.918500 0.000000 -0.395400 0.000000
-0.008066 0.999800 -0.018738 0.000000
0.395312 0.020400 0.918295 0.000000
-5907.790039 141.923492 2533.176025 1.000000
$LocalTM 4 4
0.009185 0.000000 -0.003954 0.000000
-0.000081 0.009998 -0.000187 0.000000
0.003953 0.000204 0.009183 0.000000
-59.077900 1.419235 25.331760 1.000000
#STATIC
@NodeName 01gate_14
@ParentName RootNode
@MeshName Outside_Other_21
@MaterialName Outside_Other_M_gate00_tire
$WorldTM 4 4
0.815200 -0.385000 -0.432800 0.000000
0.577650 0.485485 0.656167 0.000000
-0.042504 -0.784875 0.618131 0.000000
-1809.909790 84.920303 -4579.838379 1.000000
$LocalTM 4 4
0.008152 -0.003850 -0.004328 0.000000
0.005776 0.004855 0.006562 0.000000
-0.000425 -0.007849 0.006181 0.000000
-18.099098 0.849203 -45.798382 1.000000
#STATIC
@NodeName 01gate_22
@ParentName RootNode
@MeshName Outside_Other_21
@MaterialName Outside_Other_M_gate00_tire
$WorldTM 4 4
1.000000 0.000000 0.000000 0.000000
0.000000 1.000000 0.000000 0.000000
0.000000 0.000000 1.000000 0.000000
6150.347656 479.418488 -3345.764160 1.000000
$LocalTM 4 4
0.010000 0.000000 0.000000 0.000000
0.000000 0.010000 0.000000 0.000000
0.000000 0.000000 0.010000 0.000000
61.503475 4.794185 -33.457642 1.000000
#STATIC
@NodeName 01gate_24
@ParentName RootNode
@MeshName Outside_Other_21
@MaterialName Outside_Other_M_gate00_tire
$WorldTM 4 4
1.000000 0.000000 0.000000 0.000000
0.000000 1.000000 0.000000 0.000000
0.000000 0.000000 1.000000 0.000000
6150.832520 425.335999 -3326.274902 1.000000
$LocalTM 4 4
0.010000 0.000000 0.000000 0.000000
0.000000 0.010000 0.000000 0.000000
0.000000 0.000000 0.010000 0.000000
61.508324 4.253360 -33.262749 1.000000
#STATIC
@NodeName map6666_Cylinder_001_frozen12
@ParentName RootNode
@MeshName Outside_Other_1
@MaterialName Outside_Other_M_ETC2
$WorldTM 4 4
0.005600 -0.999900 0.011400 0.000000
-0.440858 -0.012701 -0.897462 0.000000
0.897542 0.000000 -0.440898 0.000000
4557.871094 198.876495 -3461.334229 1.000000
$LocalTM 4 4
0.000056 -0.009999 0.000114 0.000000
-0.004409 -0.000127 -0.008975 0.000000
0.008975 0.000000 -0.004409 0.000000
45.578709 1.988765 -34.613342 1.000000
#STATIC
@NodeName tire50
@ParentName RootNode
@MeshName Outside_Other_3
@MaterialName Outside_Other_M_gate00_tire
$WorldTM 4 4
0.999700 -0.026300 -0.002300 0.000000
0.026398 0.995794 0.087164 0.000000
-0.000002 -0.087200 0.996200 0.000000
-3817.210693 202.916397 -4326.934570 1.000000
$LocalTM 4 4
0.009997 -0.000263 -0.000023 0.000000
0.000264 0.009958 0.000872 0.000000
-0.000000 -0.000872 0.009962 0.000000
-38.172108 2.029164 -43.269344 1.000000
#STATIC
@NodeName 01gate_23
@ParentName RootNode
@MeshName Outside_Other_21
@MaterialName Outside_Other_M_gate00_tire
$WorldTM 4 4
0.994900 -0.101200 -0.002300 0.000000
0.101223 0.994606 0.022986 0.000000
-0.000039 -0.023100 0.999700 0.000000
-3785.407227 135.021194 -4318.123047 1.000000
$LocalTM 4 4
0.009949 -0.001012 -0.000023 0.000000
