#STATIC
@ParentName RootNode
@NodeName 0
@MeshName Outside_Pebble_0
@MaterialName Outside_Pebble_m_pebbleA
$WorldTM 4 4
-0.890900 -0.340900 -0.300100 0.000000
-0.369783 0.928108 0.043479 0.000000
0.263693 0.149701 -0.952874 0.000000
-93.647499 59.820301 -5972.428711 1.000000
$LocalTM 4 4
-0.890900 -0.340900 -0.300100 0.000000
-0.369783 0.928108 0.043479 0.000000
0.263693 0.149701 -0.952874 0.000000
-93.647499 59.820301 -5972.428711 1.000000
#STATIC
@ParentName RootNode
@NodeName 1
@MeshName Outside_Pebble_0
@MaterialName Outside_Pebble_m_pebbleA
$WorldTM 4 4
-0.209900 0.005800 0.353700 0.000000
0.054100 0.406998 0.025431 0.000000
-0.349625 0.059500 -0.208458 0.000000
-1077.632324 35.692402 -6901.870117 1.000000
$LocalTM 4 4
-0.209900 0.005800 0.353700 0.000000
0.054100 0.406998 0.025431 0.000000
-0.349625 0.059500 -0.208458 0.000000
-1077.632324 35.692402 -6901.870117 1.000000
#STATIC
@ParentName RootNode
@NodeName 16.002
@MeshName Outside_Pebble_1
@MaterialName Outside_Pebble_m_pebbleA
$WorldTM 4 4
0.495200 -0.019600 0.066300 0.000000
0.015570 0.498803 0.031166 0.000000
-0.067359 -0.028800 0.494592 0.000000
-3678.989746 572.031189 4687.937988 1.000000
$LocalTM 4 4
0.495200 -0.019600 0.066300 0.000000
0.015570 0.498803 0.031166 0.000000
-0.067359 -0.028800 0.494592 0.000000
-3678.989746 572.031189 4687.937988 1.000000
#STATIC
@ParentName RootNode
@NodeName 44.002
@MeshName Outside_Pebble_2
@MaterialName Outside_Pebble_m_pebbleB
$WorldTM 4 4
0.637000 0.031400 -0.770200 0.000000
0.054403 0.994895 0.085555 0.000000
0.768952 -0.096400 0.632037 0.000000
-3664.537109 596.807617 5134.034668 1.000000
$LocalTM 4 4
0.637000 0.031400 -0.770200 0.000000
0.054403 0.994895 0.085555 0.000000
0.768952 -0.096400 0.632037 0.000000
-3664.537109 596.807617 5134.034668 1.000000
#STATIC
@ParentName RootNode
@NodeName 26
@MeshName Outside_Pebble_0
@MaterialName Outside_Pebble_m_pebbleA
$WorldTM 4 4
-0.227700 -0.005500 0.451100 0.000000
-0.066277 0.500200 -0.027356 0.000000
-0.446280 -0.071500 -0.226139 0.000000
-959.153198 116.925301 -7827.747070 1.000000
$LocalTM 4 4
-0.227700 -0.005500 0.451100 0.000000
-0.066277 0.500200 -0.027356 0.000000
-0.446280 -0.071500 -0.226139 0.000000
-959.153198 116.925301 -7827.747070 1.000000
#STATIC
@ParentName RootNode
@NodeName 10
@MeshName Outside_Pebble_0
@MaterialName Outside_Pebble_m_pebbleA
$WorldTM 4 4
0.322100 0.084000 0.221800 0.000000
-0.064123 0.391002 -0.054961 0.000000
-0.228326 0.008700 0.328282 0.000000
-1632.304199 126.678703 -3131.371826 1.000000
$LocalTM 4 4
0.322100 0.084000 0.221800 0.000000
-0.064123 0.391002 -0.054961 0.000000
-0.228326 0.008700 0.328282 0.000000
-1632.304199 126.678703 -3131.371826 1.000000
#STATIC
@ParentName RootNode
@NodeName 27
@MeshName Outside_Pebble_0
@MaterialName Outside_Pebble_m_pebbleA
$WorldTM 4 4
-0.395700 0.068400 -0.412400 0.000000
0.184954 0.537889 -0.088251 0.000000
0.374921 -0.193196 -0.391782 0.000000
-5312.814941 334.887695 -2104.073730 1.000000
$LocalTM 4 4
-0.395700 0.068400 -0.412400 0.000000
0.184954 0.537889 -0.088251 0.000000
0.374921 -0.193196 -0.391782 0.000000
-5312.814941 334.887695 -2104.073730 1.000000
#STATIC
@ParentName RootNode
@NodeName 28
@MeshName Outside_Pebble_0
@MaterialName Outside_Pebble_m_pebbleA
$WorldTM 4 4
-0.033900 0.004500 -0.865300 0.000000
0.113980 0.858403 -0.000001 0.000000
0.857800 -0.113900 -0.034199 0.000000
-1847.940430 155.069305 -6436.984863 1.000000
$LocalTM 4 4
-0.033900 0.004500 -0.865300 0.000000
0.113980 0.858403 -0.000001 0.000000
0.857800 -0.113900 -0.034199 0.000000
-1847.940430 155.069305 -6436.984863 1.000000
#STATIC
@ParentName RootNode
@NodeName 29
@MeshName Outside_Pebble_0
@MaterialName Outside_Pebble_m_pebbleA
$WorldTM 4 4
-0.302000 -0.072000 -0.252200 0.000000
-0.055335 0.393498 -0.046078 0.000000
0.256372 0.000100 -0.307024 0.000000
-1683.780273 112.908203 -3180.256836 1.000000
$LocalTM 4 4
-0.302000 -0.072000 -0.252200 0.000000
-0.055335 0.393498 -0.046078 0.000000
0.256372 0.000100 -0.307024 0.000000
-1683.780273 112.908203 -3180.256836 1.000000
#STATIC
@ParentName RootNode
@NodeName 3
@MeshName Outside_Pebble_0
@MaterialName Outside_Pebble_m_pebbleA
$WorldTM 4 4
0.916000 0.401300 0.003500 0.000000
-0.397199 0.907813 -0.134714 0.000000
-0.057235 0.122002 0.990903 0.000000
14.807100 37.838902 -5572.331055 1.000000
$LocalTM 4 4
0.916000 0.401300 0.003500 0.000000
-0.397199 0.907813 -0.134714 0.000000
-0.057235 0.122002 0.990903 0.000000
14.807100 37.838902 -5572.331055 1.000000
#STATIC
@ParentName RootNode
@NodeName 30
@MeshName Outside_Pebble_0
@MaterialName Outside_Pebble_m_pebbleA
$WorldTM 4 4
0.546000 -0.050300 0.069800 0.000000
0.042803 0.547796 0.059937 0.000000
-0.074628 -0.053800 0.544996 0.000000
-2651.194824 229.629395 -6497.191406 1.000000
$LocalTM 4 4
0.546000 -0.050300 0.069800 0.000000
0.042803 0.547796 0.059937 0.000000
-0.074628 -0.053800 0.544996 0.000000
-2651.194824 229.629395 -6497.191406 1.000000
#STATIC
@ParentName RootNode
@NodeName 31
@MeshName Outside_Pebble_0
@MaterialName Outside_Pebble_m_pebbleA
$WorldTM 4 4
-0.708700 -0.094800 0.699100 0.000000
-0.198624 0.977690 -0.068774 0.000000
-0.676982 -0.187598 -0.711717 0.000000
-6272.238281 444.606903 -4495.594727 1.000000
$LocalTM 4 4
-0.708700 -0.094800 0.699100 0.000000
-0.198624 0.977690 -0.068774 0.000000
-0.676982 -0.187598 -0.711717 0.000000
-6272.238281 444.606903 -4495.594727 1.000000
#STATIC
@ParentName RootNode
@NodeName 32
@MeshName Outside_Pebble_0
@MaterialName Outside_Pebble_m_pebbleA
$WorldTM 4 4
-0.981000 -0.152500 0.119800 0.000000
-0.161487 0.984398 -0.069263 0.000000
-0.107377 -0.087300 -0.990403 0.000000
-6321.319336 439.466888 -4439.857422 1.000000
$LocalTM 4 4
-0.981000 -0.152500 0.119800 0.000000
-0.161487 0.984398 -0.069263 0.000000
-0.107377 -0.087300 -0.990403 0.000000
-6321.319336 439.466888 -4439.857422 1.000000
#STATIC
@ParentName RootNode
@NodeName 17.002
@MeshName Outside_Pebble_1
@MaterialName Outside_Pebble_m_pebbleA
$WorldTM 4 4
-0.275400 -0.040000 -1.139500 0.000000
-0.276000 1.139700 0.026698 0.000000
1.106298 0.274400 -0.277008 0.000000
-5232.469727 627.076172 8088.498535 1.000000
$LocalTM 4 4
-0.275400 -0.040000 -1.139500 0.000000
-0.276000 1.139700 0.026698 0.000000
1.106298 0.274400 -0.277008 0.000000
-5232.469727 627.076172 8088.498535 1.000000
#STATIC
@ParentName RootNode
@NodeName 33
@MeshName Outside_Pebble_0
@MaterialName Outside_Pebble_m_pebbleA
$WorldTM 4 4
-0.711100 -0.097600 -0.696300 0.000000
0.023105 0.986504 -0.161873 0.000000
0.702727 -0.131201 -0.699273 0.000000
-6409.597656 480.409210 -4054.400879 1.000000
$LocalTM 4 4
-0.711100 -0.097600 -0.696300 0.000000
0.023105 0.986504 -0.161873 0.000000
0.702727 -0.131201 -0.699273 0.000000
-6409.597656 480.409210 -4054.400879 1.000000
#STATIC
@ParentName RootNode
@NodeName 34
@MeshName Outside_Pebble_0
@MaterialName Outside_Pebble_m_pebbleA
$WorldTM 4 4
-0.759400 -0.285700 -0.584500 0.000000
-0.239471 0.958109 -0.157190 0.000000
0.604913 0.020600 -0.795990 0.000000
-6265.296387 303.806396 -5393.313965 1.000000
$LocalTM 4 4
-0.759400 -0.285700 -0.584500 0.000000
-0.239471 0.958109 -0.157190 0.000000
0.604913 0.020600 -0.795990 0.000000
-6265.296387 303.806396 -5393.313965 1.000000
#STATIC
@ParentName RootNode
@NodeName 35
@MeshName Outside_Pebble_0
@MaterialName Outside_Pebble_m_pebbleA
$WorldTM 4 4
-0.236300 -0.176900 -0.955400 0.000000
-0.145304 0.978703 -0.145277 0.000000
0.960804 0.104500 -0.256986 0.000000
-5966.117676 373.039307 -5345.102539 1.000000
$LocalTM 4 4
-0.236300 -0.176900 -0.955400 0.000000
-0.145304 0.978703 -0.145277 0.000000
0.960804 0.104500 -0.256986 0.000000
-5966.117676 373.039307 -5345.102539 1.000000
#STATIC
@ParentName RootNode
@NodeName 11
@MeshName Outside_Pebble_0
@MaterialName Outside_Pebble_m_pebbleA
$WorldTM 4 4
-0.395700 0.068400 -0.412400 0.000000
0.184954 0.537889 -0.088251 0.000000
0.374921 -0.193196 -0.391782 0.000000
-5312.814941 334.887695 -2104.073730 1.000000
$LocalTM 4 4
-0.395700 0.068400 -0.412400 0.000000
0.184954 0.537889 -0.088251 0.000000
0.374921 -0.193196 -0.391782 0.000000
-5312.814941 334.887695 -2104.073730 1.000000
#STATIC
@ParentName RootNode
@NodeName 36
@MeshName Outside_Pebble_0
@MaterialName Outside_Pebble_m_pebbleA
$WorldTM 4 4
0.538600 -0.149900 -0.829100 0.000000
0.084970 0.988708 -0.123559 0.000000
0.838308 -0.003900 0.545287 0.000000
-5845.966797 435.398895 -4987.282227 1.000000
$LocalTM 4 4
0.538600 -0.149900 -0.829100 0.000000
0.084970 0.988708 -0.123559 0.000000
0.838308 -0.003900 0.545287 0.000000
-5845.966797 435.398895 -4987.282227 1.000000
#STATIC
@ParentName RootNode
@NodeName 37
@MeshName Outside_Pebble_0
@MaterialName Outside_Pebble_m_pebbleA
$WorldTM 4 4
-0.981500 0.123000 -0.146500 0.000000
0.116185 0.991701 0.054222 0.000000
0.151963 0.036200 -0.987706 0.000000
-5735.249512 445.229095 -4261.524414 1.000000
$LocalTM 4 4
-0.981500 0.123000 -0.146500 0.000000
0.116185 0.991701 0.054222 0.000000
0.151963 0.036200 -0.987706 0.000000
-5735.249512 445.229095 -4261.524414 1.000000
#STATIC
@ParentName RootNode
@NodeName 0.001
@MeshName Outside_Pebble_3
@MaterialName Outside_Pebble_m_pebbleB
$WorldTM 4 4
0.413200 -0.047200 0.282500 0.000000
0.011680 0.498206 0.066156 0.000000
-0.286110 -0.047801 0.410493 0.000000
-3004.527344 27.415501 -4228.800781 1.000000
$LocalTM 4 4
0.413200 -0.047200 0.282500 0.000000
0.011680 0.498206 0.066156 0.000000
-0.286110 -0.047801 0.410493 0.000000
-3004.527344 27.415501 -4228.800781 1.000000
#STATIC
@ParentName RootNode
@NodeName 1.001
@MeshName Outside_Pebble_3
@MaterialName Outside_Pebble_m_pebbleB
$WorldTM 4 4
-0.844800 -0.080300 0.529100 0.000000
0.045629 0.974299 0.220721 0.000000
-0.533207 0.210600 -0.819395 0.000000
-534.701599 114.863297 -7568.366211 1.000000
$LocalTM 4 4
-0.844800 -0.080300 0.529100 0.000000
0.045629 0.974299 0.220721 0.000000
-0.533207 0.210600 -0.819395 0.000000
-534.701599 114.863297 -7568.366211 1.000000
#STATIC
@ParentName RootNode
@NodeName 4
@MeshName Outside_Pebble_0
@MaterialName Outside_Pebble_m_pebbleA
$WorldTM 4 4
-0.307500 0.067900 -0.949100 0.000000
0.146793 0.988901 0.023188 0.000000
0.940208 -0.132200 -0.314077 0.000000
-237.656693 5.219700 -7238.342285 1.000000
$LocalTM 4 4
-0.307500 0.067900 -0.949100 0.000000
0.146793 0.988901 0.023188 0.000000
0.940208 -0.132200 -0.314077 0.000000
-237.656693 5.219700 -7238.342285 1.000000
#STATIC
@ParentName RootNode
@NodeName 2.001
@MeshName Outside_Pebble_3
@MaterialName Outside_Pebble_m_pebbleB
$WorldTM 4 4
0.620500 -0.339400 0.707000 0.000000
0.213053 0.940508 0.264510 0.000000
-0.754708 -0.013500 0.655890 0.000000
-5381.013672 221.481400 -1312.294434 1.000000
$LocalTM 4 4
0.620500 -0.339400 0.707000 0.000000
0.213053 0.940508 0.264510 0.000000
-0.754708 -0.013500 0.655890 0.000000
-5381.013672 221.481400 -1312.294434 1.000000
#STATIC
@ParentName RootNode
@NodeName 18.002
@MeshName Outside_Pebble_1
@MaterialName Outside_Pebble_m_pebbleA
$WorldTM 4 4
-1.073500 -0.032200 -0.284700 0.000000
0.017067 1.094903 -0.188189 0.000000
0.286014 -0.186200 -1.057396 0.000000
-2833.554688 558.463928 4805.125977 1.000000
$LocalTM 4 4
-1.073500 -0.032200 -0.284700 0.000000
0.017067 1.094903 -0.188189 0.000000
0.286014 -0.186200 -1.057396 0.000000
-2833.554688 558.463928 4805.125977 1.000000
#STATIC
@ParentName RootNode
@NodeName 3.001
@MeshName Outside_Pebble_3
@MaterialName Outside_Pebble_m_pebbleB
$WorldTM 4 4
0.950900 -0.307300 0.035900 0.000000
0.288109 0.921805 0.259272 0.000000
-0.112768 -0.236201 0.965092 0.000000
-5264.076172 208.498993 -1370.710938 1.000000
$LocalTM 4 4
0.950900 -0.307300 0.035900 0.000000
0.288109 0.921805 0.259272 0.000000
-0.112768 -0.236201 0.965092 0.000000
-5264.076172 208.498993 -1370.710938 1.000000
#STATIC
@ParentName RootNode
@NodeName 4.001
@MeshName Outside_Pebble_3
@MaterialName Outside_Pebble_m_pebbleB
$WorldTM 4 4
-0.652300 0.256700 -0.385500 0.000000
0.280788 0.748703 0.023434 0.000000
0.368312 -0.116201 -0.700593 0.000000
-5214.331055 294.748993 -2036.169800 1.000000
$LocalTM 4 4
-0.652300 0.256700 -0.385500 0.000000
0.280788 0.748703 0.023434 0.000000
0.368312 -0.116201 -0.700593 0.000000
-5214.331055 294.748993 -2036.169800 1.000000
#STATIC
@ParentName RootNode
@NodeName 5
@MeshName Outside_Pebble_3
@MaterialName Outside_Pebble_m_pebbleB
$WorldTM 4 4
-0.151900 0.058200 -0.577500 0.000000
0.051214 0.595999 0.046594 0.000000
0.578209 -0.037500 -0.155866 0.000000
-3026.986328 49.058601 -1606.064941 1.000000
$LocalTM 4 4
-0.151900 0.058200 -0.577500 0.000000
0.051214 0.595999 0.046594 0.000000
0.578209 -0.037500 -0.155866 0.000000
-3026.986328 49.058601 -1606.064941 1.000000
#STATIC
@ParentName RootNode
@NodeName 6
@MeshName Outside_Pebble_3
@MaterialName Outside_Pebble_m_pebbleB
$WorldTM 4 4
-0.566500 0.320000 0.465500 0.000000
0.263404 0.732885 -0.183254 0.000000
-0.499713 0.023500 -0.624290 0.000000
-5216.513184 264.625000 -2280.589355 1.000000
$LocalTM 4 4
-0.566500 0.320000 0.465500 0.000000
0.263404 0.732885 -0.183254 0.000000
-0.499713 0.023500 -0.624290 0.000000
-5216.513184 264.625000 -2280.589355 1.000000
#STATIC
@ParentName RootNode
@NodeName 12
@MeshName Outside_Pebble_0
@MaterialName Outside_Pebble_m_pebbleA
$WorldTM 4 4
0.546000 -0.050300 0.069800 0.000000
0.042803 0.547796 0.059937 0.000000
-0.074628 -0.053800 0.544996 0.000000
-2651.194824 229.629395 -6497.191406 1.000000
$LocalTM 4 4
0.546000 -0.050300 0.069800 0.000000
0.042803 0.547796 0.059937 0.000000
-0.074628 -0.053800 0.544996 0.000000
-2651.194824 229.629395 -6497.191406 1.000000
#STATIC
@ParentName RootNode
@NodeName 7
@MeshName Outside_Pebble_3
@MaterialName Outside_Pebble_m_pebbleB
$WorldTM 4 4
-0.444000 0.009000 0.697200 0.000000
0.145435 0.809515 0.082168 0.000000
-0.681895 0.166803 -0.436407 0.000000
-3203.651855 185.519897 -5024.360840 1.000000
$LocalTM 4 4
-0.444000 0.009000 0.697200 0.000000
0.145435 0.809515 0.082168 0.000000
-0.681895 0.166803 -0.436407 0.000000
-3203.651855 185.519897 -5024.360840 1.000000
#STATIC
@ParentName RootNode
@NodeName 8
@MeshName Outside_Pebble_3
@MaterialName Outside_Pebble_m_pebbleB
$WorldTM 4 4
0.510700 -0.016800 -0.129300 0.000000
0.032680 0.522503 0.061187 0.000000
0.126224 -0.067300 0.507294 0.000000
-2363.781250 188.027298 -6316.084473 1.000000
$LocalTM 4 4
0.510700 -0.016800 -0.129300 0.000000
0.032680 0.522503 0.061187 0.000000
0.126224 -0.067300 0.507294 0.000000
-2363.781250 188.027298 -6316.084473 1.000000
#STATIC
@ParentName RootNode
@NodeName 9
@MeshName Outside_Pebble_3
@MaterialName Outside_Pebble_m_pebbleB
$WorldTM 4 4
0.310700 0.361800 0.150200 0.000000
-0.281178 0.339438 -0.235997 0.000000
-0.272761 0.062189 0.414427 0.000000
-2806.344727 37.173801 -3224.244629 1.000000
$LocalTM 4 4
0.310700 0.361800 0.150200 0.000000
-0.281178 0.339438 -0.235997 0.000000
-0.272761 0.062189 0.414427 0.000000
-2806.344727 37.173801 -3224.244629 1.000000
#STATIC
@ParentName RootNode
@NodeName 10.001
@MeshName Outside_Pebble_3
@MaterialName Outside_Pebble_m_pebbleB
$WorldTM 4 4
0.636400 -0.059900 -0.769100 0.000000
0.046825 0.998099 -0.038990 0.000000
0.769992 -0.011200 0.638010 0.000000
-873.405701 17.622601 -6059.357422 1.000000
$LocalTM 4 4
0.636400 -0.059900 -0.769100 0.000000
0.046825 0.998099 -0.038990 0.000000
0.769992 -0.011200 0.638010 0.000000
-873.405701 17.622601 -6059.357422 1.000000
#STATIC
@ParentName RootNode
@NodeName 11.001
@MeshName Outside_Pebble_3
@MaterialName Outside_Pebble_m_pebbleB
$WorldTM 4 4
-0.747900 0.278200 -0.057200 0.000000
0.267414 0.744001 0.122063 0.000000
0.095650 0.095000 -0.788594 0.000000
-5569.916992 190.348099 -974.126404 1.000000
$LocalTM 4 4
-0.747900 0.278200 -0.057200 0.000000
0.267414 0.744001 0.122063 0.000000
0.095650 0.095000 -0.788594 0.000000
-5569.916992 190.348099 -974.126404 1.000000
#STATIC
@ParentName RootNode
@NodeName 19
@MeshName Outside_Pebble_0
@MaterialName Outside_Pebble_m_pebbleA
$WorldTM 4 4
0.916000 0.401300 0.003500 0.000000
-0.397199 0.907813 -0.134714 0.000000
-0.057235 0.122002 0.990903 0.000000
14.807100 37.838902 -5572.331055 1.000000
$LocalTM 4 4
0.916000 0.401300 0.003500 0.000000
-0.397199 0.907813 -0.134714 0.000000
-0.057235 0.122002 0.990903 0.000000
14.807100 37.838902 -5572.331055 1.000000
#STATIC
@ParentName RootNode
@NodeName 5.001
@MeshName Outside_Pebble_0
@MaterialName Outside_Pebble_m_pebbleA
$WorldTM 4 4
-0.646000 0.000000 0.763400 0.000000
0.000000 1.000000 0.000000 0.000000
-0.763400 0.000000 -0.646000 0.000000
6758.090820 424.218811 -3356.389648 1.000000
$LocalTM 4 4
-0.646000 0.000000 0.763400 0.000000
0.000000 1.000000 0.000000 0.000000
-0.763400 0.000000 -0.646000 0.000000
6758.090820 424.218811 -3356.389648 1.000000
#STATIC
@ParentName RootNode
@NodeName 12.001
@MeshName Outside_Pebble_3
@MaterialName Outside_Pebble_m_pebbleB
$WorldTM 4 4
-0.783000 0.089700 -0.137400 0.000000
0.110206 0.783793 -0.116341 0.000000
0.121573 -0.132799 -0.779504 0.000000
-2527.621094 44.960899 -3240.932617 1.000000
$LocalTM 4 4
-0.783000 0.089700 -0.137400 0.000000
0.110206 0.783793 -0.116341 0.000000
0.121573 -0.132799 -0.779504 0.000000
-2527.621094 44.960899 -3240.932617 1.000000
#STATIC
@ParentName RootNode
@NodeName 13.001
@MeshName Outside_Pebble_3
@MaterialName Outside_Pebble_m_pebbleB
$WorldTM 4 4
-0.780300 0.003000 0.176200 0.000000
-0.012416 0.796997 -0.068555 0.000000
-0.175791 -0.069600 -0.777302 0.000000
-4568.335449 51.993698 -673.114197 1.000000
$LocalTM 4 4
-0.780300 0.003000 0.176200 0.000000
-0.012416 0.796997 -0.068555 0.000000
-0.175791 -0.069600 -0.777302 0.000000
-4568.335449 51.993698 -673.114197 1.000000
#STATIC
@ParentName RootNode
@NodeName 14.001
@MeshName Outside_Pebble_3
@MaterialName Outside_Pebble_m_pebbleB
$WorldTM 4 4
0.217800 -0.052400 0.768000 0.000000
-0.049673 0.795505 0.068364 0.000000
-0.768191 -0.066300 0.213331 0.000000
-1401.329102 48.738300 -4533.219727 1.000000
$LocalTM 4 4
0.217800 -0.052400 0.768000 0.000000
-0.049673 0.795505 0.068364 0.000000
-0.768191 -0.066300 0.213331 0.000000
-1401.329102 48.738300 -4533.219727 1.000000
#STATIC
@ParentName RootNode
@NodeName 15.001
@MeshName Outside_Pebble_3
@MaterialName Outside_Pebble_m_pebbleB
$WorldTM 4 4
0.187900 0.062200 -0.501200 0.000000
0.012532 0.533990 0.070968 0.000000
0.504822 -0.036399 0.184741 0.000000
-3064.139160 29.175200 -4231.529297 1.000000
$LocalTM 4 4
0.187900 0.062200 -0.501200 0.000000
0.012532 0.533990 0.070968 0.000000
0.504822 -0.036399 0.184741 0.000000
-3064.139160 29.175200 -4231.529297 1.000000
#STATIC
@ParentName RootNode
@NodeName 13
@MeshName Outside_Pebble_0
@MaterialName Outside_Pebble_m_pebbleA
$WorldTM 4 4
0.107200 -0.005000 -0.538200 0.000000
0.004312 0.548800 -0.004240 0.000000
0.538213 -0.003400 0.107234 0.000000
-805.264404 122.046898 -3384.971191 1.000000
$LocalTM 4 4
0.107200 -0.005000 -0.538200 0.000000
0.004312 0.548800 -0.004240 0.000000
0.538213 -0.003400 0.107234 0.000000
-805.264404 122.046898 -3384.971191 1.000000
#STATIC
@ParentName RootNode
@NodeName 16.001
@MeshName Outside_Pebble_3
@MaterialName Outside_Pebble_m_pebbleB
$WorldTM 4 4
0.651900 0.026000 -0.463000 0.000000
0.012464 0.797498 0.062332 0.000000
0.463525 -0.058000 0.649382 0.000000
-1561.615234 30.351101 -4295.769531 1.000000
$LocalTM 4 4
0.651900 0.026000 -0.463000 0.000000
0.012464 0.797498 0.062332 0.000000
0.463525 -0.058000 0.649382 0.000000
-1561.615234 30.351101 -4295.769531 1.000000
#STATIC
@ParentName RootNode
@NodeName 17.001
@MeshName Outside_Pebble_3
@MaterialName Outside_Pebble_m_pebbleB
$WorldTM 4 4
-0.607200 0.117400 -0.388500 0.000000
0.106954 0.720712 0.050628 0.000000
0.391472 -0.014800 -0.616318 0.000000
-3083.502930 184.525406 -5254.978516 1.000000
$LocalTM 4 4
-0.607200 0.117400 -0.388500 0.000000
0.106954 0.720712 0.050628 0.000000
0.391472 -0.014800 -0.616318 0.000000
-3083.502930 184.525406 -5254.978516 1.000000
#STATIC
@ParentName RootNode
@NodeName 18.001
@MeshName Outside_Pebble_3
@MaterialName Outside_Pebble_m_pebbleB
$WorldTM 4 4
0.003400 0.062600 -0.505200 0.000000
0.077975 0.499108 0.062370 0.000000
0.502999 -0.077801 -0.006255 0.000000
-4990.505371 313.247314 -4240.354980 1.000000
$LocalTM 4 4
0.003400 0.062600 -0.505200 0.000000
0.077975 0.499108 0.062370 0.000000
0.502999 -0.077801 -0.006255 0.000000
-4990.505371 313.247314 -4240.354980 1.000000
#STATIC
@ParentName RootNode
@NodeName 19.001
@MeshName Outside_Pebble_3
@MaterialName Outside_Pebble_m_pebbleB
$WorldTM 4 4
-0.956400 0.142000 -0.255200 0.000000
0.115612 0.986494 0.115637 0.000000
0.268202 0.081100 -0.960000 0.000000
-4823.326660 283.637604 -4175.053711 1.000000
$LocalTM 4 4
-0.956400 0.142000 -0.255200 0.000000
0.115612 0.986494 0.115637 0.000000
0.268202 0.081100 -0.960000 0.000000
-4823.326660 283.637604 -4175.053711 1.000000
#STATIC
@ParentName RootNode
@NodeName 19.002
@MeshName Outside_Pebble_1
@MaterialName Outside_Pebble_m_pebbleA
$WorldTM 4 4
-0.401300 -0.007200 -0.298200 0.000000
-0.034920 0.497507 0.034981 0.000000
0.296205 0.048901 -0.399796 0.000000
-6039.884766 630.921875 7018.301270 1.000000
$LocalTM 4 4
-0.401300 -0.007200 -0.298200 0.000000
-0.034920 0.497507 0.034981 0.000000
0.296205 0.048901 -0.399796 0.000000
-6039.884766 630.921875 7018.301270 1.000000
#STATIC
@ParentName RootNode
@NodeName 20.001
@MeshName Outside_Pebble_3
@MaterialName Outside_Pebble_m_pebbleB
$WorldTM 4 4
0.077600 -0.037200 0.475700 0.000000
0.000049 0.481902 0.037677 0.000000
-0.477106 -0.006000 0.077360 0.000000
-3025.503418 5.272900 -4027.492188 1.000000
$LocalTM 4 4
0.077600 -0.037200 0.475700 0.000000
0.000049 0.481902 0.037677 0.000000
-0.477106 -0.006000 0.077360 0.000000
-3025.503418 5.272900 -4027.492188 1.000000
#STATIC
@ParentName RootNode
@NodeName 21.001
@MeshName Outside_Pebble_3
@MaterialName Outside_Pebble_m_pebbleB
$WorldTM 4 4
0.187900 0.062200 -0.501200 0.000000
0.012532 0.533990 0.070968 0.000000
0.504822 -0.036399 0.184741 0.000000
-3064.139160 29.175200 -4231.529297 1.000000
$LocalTM 4 4
0.187900 0.062200 -0.501200 0.000000
0.012532 0.533990 0.070968 0.000000
0.504822 -0.036399 0.184741 0.000000
-3064.139160 29.175200 -4231.529297 1.000000
#STATIC
@ParentName RootNode
@NodeName 6.001
@MeshName Outside_Pebble_0
@MaterialName Outside_Pebble_m_pebbleA
$WorldTM 4 4
0.974500 -0.150800 0.166400 0.000000
0.105130 0.961093 0.255313 0.000000
-0.198418 -0.231298 0.952397 0.000000
-431.713409 76.140099 -7443.351562 1.000000
$LocalTM 4 4
0.974500 -0.150800 0.166400 0.000000
0.105130 0.961093 0.255313 0.000000
-0.198418 -0.231298 0.952397 0.000000
-431.713409 76.140099 -7443.351562 1.000000
#STATIC
@ParentName RootNode
@NodeName 22.001
@MeshName Outside_Pebble_3
@MaterialName Outside_Pebble_m_pebbleB
$WorldTM 4 4
-0.663100 0.079500 -0.037600 0.000000
0.077806 0.663697 0.031143 0.000000
0.041010 0.026500 -0.667199 0.000000
-1176.809937 36.610802 -6700.686523 1.000000
$LocalTM 4 4
-0.663100 0.079500 -0.037600 0.000000
0.077806 0.663697 0.031143 0.000000
0.041010 0.026500 -0.667199 0.000000
-1176.809937 36.610802 -6700.686523 1.000000
#STATIC
@ParentName RootNode
@NodeName 23.001
@MeshName Outside_Pebble_3
@MaterialName Outside_Pebble_m_pebbleB
$WorldTM 4 4
0.381200 -0.081200 0.242000 0.000000
0.067023 0.451495 0.045918 0.000000
-0.246330 -0.002800 0.387081 0.000000
-4177.522949 21.830099 -2914.105957 1.000000
$LocalTM 4 4
0.381200 -0.081200 0.242000 0.000000
0.067023 0.451495 0.045918 0.000000
-0.246330 -0.002800 0.387081 0.000000
-4177.522949 21.830099 -2914.105957 1.000000
#STATIC
@ParentName RootNode
@NodeName 24.001
@MeshName Outside_Pebble_3
@MaterialName Outside_Pebble_m_pebbleB
$WorldTM 4 4
0.571500 -0.092000 0.055000 0.000000
0.094047 0.573508 -0.017910 0.000000
-0.051417 0.026500 0.578598 0.000000
-2360.187988 135.690399 -2609.223633 1.000000
$LocalTM 4 4
0.571500 -0.092000 0.055000 0.000000
0.094047 0.573508 -0.017910 0.000000
-0.051417 0.026500 0.578598 0.000000
-2360.187988 135.690399 -2609.223633 1.000000
#STATIC
@ParentName RootNode
@NodeName 14
@MeshName Outside_Pebble_0
@MaterialName Outside_Pebble_m_pebbleA
$WorldTM 4 4
-0.033900 0.004500 -0.865300 0.000000
0.113980 0.858403 -0.000001 0.000000
0.857800 -0.113900 -0.034199 0.000000
-1847.940430 155.069305 -6436.984863 1.000000
$LocalTM 4 4
-0.033900 0.004500 -0.865300 0.000000
0.113980 0.858403 -0.000001 0.000000
0.857800 -0.113900 -0.034199 0.000000
-1847.940430 155.069305 -6436.984863 1.000000
#STATIC
@ParentName RootNode
@NodeName 25.001
@MeshName Outside_Pebble_3
@MaterialName Outside_Pebble_m_pebbleB
$WorldTM 4 4
0.605400 -0.015700 -0.795800 0.000000
0.015633 0.999799 -0.007832 0.000000
0.795775 -0.007700 0.605533 0.000000
-237.072998 -0.975600 -7002.902832 1.000000
$LocalTM 4 4
0.605400 -0.015700 -0.795800 0.000000
0.015633 0.999799 -0.007832 0.000000
0.795775 -0.007700 0.605533 0.000000
-237.072998 -0.975600 -7002.902832 1.000000
#STATIC
@ParentName RootNode
@NodeName 26.001
@MeshName Outside_Pebble_3
@MaterialName Outside_Pebble_m_pebbleB
$WorldTM 4 4
-0.844800 -0.080300 0.529100 0.000000
0.045629 0.974299 0.220721 0.000000
-0.533207 0.210600 -0.819395 0.000000
-534.701599 114.863297 -7568.366211 1.000000
$LocalTM 4 4
-0.844800 -0.080300 0.529100 0.000000
0.045629 0.974299 0.220721 0.000000
-0.533207 0.210600 -0.819395 0.000000
-534.701599 114.863297 -7568.366211 1.000000
#STATIC
@ParentName RootNode
@NodeName 27.001
@MeshName Outside_Pebble_3
@MaterialName Outside_Pebble_m_pebbleB
$WorldTM 4 4
0.413200 -0.047200 0.282500 0.000000
0.011680 0.498206 0.066156 0.000000
-0.286110 -0.047801 0.410493 0.000000
-3004.527344 27.415501 -4228.800781 1.000000
$LocalTM 4 4
0.413200 -0.047200 0.282500 0.000000
0.011680 0.498206 0.066156 0.000000
-0.286110 -0.047801 0.410493 0.000000
-3004.527344 27.415501 -4228.800781 1.000000
#STATIC
@ParentName RootNode
@NodeName 2.002
@MeshName Outside_Pebble_1
@MaterialName Outside_Pebble_m_pebbleA
$WorldTM 4 4
0.782700 0.000000 -0.226800 0.000000
0.000000 0.814900 0.000000 0.000000
0.226800 0.000000 0.782700 0.000000
-6524.361328 610.934570 6792.457520 1.000000
$LocalTM 4 4
0.782700 0.000000 -0.226800 0.000000
0.000000 0.814900 0.000000 0.000000
0.226800 0.000000 0.782700 0.000000
-6524.361328 610.934570 6792.457520 1.000000
#STATIC
@ParentName RootNode
@NodeName 28.001
@MeshName Outside_Pebble_3
@MaterialName Outside_Pebble_m_pebbleB
$WorldTM 4 4
0.321800 0.003600 -0.284800 0.000000
-0.065537 0.419202 -0.068752 0.000000
0.277194 0.094900 0.314405 0.000000
-3589.285889 38.910599 -2018.759155 1.000000
$LocalTM 4 4
0.321800 0.003600 -0.284800 0.000000
-0.065537 0.419202 -0.068752 0.000000
0.277194 0.094900 0.314405 0.000000
-3589.285889 38.910599 -2018.759155 1.000000
#STATIC
@ParentName RootNode
@NodeName 29.001
@MeshName Outside_Pebble_3
@MaterialName Outside_Pebble_m_pebbleB
$WorldTM 4 4
-0.253000 -0.084400 -0.332800 0.000000
-0.062011 0.417796 -0.058814 0.000000
0.337676 0.013500 -0.260131 0.000000
-3731.407959 31.456499 -1902.170044 1.000000
$LocalTM 4 4
-0.253000 -0.084400 -0.332800 0.000000
-0.062011 0.417796 -0.058814 0.000000
0.337676 0.013500 -0.260131 0.000000
-3731.407959 31.456499 -1902.170044 1.000000
#STATIC
@ParentName RootNode
@NodeName 30.001
@MeshName Outside_Pebble_3
@MaterialName Outside_Pebble_m_pebbleB
$WorldTM 4 4
-0.166200 0.023700 0.373300 0.000000
0.050769 0.406204 -0.003186 0.000000
-0.370579 0.045000 -0.167846 0.000000
-2602.590332 62.120098 -2222.024414 1.000000
$LocalTM 4 4
-0.166200 0.023700 0.373300 0.000000
0.050769 0.406204 -0.003186 0.000000
-0.370579 0.045000 -0.167846 0.000000
-2602.590332 62.120098 -2222.024414 1.000000
#STATIC
@ParentName RootNode
@NodeName 31.001
@MeshName Outside_Pebble_3
@MaterialName Outside_Pebble_m_pebbleB
$WorldTM 4 4
-0.254300 -0.018600 0.339400 0.000000
0.013151 0.423007 0.033035 0.000000
-0.339605 0.030300 -0.252793 0.000000
-3033.119629 70.157204 -1883.961548 1.000000
$LocalTM 4 4
-0.254300 -0.018600 0.339400 0.000000
0.013151 0.423007 0.033035 0.000000
-0.339605 0.030300 -0.252793 0.000000
-3033.119629 70.157204 -1883.961548 1.000000
#STATIC
@ParentName RootNode
@NodeName 7.001
@MeshName Outside_Pebble_0
@MaterialName Outside_Pebble_m_pebbleA
$WorldTM 4 4
0.992000 0.054200 0.114100 0.000000
-0.054552 0.998503 -0.000025 0.000000
-0.113935 -0.006200 0.993508 0.000000
3551.783691 37.098598 -1723.471313 1.000000
$LocalTM 4 4
0.992000 0.054200 0.114100 0.000000
-0.054552 0.998503 -0.000025 0.000000
-0.113935 -0.006200 0.993508 0.000000
3551.783691 37.098598 -1723.471313 1.000000
#STATIC
@ParentName RootNode
@NodeName 32.001
@MeshName Outside_Pebble_3
@MaterialName Outside_Pebble_m_pebbleB
$WorldTM 4 4
0.605400 -0.015700 -0.795800 0.000000
0.015633 0.999799 -0.007832 0.000000
0.795775 -0.007700 0.605533 0.000000
-237.072998 -0.975600 -7002.902832 1.000000
$LocalTM 4 4
0.605400 -0.015700 -0.795800 0.000000
0.015633 0.999799 -0.007832 0.000000
0.795775 -0.007700 0.605533 0.000000
-237.072998 -0.975600 -7002.902832 1.000000
#STATIC
@ParentName RootNode
@NodeName 33.001
@MeshName Outside_Pebble_3
@MaterialName Outside_Pebble_m_pebbleB
$WorldTM 4 4
0.475600 -0.055300 0.060700 0.000000
0.056213 0.479298 -0.003786 0.000000
-0.059841 0.010800 0.478707 0.000000
-2986.531494 68.625504 -1943.905640 1.000000
$LocalTM 4 4
0.475600 -0.055300 0.060700 0.000000
0.056213 0.479298 -0.003786 0.000000
-0.059841 0.010800 0.478707 0.000000
-2986.531494 68.625504 -1943.905640 1.000000
#STATIC
@ParentName RootNode
@NodeName 15
@MeshName Outside_Pebble_0
@MaterialName Outside_Pebble_m_pebbleA
$WorldTM 4 4
-0.227700 -0.005500 0.451100 0.000000
-0.066277 0.500200 -0.027356 0.000000
-0.446280 -0.071500 -0.226139 0.000000
-959.153198 116.925301 -7827.747070 1.000000
$LocalTM 4 4
-0.227700 -0.005500 0.451100 0.000000
-0.066277 0.500200 -0.027356 0.000000
-0.446280 -0.071500 -0.226139 0.000000
-959.153198 116.925301 -7827.747070 1.000000
#STATIC
@ParentName RootNode
@NodeName 34.001
@MeshName Outside_Pebble_3
@MaterialName Outside_Pebble_m_pebbleB
$WorldTM 4 4
-0.393000 0.013200 -0.271000 0.000000
0.018586 0.477200 -0.003710 0.000000
0.270687 -0.013600 -0.393209 0.000000
-2935.683105 58.832500 -1857.902710 1.000000
$LocalTM 4 4
-0.393000 0.013200 -0.271000 0.000000
0.018586 0.477200 -0.003710 0.000000
0.270687 -0.013600 -0.393209 0.000000
-2935.683105 58.832500 -1857.902710 1.000000
#STATIC
@ParentName RootNode
@NodeName 35.001
@MeshName Outside_Pebble_3
@MaterialName Outside_Pebble_m_pebbleB
$WorldTM 4 4
0.620500 -0.339400 0.707000 0.000000
0.213053 0.940508 0.264510 0.000000
-0.754708 -0.013500 0.655890 0.000000
-5381.013672 221.481400 -1312.294434 1.000000
$LocalTM 4 4
0.620500 -0.339400 0.707000 0.000000
0.213053 0.940508 0.264510 0.000000
-0.754708 -0.013500 0.655890 0.000000
-5381.013672 221.481400 -1312.294434 1.000000
#STATIC
@ParentName RootNode
@NodeName 20.002
@MeshName Outside_Pebble_1
@MaterialName Outside_Pebble_m_pebbleA
$WorldTM 4 4
-0.205700 -0.033500 0.454500 0.000000
-0.046562 0.497603 0.015604 0.000000
-0.453299 -0.035900 -0.207802 0.000000
-5722.278809 622.566406 7229.965820 1.000000
$LocalTM 4 4
-0.205700 -0.033500 0.454500 0.000000
-0.046562 0.497603 0.015604 0.000000
-0.453299 -0.035900 -0.207802 0.000000
-5722.278809 622.566406 7229.965820 1.000000
#STATIC
@ParentName RootNode
@NodeName 36.001
@MeshName Outside_Pebble_3
@MaterialName Outside_Pebble_m_pebbleB
$WorldTM 4 4
0.950900 -0.307300 0.035900 0.000000
0.288109 0.921805 0.259272 0.000000
-0.112768 -0.236201 0.965092 0.000000
-5264.076172 208.498993 -1370.710938 1.000000
$LocalTM 4 4
0.950900 -0.307300 0.035900 0.000000
0.288109 0.921805 0.259272 0.000000
-0.112768 -0.236201 0.965092 0.000000
-5264.076172 208.498993 -1370.710938 1.000000
#STATIC
@ParentName RootNode
@NodeName 37.001
@MeshName Outside_Pebble_3
@MaterialName Outside_Pebble_m_pebbleB
$WorldTM 4 4
-0.652300 0.256700 -0.385500 0.000000
0.280788 0.748703 0.023434 0.000000
0.368312 -0.116201 -0.700593 0.000000
-5214.331055 294.748993 -2036.169800 1.000000
$LocalTM 4 4
-0.652300 0.256700 -0.385500 0.000000
0.280788 0.748703 0.023434 0.000000
0.368312 -0.116201 -0.700593 0.000000
-5214.331055 294.748993 -2036.169800 1.000000
#STATIC
@ParentName RootNode
@NodeName 38
@MeshName Outside_Pebble_3
@MaterialName Outside_Pebble_m_pebbleB
$WorldTM 4 4
-0.566500 0.320000 0.465500 0.000000
0.263404 0.732885 -0.183254 0.000000
-0.499713 0.023500 -0.624290 0.000000
-5216.513184 264.625000 -2280.589355 1.000000
$LocalTM 4 4
-0.566500 0.320000 0.465500 0.000000
0.263404 0.732885 -0.183254 0.000000
-0.499713 0.023500 -0.624290 0.000000
-5216.513184 264.625000 -2280.589355 1.000000
#STATIC
@ParentName RootNode
@NodeName 39
@MeshName Outside_Pebble_3
@MaterialName Outside_Pebble_m_pebbleB
$WorldTM 4 4
-0.747900 0.278200 -0.057200 0.000000
0.267414 0.744001 0.122063 0.000000
0.095650 0.095000 -0.788594 0.000000
-5569.916992 190.348099 -974.126404 1.000000
$LocalTM 4 4
-0.747900 0.278200 -0.057200 0.000000
0.267414 0.744001 0.122063 0.000000
0.095650 0.095000 -0.788594 0.000000
-5569.916992 190.348099 -974.126404 1.000000
#STATIC
@ParentName RootNode
@NodeName 40
@MeshName Outside_Pebble_3
@MaterialName Outside_Pebble_m_pebbleB
$WorldTM 4 4
-0.780300 0.003000 0.176200 0.000000
-0.012416 0.796997 -0.068555 0.000000
-0.175791 -0.069600 -0.777302 0.000000
-4568.335449 51.993698 -673.114197 1.000000
$LocalTM 4 4
-0.780300 0.003000 0.176200 0.000000
-0.012416 0.796997 -0.068555 0.000000
-0.175791 -0.069600 -0.777302 0.000000
-4568.335449 51.993698 -673.114197 1.000000
#STATIC
@ParentName RootNode
@NodeName 41
@MeshName Outside_Pebble_3
@MaterialName Outside_Pebble_m_pebbleB
$WorldTM 4 4
0.381200 -0.081200 0.242000 0.000000
0.067023 0.451495 0.045918 0.000000
-0.246330 -0.002800 0.387081 0.000000
-4177.522949 21.830099 -2914.105957 1.000000
$LocalTM 4 4
0.381200 -0.081200 0.242000 0.000000
0.067023 0.451495 0.045918 0.000000
-0.246330 -0.002800 0.387081 0.000000
-4177.522949 21.830099 -2914.105957 1.000000
#STATIC
@ParentName RootNode
@NodeName 8.001
@MeshName Outside_Pebble_0
@MaterialName Outside_Pebble_m_pebbleA
$WorldTM 4 4
0.382500 -0.043000 -0.306200 0.000000
0.090262 0.481402 0.045150 0.000000
0.295736 -0.091300 0.382250 0.000000
-3321.050293 220.205795 -5161.106934 1.000000
$LocalTM 4 4
0.382500 -0.043000 -0.306200 0.000000
0.090262 0.481402 0.045150 0.000000
0.295736 -0.091300 0.382250 0.000000
-3321.050293 220.205795 -5161.106934 1.000000
#STATIC
@ParentName RootNode
@NodeName 42
@MeshName Outside_Pebble_3
@MaterialName Outside_Pebble_m_pebbleB
$WorldTM 4 4
0.321800 0.003600 -0.284800 0.000000
-0.065537 0.419202 -0.068752 0.000000
0.277194 0.094900 0.314405 0.000000
-3589.285889 38.910599 -2018.759155 1.000000
$LocalTM 4 4
0.321800 0.003600 -0.284800 0.000000
-0.065537 0.419202 -0.068752 0.000000
0.277194 0.094900 0.314405 0.000000
-3589.285889 38.910599 -2018.759155 1.000000
#STATIC
@ParentName RootNode
@NodeName 16
@MeshName Outside_Pebble_0
@MaterialName Outside_Pebble_m_pebbleA
$WorldTM 4 4
0.974500 -0.150800 0.166400 0.000000
0.105130 0.961093 0.255313 0.000000
-0.198418 -0.231298 0.952397 0.000000
-431.713409 76.140099 -7443.351562 1.000000
$LocalTM 4 4
0.974500 -0.150800 0.166400 0.000000
0.105130 0.961093 0.255313 0.000000
-0.198418 -0.231298 0.952397 0.000000
-431.713409 76.140099 -7443.351562 1.000000
#STATIC
@ParentName RootNode
@NodeName 43
@MeshName Outside_Pebble_3
@MaterialName Outside_Pebble_m_pebbleB
$WorldTM 4 4
-0.253000 -0.084400 -0.332800 0.000000
-0.062011 0.417796 -0.058814 0.000000
0.337676 0.013500 -0.260131 0.000000
-3731.407959 31.456499 -1902.170044 1.000000
$LocalTM 4 4
-0.253000 -0.084400 -0.332800 0.000000
-0.062011 0.417796 -0.058814 0.000000
0.337676 0.013500 -0.260131 0.000000
-3731.407959 31.456499 -1902.170044 1.000000
#STATIC
@ParentName RootNode
@NodeName 21.002
@MeshName Outside_Pebble_1
@MaterialName Outside_Pebble_m_pebbleA
$WorldTM 4 4
0.373200 0.081400 0.322700 0.000000
-0.080824 0.492499 -0.030759 0.000000
-0.322809 -0.029200 0.380692 0.000000
-5785.711426 625.002930 7155.328613 1.000000
$LocalTM 4 4
0.373200 0.081400 0.322700 0.000000
-0.080824 0.492499 -0.030759 0.000000
-0.322809 -0.029200 0.380692 0.000000
-5785.711426 625.002930 7155.328613 1.000000
#STATIC
@ParentName RootNode
@NodeName 44
@MeshName Outside_Pebble_3
@MaterialName Outside_Pebble_m_pebbleB
$WorldTM 4 4
-0.151900 0.058200 -0.577500 0.000000
0.051214 0.595999 0.046594 0.000000
0.578209 -0.037500 -0.155866 0.000000
-3026.986328 49.058601 -1606.064941 1.000000
$LocalTM 4 4
-0.151900 0.058200 -0.577500 0.000000
0.051214 0.595999 0.046594 0.000000
0.578209 -0.037500 -0.155866 0.000000
-3026.986328 49.058601 -1606.064941 1.000000
#STATIC
@ParentName RootNode
@NodeName 45
@MeshName Outside_Pebble_3
@MaterialName Outside_Pebble_m_pebbleB
$WorldTM 4 4
0.077600 -0.037200 0.475700 0.000000
0.000049 0.481902 0.037677 0.000000
-0.477106 -0.006000 0.077360 0.000000
-3025.503418 5.272900 -4027.492188 1.000000
$LocalTM 4 4
0.077600 -0.037200 0.475700 0.000000
0.000049 0.481902 0.037677 0.000000
-0.477106 -0.006000 0.077360 0.000000
-3025.503418 5.272900 -4027.492188 1.000000
#STATIC
@ParentName RootNode
@NodeName 46
@MeshName Outside_Pebble_3
@MaterialName Outside_Pebble_m_pebbleB
$WorldTM 4 4
0.571500 -0.092000 0.055000 0.000000
0.094047 0.573508 -0.017910 0.000000
-0.051417 0.026500 0.578598 0.000000
-2360.187988 135.690399 -2609.223633 1.000000
$LocalTM 4 4
0.571500 -0.092000 0.055000 0.000000
0.094047 0.573508 -0.017910 0.000000
-0.051417 0.026500 0.578598 0.000000
-2360.187988 135.690399 -2609.223633 1.000000
#STATIC
@ParentName RootNode
@NodeName 47
@MeshName Outside_Pebble_3
@MaterialName Outside_Pebble_m_pebbleB
$WorldTM 4 4
-0.166200 0.023700 0.373300 0.000000
0.050769 0.406204 -0.003186 0.000000
-0.370579 0.045000 -0.167846 0.000000
-2602.590332 62.120098 -2222.024414 1.000000
$LocalTM 4 4
-0.166200 0.023700 0.373300 0.000000
0.050769 0.406204 -0.003186 0.000000
-0.370579 0.045000 -0.167846 0.000000
-2602.590332 62.120098 -2222.024414 1.000000
#STATIC
@ParentName RootNode
@NodeName 48
@MeshName Outside_Pebble_3
@MaterialName Outside_Pebble_m_pebbleB
$WorldTM 4 4
-0.254300 -0.018600 0.339400 0.000000
0.013151 0.423007 0.033035 0.000000
-0.339605 0.030300 -0.252793 0.000000
-3033.119629 70.157204 -1883.961548 1.000000
$LocalTM 4 4
-0.254300 -0.018600 0.339400 0.000000
0.013151 0.423007 0.033035 0.000000
-0.339605 0.030300 -0.252793 0.000000
-3033.119629 70.157204 -1883.961548 1.000000
#STATIC
@ParentName RootNode
@NodeName 49
@MeshName Outside_Pebble_3
@MaterialName Outside_Pebble_m_pebbleB
$WorldTM 4 4
-0.663100 0.079500 -0.037600 0.000000
0.077806 0.663697 0.031143 0.000000
0.041010 0.026500 -0.667199 0.000000
-1176.809937 36.610802 -6700.686523 1.000000
$LocalTM 4 4
-0.663100 0.079500 -0.037600 0.000000
0.077806 0.663697 0.031143 0.000000
0.041010 0.026500 -0.667199 0.000000
-1176.809937 36.610802 -6700.686523 1.000000
#STATIC
@ParentName RootNode
@NodeName 50
@MeshName Outside_Pebble_3
@MaterialName Outside_Pebble_m_pebbleB
$WorldTM 4 4
0.475600 -0.055300 0.060700 0.000000
0.056213 0.479298 -0.003786 0.000000
-0.059841 0.010800 0.478707 0.000000
-2986.531494 68.625504 -1943.905640 1.000000
$LocalTM 4 4
0.475600 -0.055300 0.060700 0.000000
0.056213 0.479298 -0.003786 0.000000
-0.059841 0.010800 0.478707 0.000000
-2986.531494 68.625504 -1943.905640 1.000000
#STATIC
@ParentName RootNode
@NodeName 51
@MeshName Outside_Pebble_3
@MaterialName Outside_Pebble_m_pebbleB
$WorldTM 4 4
-0.393000 0.013200 -0.271000 0.000000
0.018586 0.477200 -0.003710 0.000000
0.270687 -0.013600 -0.393209 0.000000
-2935.683105 58.832500 -1857.902710 1.000000
$LocalTM 4 4
-0.393000 0.013200 -0.271000 0.000000
0.018586 0.477200 -0.003710 0.000000
0.270687 -0.013600 -0.393209 0.000000
-2935.683105 58.832500 -1857.902710 1.000000
#STATIC
@ParentName RootNode
@NodeName 9.001
@MeshName Outside_Pebble_0
@MaterialName Outside_Pebble_m_pebbleA
$WorldTM 4 4
-0.302000 -0.072000 -0.252200 0.000000
-0.055335 0.393498 -0.046078 0.000000
0.256372 0.000100 -0.307024 0.000000
-1683.780273 112.908203 -3180.256836 1.000000
$LocalTM 4 4
-0.302000 -0.072000 -0.252200 0.000000
-0.055335 0.393498 -0.046078 0.000000
