#BONE
@ParentName RootNode
@NodeName mixamorig:Hips
@BoneIndex 0
@TopNode YES
$WorldTM 4 4
1.000000 0.000000 0.000000 0.000000
0.000000 1.000000 0.000000 0.000000
0.000000 0.000000 1.000000 0.000000
0.000387 0.359949 0.009431 1.000000
$LocalTM 4 4
1.000000 0.000000 0.000000 0.000000
0.000000 1.000000 0.000000 0.000000
0.000000 0.000000 1.000000 0.000000
0.000387 0.359949 0.009431 1.000000
#BONE
@ParentName mixamorig:Hips
@NodeName mixamorig:Spine
@BoneIndex 1
@TopNode NO
$WorldTM 4 4
1.000000 0.000000 0.000000 0.000000
0.000000 0.985398 0.170267 0.000000
0.000000 -0.170267 0.985398 0.000000
0.000387 0.350958 0.061465 1.000000
$LocalTM 4 4
1.000000 0.000000 0.000000 0.000000
0.000000 0.985398 0.170267 0.000000
0.000000 -0.170267 0.985398 0.000000
0.000000 -0.008991 0.052034 1.000000
#BONE
@ParentName mixamorig:Spine
@NodeName mixamorig:Spine1
@BoneIndex 2
@TopNode NO
$WorldTM 4 4
1.000000 0.000000 0.000000 0.000000
0.000000 0.985398 0.170267 0.000000
0.000000 -0.170267 0.985398 0.000000
0.000387 0.340469 0.122172 1.000000
$LocalTM 4 4
1.000000 0.000000 0.000000 0.000000
0.000000 1.000000 -0.000000 0.000000
0.000000 0.000000 1.000000 0.000000
0.000000 -0.000000 0.061606 1.000000
#BONE
@ParentName mixamorig:Spine1
@NodeName mixamorig:Spine2
@BoneIndex 3
@TopNode NO
$WorldTM 4 4
1.000000 0.000000 0.000000 0.000000
0.000000 0.985398 0.170267 0.000000
0.000000 -0.170267 0.985398 0.000000
0.000387 0.328481 0.191551 1.000000
$LocalTM 4 4
1.000000 0.000000 0.000000 0.000000
0.000000 1.000000 0.000000 0.000000
0.000000 -0.000000 1.000000 0.000000
0.000000 -0.000000 0.070407 1.000000
#BONE
@ParentName mixamorig:Spine2
@NodeName mixamorig:Neck
@BoneIndex 4
@TopNode NO
$WorldTM 4 4
1.000000 0.000000 0.000000 0.000000
0.000000 1.000000 0.000000 0.000000
0.000000 -0.000000 1.000000 0.000000
0.000387 0.314994 0.269602 1.000000
$LocalTM 4 4
1.000000 0.000000 0.000000 0.000000
0.000000 0.985398 -0.170267 0.000000
0.000000 0.170267 0.985398 0.000000
0.000000 -0.000000 0.079208 1.000000
#BONE
@ParentName mixamorig:Neck
@NodeName mixamorig:Head
@BoneIndex 5
@TopNode NO
$WorldTM 4 4
1.000000 0.000000 0.000000 0.000000
0.000000 1.000000 0.000000 0.000000
0.000000 -0.000000 1.000000 0.000000
0.000387 0.323287 0.304088 1.000000
$LocalTM 4 4
1.000000 0.000000 0.000000 0.000000
0.000000 1.000000 0.000000 0.000000
0.000000 0.000000 1.000000 0.000000
0.000000 0.008292 0.034486 1.000000
#BONE
@ParentName mixamorig:Head
@NodeName mixamorig:HeadTop_End
@BoneIndex 6
@TopNode NO
$WorldTM 4 4
1.000000 0.000000 0.000000 0.000000
0.000000 1.000000 0.000000 0.000000
0.000000 -0.000000 1.000000 0.000000
0.000387 0.350772 0.418392 1.000000
$LocalTM 4 4
1.000000 0.000000 0.000000 0.000000
0.000000 1.000000 0.000000 0.000000
0.000000 0.000000 1.000000 0.000000
0.000000 0.027485 0.114304 1.000000
#BONE
@ParentName mixamorig:Spine2
@NodeName mixamorig:LeftShoulder
@BoneIndex 7
@TopNode NO
$WorldTM 4 4
-0.041012 -0.984152 -0.172520 0.000000
-0.224204 0.177326 -0.958273 0.000000
0.973679 -0.000621 -0.227923 0.000000
0.035115 0.314972 0.260360 1.000000
$LocalTM 4 4
-0.041012 -0.999156 -0.002432 0.000000
-0.224204 0.011575 -0.974474 0.000000
0.973679 -0.039420 -0.224489 0.000000
0.034728 -0.001596 0.070104 1.000000
#BONE
@ParentName mixamorig:LeftShoulder
@NodeName mixamorig:LeftArm
@BoneIndex 8
@TopNode NO
$WorldTM 4 4
-0.055536 -0.984033 -0.169099 0.000000
-0.512006 0.173465 -0.841285 0.000000
0.857185 0.039858 -0.513464 0.000000
0.106502 0.314926 0.243649 1.000000
$LocalTM 4 4
0.999889 0.000000 -0.014922 0.000000
-0.004580 0.951734 -0.306889 0.000000
0.014201 0.306923 0.951628 0.000000
-0.000000 -0.000000 0.073316 1.000000
#BONE
@ParentName mixamorig:LeftArm
@NodeName mixamorig:LeftForeArm
@BoneIndex 9
@TopNode NO
$WorldTM 4 4
0.177576 -0.936866 -0.301246 0.000000
-0.243209 0.254837 -0.935899 0.000000
0.953581 0.239459 -0.182601 0.000000
0.222856 0.320336 0.173952 1.000000
$LocalTM 4 4
0.962986 0.000000 0.269552 0.000000
-0.079001 0.956087 0.282233 0.000000
-0.257716 -0.293082 0.920699 0.000000
-0.000000 0.000000 0.135740 1.000000
#BONE
@ParentName mixamorig:LeftForeArm
@NodeName mixamorig:LeftHand
@BoneIndex 10
@TopNode NO
$WorldTM 4 4
0.476194 -0.809223 -0.344090 0.000000
-0.176525 0.295368 -0.938934 0.000000
0.861440 0.507855 -0.002196 0.000000
0.345732 0.351193 0.150422 1.000000
$LocalTM 4 4
0.946349 -0.000000 0.323145 0.000000
-0.025216 0.996951 0.073848 0.000000
-0.322160 -0.078034 0.943464 0.000000
0.000000 -0.000000 0.128858 1.000000
#BONE
@ParentName mixamorig:LeftHand
@NodeName mixamorig:LeftHandIndex1
@BoneIndex 11
@TopNode NO
$WorldTM 4 4
0.277241 -0.900373 -0.335360 0.000000
-0.125260 0.312192 -0.941725 0.000000
0.952600 0.303092 -0.026228 0.000000
0.349591 0.353467 0.150412 1.000000
$LocalTM 4 4
0.976017 -0.000000 -0.217696 0.000000
0.011757 0.998541 0.052712 0.000000
0.217379 -0.054008 0.974592 0.000000
0.000000 -0.000000 0.004479 1.000000
#BONE
@ParentName mixamorig:LeftHandIndex1
@NodeName mixamorig:LeftHandIndex2
@BoneIndex 12
@TopNode NO
$WorldTM 4 4
0.277241 -0.900373 -0.335360 0.000000
-0.125260 0.312192 -0.941725 0.000000
0.952600 0.303092 -0.026228 0.000000
0.358356 0.356256 0.150171 1.000000
$LocalTM 4 4
1.000000 0.000000 0.000000 0.000000
0.000000 1.000000 -0.000000 0.000000
0.000000 0.000000 1.000000 0.000000
-0.000000 -0.000000 0.009202 1.000000
#BONE
@ParentName mixamorig:LeftHandIndex2
@NodeName mixamorig:LeftHandIndex3
@BoneIndex 13
@TopNode NO
$WorldTM 4 4
0.277241 -0.900373 -0.335360 0.000000
-0.125260 0.312192 -0.941725 0.000000
0.952600 0.303092 -0.026228 0.000000
0.369639 0.359839 0.146945 1.000000
$LocalTM 4 4
1.000000 -0.000000 -0.000000 0.000000
0.000000 1.000000 0.000000 0.000000
0.000000 -0.000000 1.000000 0.000000
0.000985 0.002743 0.011919 1.000000
#BONE
@ParentName mixamorig:LeftHandIndex3
@NodeName mixamorig:LeftHandIndex4
@BoneIndex 14
@TopNode NO
$WorldTM 4 4
0.277241 -0.900373 -0.335360 0.000000
-0.125260 0.312192 -0.941725 0.000000
0.952600 0.303092 -0.026228 0.000000
0.380015 0.364491 0.143719 1.000000
$LocalTM 4 4
1.000000 -0.000000 -0.000000 0.000000
0.000000 1.000000 -0.000000 0.000000
0.000000 0.000000 1.000000 0.000000
-0.000231 0.003191 0.011378 1.000000
#BONE
@ParentName mixamorig:Spine2
@NodeName mixamorig:RightShoulder
@BoneIndex 15
@TopNode NO
$WorldTM 4 4
-0.039755 0.984205 0.172513 0.000000
0.224430 0.177033 -0.958275 0.000000
-0.973679 0.000621 -0.227923 0.000000
-0.034341 0.315017 0.260360 1.000000
$LocalTM 4 4
-0.039755 0.999207 0.002417 0.000000
0.224430 0.011286 -0.974425 0.000000
-0.973679 -0.038196 -0.224701 0.000000
-0.034728 -0.001551 0.070097 1.000000
#BONE
@ParentName mixamorig:RightShoulder
@NodeName mixamorig:RightArm
@BoneIndex 16
@TopNode NO
$WorldTM 4 4
-0.059059 0.984023 0.167958 0.000000
0.511411 0.174321 -0.841470 0.000000
-0.857304 0.036199 -0.513535 0.000000
-0.105728 0.315063 0.243649 1.000000
$LocalTM 4 4
0.999803 -0.000000 0.019834 0.000000
0.006072 0.951996 -0.306051 0.000000
-0.018882 0.306112 0.951808 0.000000
0.000000 -0.000000 0.073316 1.000000
#BONE
@ParentName mixamorig:RightArm
@NodeName mixamorig:RightForeArm
@BoneIndex 17
@TopNode NO
$WorldTM 4 4
0.180222 0.935675 0.303368 0.000000
0.244334 0.256166 -0.935243 0.000000
-0.952796 0.242675 -0.182451 0.000000
-0.222082 0.319976 0.173952 1.000000
$LocalTM 4 4
0.961036 -0.000000 -0.276425 0.000000
0.080561 0.956589 0.280085 0.000000
0.264425 -0.291441 0.919316 0.000000
-0.000000 0.000000 0.135721 1.000000
#BONE
@ParentName mixamorig:RightForeArm
@NodeName mixamorig:RightHand
@BoneIndex 18
@TopNode NO
$WorldTM 4 4
0.317651 0.890115 0.326793 0.000000
0.182835 0.280677 -0.942227 0.000000
-0.930413 0.359049 -0.073587 0.000000
-0.344958 0.351272 0.150422 1.000000
$LocalTM 4 4
0.989244 0.000000 -0.146272 0.000000
0.009732 0.997784 0.065819 0.000000
0.145948 -0.066534 0.987052 0.000000
-0.000000 -0.000000 0.128964 1.000000
#BONE
@ParentName mixamorig:RightHand
@NodeName mixamorig:RightHandIndex1
@BoneIndex 19
@TopNode NO
$WorldTM 4 4
0.267483 0.908028 0.322394 0.000000
0.127314 0.298346 -0.945928 0.000000
-0.955115 0.294065 -0.035802 0.000000
-0.347704 0.352332 0.150205 1.000000
$LocalTM 4 4
0.998571 0.000000 0.053432 0.000000
-0.003118 0.998296 0.058273 0.000000
-0.053341 -0.058357 0.996870 0.000000
0.000000 0.000000 0.002952 1.000000
#BONE
@ParentName mixamorig:RightHandIndex1
@NodeName mixamorig:RightHandIndex2
@BoneIndex 20
@TopNode NO
$WorldTM 4 4
0.267483 0.908028 0.322394 0.000000
0.127314 0.298346 -0.945928 0.000000
-0.955115 0.294065 -0.035802 0.000000
-0.356531 0.355049 0.149874 1.000000
$LocalTM 4 4
1.000000 0.000000 -0.000000 0.000000
0.000000 1.000000 -0.000000 0.000000
-0.000000 0.000000 1.000000 0.000000
-0.000000 0.000000 0.009241 1.000000
#BONE
@ParentName mixamorig:RightHandIndex2
@NodeName mixamorig:RightHandIndex3
@BoneIndex 21
@TopNode NO
$WorldTM 4 4
0.267483 0.908028 0.322394 0.000000
0.127314 0.298346 -0.945928 0.000000
-0.955115 0.294065 -0.035802 0.000000
-0.368579 0.358281 0.147514 1.000000
$LocalTM 4 4
1.000000 0.000000 0.000000 0.000000
-0.000000 1.000000 -0.000000 0.000000
-0.000000 0.000000 1.000000 0.000000
-0.001049 0.001663 0.012542 1.000000
#BONE
@ParentName mixamorig:RightHandIndex3
@NodeName mixamorig:RightHandIndex4
@BoneIndex 22
@TopNode NO
$WorldTM 4 4
0.267483 0.908028 0.322394 0.000000
0.127314 0.298346 -0.945928 0.000000
-0.955115 0.294065 -0.035802 0.000000
-0.378729 0.361911 0.145387 1.000000
$LocalTM 4 4
1.000000 0.000000 0.000000 0.000000
-0.000000 1.000000 -0.000000 0.000000
-0.000000 0.000000 1.000000 0.000000
-0.000104 0.001803 0.010838 1.000000
#BONE
@ParentName mixamorig:Hips
@NodeName mixamorig:LeftUpLeg
@BoneIndex 23
@TopNode NO
$WorldTM 4 4
-0.975353 0.006266 -0.220560 0.000000
-0.000000 0.999597 0.028396 0.000000
0.220649 0.027696 -0.974960 0.000000
0.050611 0.360467 -0.019458 1.000000
$LocalTM 4 4
-0.975353 0.006266 -0.220560 0.000000
-0.000000 0.999597 0.028396 0.000000
0.220649 0.027696 -0.974960 0.000000
0.050224 0.000517 -0.028889 1.000000
#BONE
@ParentName mixamorig:LeftUpLeg
@NodeName mixamorig:LeftLeg
@BoneIndex 24
@TopNode NO
$WorldTM 4 4
-0.958345 0.008110 -0.285497 0.000000
0.019672 0.999097 -0.037653 0.000000
0.284933 -0.041701 -0.957640 0.000000
0.088806 0.365261 -0.188230 1.000000
$LocalTM 4 4
0.997745 0.000000 0.067114 0.000000
-0.004623 0.997625 0.068722 0.000000
-0.066955 -0.068878 0.995376 0.000000
0.000000 -0.000000 0.173106 1.000000
#BONE
@ParentName mixamorig:LeftLeg
@NodeName mixamorig:LeftFoot
@BoneIndex 25
@TopNode NO
$WorldTM 4 4
-0.276205 -0.960251 -0.040367 0.000000
-0.446952 0.091151 0.889902 0.000000
-0.850850 0.263837 -0.454362 0.000000
0.126947 0.359679 -0.316417 1.000000
$LocalTM 4 4
0.268436 -0.963297 -0.000000 0.000000
0.175009 0.048769 -0.983358 0.000000
0.947266 0.263969 0.181678 0.000000
0.000000 0.000000 0.133858 1.000000
#BONE
@ParentName mixamorig:LeftFoot
@NodeName mixamorig:LeftToeBase
@BoneIndex 26
@TopNode NO
$WorldTM 4 4
-0.335609 -0.938282 0.083631 0.000000
0.524907 -0.112551 0.843685 0.000000
-0.782201 0.327047 0.530284 0.000000
0.117335 0.362659 -0.321550 1.000000
$LocalTM 4 4
0.990306 0.138899 -0.000000 0.000000
-0.070961 0.505930 -0.859651 0.000000
-0.119405 0.851318 0.510882 0.000000
0.000000 -0.000000 0.011297 1.000000
#BONE
@ParentName mixamorig:LeftToeBase
@NodeName mixamorig:LeftToe_End
@BoneIndex 27
@TopNode NO
$WorldTM 4 4
-0.335609 -0.938282 0.083631 0.000000
0.524907 -0.112551 0.843685 0.000000
-0.782201 0.327047 0.530284 0.000000
0.109598 0.365894 -0.316305 1.000000
$LocalTM 4 4
1.000000 0.000000 -0.000000 0.000000
-0.000000 1.000000 0.000000 0.000000
-0.000000 -0.000000 1.000000 0.000000
0.000000 -0.000000 0.009891 1.000000
#BONE
@ParentName mixamorig:Hips
@NodeName mixamorig:RightUpLeg
@BoneIndex 28
@TopNode NO
$WorldTM 4 4
-0.975347 -0.005215 0.220614 0.000000
-0.000000 0.999721 0.023633 0.000000
-0.220675 0.023050 -0.975075 0.000000
-0.049837 0.361084 -0.019458 1.000000
$LocalTM 4 4
-0.975347 -0.005215 0.220614 0.000000
-0.000000 0.999721 0.023633 0.000000
-0.220675 0.023050 -0.975075 0.000000
-0.050224 0.001135 -0.028889 1.000000
#BONE
@ParentName mixamorig:RightUpLeg
@NodeName mixamorig:RightLeg
@BoneIndex 29
@TopNode NO
$WorldTM 4 4
-0.958372 -0.006748 0.285443 0.000000
-0.018080 0.999149 -0.037083 0.000000
-0.284950 -0.040700 -0.957678 0.000000
-0.088032 0.365074 -0.188230 1.000000
$LocalTM 4 4
0.997753 0.000000 -0.066995 0.000000
0.004242 0.997993 0.063179 0.000000
0.066861 -0.063321 0.995751 0.000000
0.000000 0.000000 0.173086 1.000000
#BONE
@ParentName mixamorig:RightLeg
@NodeName mixamorig:RightFoot
@BoneIndex 30
@TopNode NO
$WorldTM 4 4
-0.380324 0.921889 0.073984 0.000000
0.430663 0.105739 0.896297 0.000000
0.818464 0.372745 -0.437239 0.000000
-0.126174 0.359626 -0.316418 1.000000
$LocalTM 4 4
0.379389 0.925237 -0.000000 0.000000
-0.157606 0.064626 -0.985385 0.000000
-0.911715 0.373844 0.170341 0.000000
-0.000000 -0.000000 0.133853 1.000000
#BONE
@ParentName mixamorig:RightFoot
@NodeName mixamorig:RightToeBase
@BoneIndex 31
@TopNode NO
$WorldTM 4 4
-0.403829 0.914527 0.023709 0.000000
-0.476390 -0.232344 0.847979 0.000000
0.781009 0.331144 0.529499 0.000000
-0.116563 0.364003 -0.321552 1.000000
$LocalTM 4 4
0.998433 -0.055962 -0.000000 0.000000
0.029724 0.530311 -0.847282 0.000000
0.047416 0.845954 0.531143 0.000000
-0.000000 0.000000 0.011743 1.000000
#BONE
@ParentName mixamorig:RightToeBase
@NodeName mixamorig:RightToe_End
@BoneIndex 32
@TopNode NO
$WorldTM 4 4
-0.403829 0.914527 0.023709 0.000000
-0.476390 -0.232344 0.847979 0.000000
0.781009 0.331144 0.529499 0.000000
-0.108826 0.367284 -0.316307 1.000000
$LocalTM 4 4
1.000000 -0.000000 -0.000000 0.000000
0.000000 1.000000 -0.000000 0.000000
0.000000 0.000000 1.000000 0.000000
0.000000 -0.000000 0.009906 1.000000
#SKIN
@ParentName RootNode
@NodeName Retopo_Mesh.001
@MeshName Player+Run_0
@MaterialName NO
@TopNode YES
$WorldTM 4 4
1.000000 0.000000 0.000000 0.000000
0.000000 0.000000 -1.000000 0.000000
0.000000 1.000000 0.000000 0.000000
0.000000 0.000000 0.000000 1.000000
$LocalTM 4 4
1.000000 0.000000 0.000000 0.000000
0.000000 0.000000 -1.000000 0.000000
0.000000 1.000000 0.000000 0.000000
0.000000 0.000000 0.000000 1.000000
$BoneOffset 33 16
1.000000 0.000000 0.000000 0.000000 0.000000 1.000000 0.000000 0.000000 0.000000 -0.000000 1.000000 0.000000 -0.000387 0.009431 -0.359949 1.000000
1.000000 0.000000 0.000000 0.000000 0.000000 0.985398 -0.170267 0.000000 0.000000 0.170267 0.985398 0.000000 -0.000387 -0.051995 -0.409104 1.000000
1.000000 0.000000 0.000000 0.000000 0.000000 0.985398 -0.170267 0.000000 0.000000 0.170267 0.985398 0.000000 -0.000387 -0.051995 -0.470711 1.000000
1.000000 0.000000 0.000000 0.000000 0.000000 0.985398 -0.170267 0.000000 0.000000 0.170267 0.985398 0.000000 -0.000387 -0.051995 -0.541118 1.000000
1.000000 0.000000 0.000000 0.000000 0.000000 1.000000 0.000000 0.000000 0.000000 -0.000000 1.000000 0.000000 -0.000387 0.054386 -0.620121 1.000000
1.000000 0.000000 0.000000 0.000000 0.000000 1.000000 0.000000 0.000000 0.000000 -0.000000 1.000000 0.000000 -0.000387 0.046093 -0.654607 1.000000
1.000000 0.000000 0.000000 0.000000 0.000000 1.000000 0.000000 0.000000 0.000000 0.000000 1.000000 0.000000 0.000000 0.000000 0.000000 1.000000
-0.041012 -0.224204 0.973679 0.000000 -0.984152 0.177326 -0.000621 0.000000 -0.172520 -0.958273 -0.227923 0.000000 0.053283 0.602910 0.105008 1.000000
-0.055536 -0.512006 0.857185 0.000000 -0.984033 0.173465 0.039858 0.000000 -0.169099 -0.841285 -0.513464 0.000000 0.052804 0.563840 0.215963 1.000000
0.177576 -0.243209 0.953581 0.000000 -0.936866 0.254837 0.239459 0.000000 -0.301246 -0.935899 -0.182601 0.000000 0.072474 0.557550 -0.104998 1.000000
0.476194 -0.176525 0.861440 0.000000 -0.809223 0.295368 0.507855 0.000000 -0.344090 -0.938934 -0.002196 0.000000 -0.006984 0.536753 -0.287491 1.000000
0.277241 -0.125260 0.952600 0.000000 -0.900373 0.312192 0.303092 0.000000 -0.335360 -0.941725 -0.026228 0.000000 0.056744 0.520497 -0.315059 1.000000
0.277241 -0.125260 0.952600 0.000000 -0.900373 0.312192 0.303092 0.000000 -0.335360 -0.941725 -0.026228 0.000000 0.056744 0.520497 -0.324260 1.000000
0.277241 -0.125260 0.952600 0.000000 -0.900373 0.312192 0.303092 0.000000 -0.335360 -0.941725 -0.026228 0.000000 0.055760 0.517754 -0.336179 1.000000
1.000000 0.000000 0.000000 0.000000 0.000000 1.000000 0.000000 0.000000 0.000000 0.000000 1.000000 0.000000 0.000000 0.000000 0.000000 1.000000
-0.039755 0.224430 -0.973679 0.000000 0.984205 0.177033 0.000621 0.000000 0.172513 -0.958275 -0.227923 0.000000 -0.053246 0.602721 0.105829 1.000000
-0.059059 0.511411 -0.857305 0.000000 0.984024 0.174321 0.036199 0.000000 0.167958 -0.841470 -0.513535 0.000000 -0.052590 0.563513 0.216452 1.000000
0.180222 0.244334 -0.952796 0.000000 0.935675 0.256166 0.242675 0.000000 0.303368 -0.935243 -0.182451 0.000000 -0.072857 0.557425 -0.103920 1.000000
0.317651 0.182835 -0.930413 0.000000 0.890115 0.280677 0.359049 0.000000 0.326793 -0.942227 -0.073587 0.000000 -0.038009 0.540153 -0.277589 1.000000
0.267483 0.127314 -0.955115 0.000000 0.908028 0.298346 0.294065 0.000000 0.322394 -0.945928 -0.035802 0.000000 -0.052945 0.523003 -0.309157 1.000000
0.267483 0.127314 -0.955115 0.000000 0.908028 0.298346 0.294065 0.000000 0.322394 -0.945928 -0.035802 0.000000 -0.052945 0.523003 -0.318398 1.000000
0.267483 0.127314 -0.955115 0.000000 0.908028 0.298346 0.294065 0.000000 0.322394 -0.945928 -0.035802 0.000000 -0.051896 0.521340 -0.330941 1.000000
1.000000 0.000000 0.000000 0.000000 0.000000 1.000000 0.000000 0.000000 0.000000 0.000000 1.000000 0.000000 0.000000 0.000000 0.000000 1.000000
-0.975353 -0.000000 0.220649 0.000000 0.006266 0.999597 0.027696 0.000000 -0.220560 0.028396 -0.974960 0.000000 0.122438 -0.000491 0.311850 1.000000
-0.958345 0.019672 0.284933 0.000000 0.008110 0.999097 -0.041701 0.000000 -0.285497 -0.037653 -0.957640 0.000000 0.131474 0.008479 0.129939 1.000000
-0.276205 -0.446952 -0.850850 0.000000 -0.960251 0.091151 0.263837 0.000000 -0.040367 0.889902 -0.454362 0.000000 0.027125 0.027276 0.126067 1.000000
-0.335609 0.524907 -0.782201 0.000000 -0.938282 -0.112551 0.327047 0.000000 0.083631 0.843685 0.530284 0.000000 0.030650 -0.086787 0.078616 1.000000
1.000000 0.000000 0.000000 0.000000 0.000000 1.000000 0.000000 0.000000 0.000000 0.000000 1.000000 0.000000 0.000000 0.000000 0.000000 1.000000
-0.975347 0.000000 -0.220675 0.000000 -0.005215 0.999721 0.023050 0.000000 0.220614 0.023633 -0.975075 0.000000 -0.121688 0.000470 0.312002 1.000000
-0.958372 -0.018080 -0.284950 0.000000 -0.006748 0.999149 -0.040700 0.000000 0.285444 -0.037083 -0.957678 0.000000 -0.130721 0.008729 0.130161 1.000000
-0.380324 0.430663 0.818464 0.000000 0.921890 0.105739 0.372745 0.000000 0.073984 0.896297 -0.437239 0.000000 -0.041518 0.024805 0.121815 1.000000
-0.403829 -0.476390 0.781009 0.000000 0.914527 -0.232344 0.331144 0.000000 0.023709 0.847979 0.529499 0.000000 -0.042841 -0.081342 0.077479 1.000000
1.000000 0.000000 0.000000 0.000000 0.000000 1.000000 0.000000 0.000000 0.000000 0.000000 1.000000 0.000000 0.000000 0.000000 0.000000 1.000000
&