#BONE
@ParentName root
@NodeName root.x
@BoneIndex 0
@IsCull 1
@TopNode YES
@IsActive 1
@IsShadow 1
$WorldTM 4 4
0.762756 0.635929 0.117462 0.000000
-0.633867 0.699214 0.330624 0.000000
0.128123 -0.326641 0.936424 0.000000
-0.006667 0.034415 0.880587 1.000000
$LocalTM 4 4
0.762756 0.117462 -0.635929 0.000000
-0.633867 0.330624 -0.699214 0.000000
0.128123 0.936424 0.326641 0.000000
-0.006667 0.880587 -0.034415 1.000000
#BONE
@ParentName root.x
@NodeName spine_01.x
@BoneIndex 1
@IsCull 1
@TopNode NO
@IsActive 1
@IsShadow 1
$WorldTM 4 4
0.695581 0.718154 -0.020525 0.000000
-0.703645 0.686741 0.182403 0.000000
0.145089 -0.112434 0.983010 0.000000
0.013667 -0.017334 1.028768 1.000000
$LocalTM 4 4
0.984843 0.054452 -0.164679 0.000000
-0.078566 0.986503 -0.143663 0.000000
0.154634 0.154424 0.975829 0.000000
0.000007 -0.000080 0.158268 1.000000
#BONE
@ParentName spine_01.x
@NodeName spine_02.x
@BoneIndex 2
@IsCull 1
@TopNode NO
@IsActive 1
@IsShadow 1
$WorldTM 4 4
0.732366 0.670891 -0.116380 0.000000
-0.655896 0.649179 -0.385185 0.000000
-0.182865 0.358430 0.915472 0.000000
0.035413 -0.034186 1.176102 1.000000
$LocalTM 4 4
0.993612 -0.075826 -0.083575 0.000000
0.017888 0.837077 -0.546794 0.000000
0.111420 0.541806 0.833086 0.000000
-0.000000 -0.000000 0.149881 1.000000
#BONE
@ParentName spine_02.x
@NodeName spine_03.x
@BoneIndex 3
@IsCull 1
@TopNode NO
@IsActive 1
@IsShadow 1
$WorldTM 4 4
0.738473 0.672408 -0.050234 0.000000
-0.663581 0.711514 -0.231101 0.000000
-0.119652 0.203996 0.971632 0.000000
0.009337 0.016925 1.306645 1.000000
$LocalTM 4 4
0.997792 -0.028499 0.059982 0.000000
0.018259 0.986156 0.164807 0.000000
-0.063849 -0.163348 0.984500 0.000000
0.000000 -0.000000 0.142596 1.000000
#BONE
@ParentName spine_03.x
@NodeName neck.x
@BoneIndex 4
@IsCull 1
@TopNode NO
@IsActive 1
@IsShadow 1
$WorldTM 4 4
0.790190 0.599577 -0.126909 0.000000
-0.412394 0.367014 -0.833806 0.000000
-0.453353 0.711202 0.537273 0.000000
-0.015027 0.061013 1.436683 1.000000
$LocalTM 4 4
0.993071 -0.068420 -0.095545 0.000000
-0.015874 0.727486 -0.685939 0.000000
0.116440 0.682703 0.721359 0.000000
0.005121 0.017484 0.138259 1.000000
#BONE
@ParentName neck.x
@NodeName head.x
@BoneIndex 5
@IsCull 1
@TopNode NO
@IsActive 1
@IsShadow 1
$WorldTM 4 4
0.999632 0.018336 -0.019979 0.000000
-0.026218 0.841737 -0.539250 0.000000
0.006929 0.539576 0.841908 0.000000
-0.045301 0.108506 1.472562 1.000000
$LocalTM 4 4
0.803430 -0.388854 -0.450880 0.000000
0.552405 0.769371 0.320806 0.000000
0.222147 -0.506814 0.832941 0.000000
-0.000000 -0.000000 0.066779 1.000000
#BONE
@ParentName spine_03.x
@NodeName shoulder.l
@BoneIndex 6
@IsCull 1
@TopNode NO
@IsActive 1
@IsShadow 1
$WorldTM 4 4
-0.401757 0.572199 -0.714968 0.000000
-0.576741 0.448347 0.682902 0.000000
0.711309 0.686712 0.149884 0.000000
0.022255 0.074058 1.326053 1.000000
$LocalTM 4 4
0.123980 0.838956 -0.529889 0.000000
-0.158740 0.543900 0.823999 0.000000
0.979505 -0.018045 0.200609 0.000000
0.046981 0.027593 0.028967 1.000000
#BONE
@ParentName shoulder.l
@NodeName arm_stretch.l
@BoneIndex 7
@IsCull 1
@TopNode NO
@IsActive 1
@IsShadow 1
$WorldTM 4 4
-0.395135 0.794199 -0.461644 0.000000
0.781293 0.554865 0.285841 0.000000
0.486525 -0.249456 -0.845588 0.000000
0.135147 0.183046 1.349841 1.000000
$LocalTM 4 4
0.943249 0.268710 0.195129 0.000000
-0.200764 -0.006630 0.979617 0.000000
0.266366 -0.969896 0.048025 0.000000
-0.000000 0.000000 0.158710 1.000000
#BONE
@ParentName arm_stretch.l
@NodeName arm_twist.l
@BoneIndex 8
@IsCull 1
@TopNode NO
@IsActive 1
@IsShadow 1
$WorldTM 4 4
-0.610506 0.321551 -0.724102 0.000000
0.271771 0.943415 0.190971 0.000000
0.746408 -0.082945 -0.670335 0.000000
0.139726 0.168287 1.326836 1.000000
$LocalTM 4 4
0.830886 -0.505545 0.231818 0.000000
0.553713 0.790389 -0.260959 0.000000
-0.051351 0.345531 0.937581 0.000000
-0.002910 -0.011187 0.025014 1.000000
#BONE
@ParentName arm_stretch.l
@NodeName forearm_stretch.l
@BoneIndex 9
@IsCull 1
@TopNode NO
@IsActive 1
@IsShadow 1
$WorldTM 4 4
-0.701474 0.523754 0.483338 0.000000
0.688912 0.670884 0.274433 0.000000
-0.173538 0.512749 -0.819366 0.000000
0.257359 0.120384 1.137435 1.000000
$LocalTM 4 4
0.470012 -0.119286 -0.868523 0.000000
0.133912 0.988938 -0.063357 0.000000
0.854052 -0.085287 0.473894 0.000000
-0.000000 -0.000000 0.251193 1.000000
#BONE
@ParentName forearm_stretch.l
@NodeName forearm_twist.l
@BoneIndex 10
@IsCull 1
@TopNode NO
@IsActive 1
@IsShadow 1
$WorldTM 4 4
-0.983107 -0.107447 0.145553 0.000000
-0.012852 0.844309 0.536417 0.000000
-0.173538 0.512748 -0.819365 0.000000
0.236480 0.182073 1.038857 1.000000
$LocalTM 4 4
0.704246 -0.709956 -0.000000 0.000000
0.709956 0.704245 0.000000 0.000000
-0.000000 -0.000000 0.999999 0.000000
-0.000000 -0.000000 0.120310 1.000000
#BONE
@ParentName forearm_stretch.l
@NodeName hand.l
@BoneIndex 11
@IsCull 1
@TopNode NO
@IsActive 1
@IsShadow 1
$WorldTM 4 4
-0.844015 -0.296895 0.448893 0.000000
-0.244882 0.951128 0.181377 0.000000
-0.484119 0.025450 -0.875311 0.000000
0.215602 0.243761 0.940280 1.000000
$LocalTM 4 4
0.651823 -0.658105 -0.383770 0.000000
0.759504 0.518755 0.400412 0.000000
-0.064871 -0.556253 0.843704 0.000000
-0.000000 0.000000 0.240619 1.000000
#BONE
@ParentName hand.l
@NodeName c_index1.l
@BoneIndex 12
@IsCull 1
@TopNode NO
@IsActive 1
@IsShadow 1
$WorldTM 4 4
-0.978997 -0.219540 0.037087 0.000000
-0.209071 0.850268 -0.461998 0.000000
0.067478 -0.471472 -0.886428 0.000000
0.116145 0.248382 0.852397 1.000000
$LocalTM 4 4
0.902591 0.039452 0.428688 0.000000
-0.291691 0.788414 0.541590 0.000000
-0.316616 -0.613879 0.723123 0.000000
0.041938 0.014606 0.124936 1.000000
#BONE
@ParentName c_index1.l
@NodeName c_index2.l
@BoneIndex 13
@IsCull 1
@TopNode NO
@IsActive 1
@IsShadow 1
$WorldTM 4 4
-0.680459 -0.673137 -0.309822 0.000000
0.442989 -0.045726 -0.896699 0.000000
0.589437 -0.733645 0.317038 0.000000
0.119250 0.226688 0.811610 1.000000
$LocalTM 4 4
0.793913 -0.290506 0.534143 0.000000
-0.457334 0.293601 0.839431 0.000000
-0.400684 -0.910717 0.100235 0.000000
0.000000 0.000000 0.046013 1.000000
#BONE
@ParentName c_index2.l
@NodeName c_index3.l
@BoneIndex 14
@IsCull 1
@TopNode NO
@IsActive 1
@IsShadow 1
$WorldTM 4 4
-0.401104 -0.913369 -0.081508 0.000000
0.870876 -0.348721 -0.353440 0.000000
0.295617 -0.193882 0.932206 0.000000
0.135564 0.206382 0.820385 1.000000
$LocalTM 4 4
0.904856 -0.073485 0.419326 0.000000
-0.246863 0.711903 0.657459 0.000000
-0.346833 -0.698422 0.626030 0.000000
-0.000000 0.000000 0.027678 1.000000
#BONE
@ParentName hand.l
@NodeName c_middle1.l
@BoneIndex 15
@IsCull 1
@TopNode NO
@IsActive 1
@IsShadow 1
$WorldTM 4 4
-0.920883 -0.374448 0.135202 0.000000
-0.386988 0.743498 -0.527620 0.000000
0.094411 -0.548123 -0.838993 0.000000
0.140213 0.260575 0.839016 1.000000
$LocalTM 4 4
0.945306 -0.106857 0.308185 0.000000
-0.140320 0.719706 0.679951 0.000000
-0.294460 -0.686007 0.665348 0.000000
0.012033 0.018073 0.125604 1.000000
#BONE
@ParentName c_middle1.l
@NodeName c_middle2.l
@BoneIndex 16
@IsCull 1
@TopNode NO
@IsActive 1
@IsShadow 1
$WorldTM 4 4
-0.712448 -0.703463 0.042501 0.000000
0.330886 -0.397206 -0.861773 0.000000
0.624204 -0.583787 0.506077 0.000000
0.144678 0.234654 0.799339 1.000000
$LocalTM 4 4
0.919773 -0.280813 0.274158 0.000000
-0.275602 0.035157 0.960629 0.000000
-0.279396 -0.959118 -0.045056 0.000000
0.000000 0.000000 0.047291 1.000000
#BONE
@ParentName c_middle2.l
@NodeName c_middle3.l
@BoneIndex 17
@IsCull 1
@TopNode NO
@IsActive 1
@IsShadow 1
$WorldTM 4 4
-0.501381 -0.809092 0.295319 0.000000
0.823696 -0.550063 -0.137931 0.000000
0.277202 0.190369 0.945692 0.000000
0.165133 0.215523 0.815923 1.000000
$LocalTM 4 4
0.939751 -0.105355 0.325220 0.000000
-0.199490 0.603554 0.771963 0.000000
-0.277618 -0.790331 0.546173 0.000000
0.000000 0.000000 0.032770 1.000000
#BONE
@ParentName hand.l
@NodeName c_pinky1.l
@BoneIndex 18
@IsCull 1
@TopNode NO
@IsActive 1
@IsShadow 1
$WorldTM 4 4
-0.915125 -0.357547 0.200727 0.000000
-0.377134 0.516012 -0.758640 0.000000
0.164365 -0.774165 -0.620279 0.000000
0.187864 0.278335 0.823412 1.000000
$LocalTM 4 4
0.965138 -0.081307 0.248791 0.000000
-0.184761 0.461637 0.867614 0.000000
-0.185395 -0.883334 0.430521 0.000000
-0.040303 0.020636 0.117123 1.000000
#BONE
@ParentName c_pinky1.l
@NodeName c_pinky2.l
@BoneIndex 19
@IsCull 1
@TopNode NO
@IsActive 1
@IsShadow 1
$WorldTM 4 4
-0.912443 -0.322751 0.261128 0.000000
0.067487 -0.743319 -0.675141 0.000000
0.411818 -0.580300 0.690340 0.000000
0.194327 0.247892 0.799022 1.000000
$LocalTM 4 4
0.997600 -0.028745 -0.062998 0.000000
0.065467 0.095107 0.993312 0.000000
-0.022561 -0.995052 0.096760 0.000000
-0.000000 -0.000000 0.039322 1.000000
#BONE
@ParentName c_pinky2.l
@NodeName c_pinky3.l
@BoneIndex 20
@IsCull 1
@TopNode NO
@IsActive 1
@IsShadow 1
$WorldTM 4 4
-0.937911 -0.192805 0.297511 0.000000
0.255433 -0.942095 0.181986 0.000000
0.248550 0.262150 0.937518 0.000000
0.204255 0.233903 0.815663 1.000000
$LocalTM 4 4
0.990577 -0.121720 -0.062774 0.000000
0.123238 0.592286 0.796247 0.000000
-0.059739 -0.796481 0.601705 0.000000
0.000000 -0.000000 0.024106 1.000000
#BONE
@ParentName hand.l
@NodeName c_ring1.l
@BoneIndex 21
@IsCull 1
@TopNode NO
@IsActive 1
@IsShadow 1
$WorldTM 4 4
-0.777986 -0.562150 0.282246 0.000000
-0.606203 0.518270 -0.592468 0.000000
0.184267 -0.639392 -0.754911 0.000000
0.163958 0.270117 0.829621 1.000000
$LocalTM 4 4
0.949186 -0.297494 0.102682 0.000000
0.081755 0.548148 0.832376 0.000000
-0.303912 -0.781685 0.544616 0.000000
-0.014992 0.019744 0.122825 1.000000
#BONE
@ParentName c_ring1.l
@NodeName c_ring2.l
@BoneIndex 22
@IsCull 1
@TopNode NO
@IsActive 1
@IsShadow 1
$WorldTM 4 4
-0.687623 -0.642357 0.334765 0.000000
0.129259 -0.571652 -0.818317 0.000000
0.719142 -0.504016 0.467827 0.000000
0.171708 0.243227 0.797873 1.000000
$LocalTM 4 4
0.991218 -0.129133 0.028492 0.000000
-0.014554 0.107622 0.994085 0.000000
-0.131435 -0.985770 0.104798 0.000000
-0.000000 -0.000000 0.042055 1.000000
#BONE
@ParentName c_ring2.l
@NodeName c_ring3.l
@BoneIndex 23
@IsCull 1
@TopNode NO
@IsActive 1
@IsShadow 1
$WorldTM 4 4
-0.646557 -0.588332 0.480061 0.000000
0.577108 -0.788773 -0.208198 0.000000
0.505577 0.158563 0.852506 0.000000
0.192379 0.228740 0.811320 1.000000
$LocalTM 4 4
0.987288 -0.142423 0.070548 0.000000
0.047482 0.687898 0.724252 0.000000
-0.151680 -0.711696 0.685916 0.000000
0.000000 -0.000000 0.028744 1.000000
#BONE
@ParentName hand.l
@NodeName c_thumb1.l
@BoneIndex 24
@IsCull 1
@TopNode NO
@IsActive 1
@IsShadow 1
$WorldTM 4 4
0.358146 -0.787800 0.481546 0.000000
-0.837143 -0.036585 0.549428 0.000000
-0.421453 -0.609486 -0.683239 0.000000
0.167960 0.215848 0.910308 1.000000
$LocalTM 4 4
0.156921 -0.762501 -0.627668 0.000000
0.961266 0.263738 -0.080071 0.000000
0.226594 -0.590791 0.774352 0.000000
0.034697 -0.019799 0.047933 1.000000
#BONE
@ParentName c_thumb1.l
@NodeName c_thumb2.l
@BoneIndex 25
@IsCull 1
@TopNode NO
@IsActive 1
@IsShadow 1
$WorldTM 4 4
0.252179 -0.963037 0.008911 0.000000
-0.957392 -0.256327 -0.165879 0.000000
0.162807 0.017210 -0.986396 0.000000
0.150221 0.190195 0.881550 1.000000
$LocalTM 4 4
0.868834 -0.164611 0.466938 0.000000
-0.220605 0.715603 0.662756 0.000000
-0.443239 -0.678834 0.585426 0.000000
0.000000 -0.000000 0.042090 1.000000
#BONE
@ParentName c_thumb2.l
@NodeName c_thumb3.l
@BoneIndex 26
@IsCull 1
@TopNode NO
@IsActive 1
@IsShadow 1
$WorldTM 4 4
0.397835 -0.767937 -0.508884 0.000000
-0.665163 0.128683 -0.734977 0.000000
0.637169 0.622216 -0.448798 0.000000
0.157310 0.190944 0.838598 1.000000
$LocalTM 4 4
0.834680 -0.103706 0.540882 0.000000
-0.313586 0.717864 0.621559 0.000000
-0.452739 -0.688416 0.566666 0.000000
-0.000000 0.000000 0.043544 1.000000
#BONE
@ParentName spine_03.x
@NodeName shoulder.r
@BoneIndex 27
@IsCull 1
@TopNode NO
@IsActive 1
@IsShadow 1
$WorldTM 4 4
0.594751 -0.406334 0.693659 0.000000
-0.202621 0.759232 0.618475 0.000000
-0.777955 -0.508389 0.369222 0.000000
-0.050960 0.007511 1.331613 1.000000
$LocalTM 4 4
0.131141 -0.844084 0.519928 0.000000
0.329815 0.531730 0.780055 0.000000
-0.934892 0.069183 0.348123 0.000000
-0.052113 0.027544 0.029555 1.000000
#BONE
@ParentName shoulder.r
@NodeName arm_stretch.r
@BoneIndex 28
@IsCull 1
@TopNode NO
@IsActive 1
@IsShadow 1
$WorldTM 4 4
0.773769 -0.444454 0.451378 0.000000
-0.534171 -0.840806 0.087788 0.000000
0.341733 -0.310156 -0.891210 0.000000
-0.174430 -0.073176 1.390213 1.000000
$LocalTM 4 4
0.953900 -0.215060 -0.209343 0.000000
0.084844 -0.475837 0.875432 0.000000
-0.288923 -0.855914 -0.437228 0.000000
0.000000 0.000000 0.158710 1.000000
#BONE
@ParentName arm_stretch.r
@NodeName arm_twist.r
@BoneIndex 29
@IsCull 1
@TopNode NO
@IsActive 1
@IsShadow 1
$WorldTM 4 4
0.312389 -0.548484 0.773305 0.000000
-0.926739 -0.023245 0.360282 0.000000
-0.180743 -0.843341 -0.527692 0.000000
-0.157653 -0.072822 1.368253 1.000000
$LocalTM 4 4
0.834546 0.362186 -0.409346 0.000000
-0.544128 0.546211 -0.626046 0.000000
-0.003216 0.759309 0.665274 0.000000
0.002912 -0.011186 0.025013 1.000000
#BONE
@ParentName arm_stretch.r
@NodeName forearm_stretch.r
@BoneIndex 30
@IsCull 1
@TopNode NO
@IsActive 1
@IsShadow 1
$WorldTM 4 4
0.290629 -0.364854 -0.884543 0.000000
-0.734676 -0.677319 0.038599 0.000000
-0.597409 0.622190 -0.452980 0.000000
-0.088589 -0.151085 1.166347 1.000000
$LocalTM 4 4
-0.012223 0.073873 0.993605 0.000000
-0.250010 0.965326 -0.074846 0.000000
-0.943257 -0.243789 0.006522 0.000000
-0.000000 0.000000 0.251193 1.000000
#BONE
@ParentName forearm_stretch.r
@NodeName forearm_twist.r
@BoneIndex 31
@IsCull 1
@TopNode NO
@IsActive 1
@IsShadow 1
$WorldTM 4 4
0.739280 0.671331 -0.052897 0.000000
0.278711 -0.375758 -0.883803 0.000000
-0.597409 0.622190 -0.452979 0.000000
-0.160463 -0.076230 1.111850 1.000000
$LocalTM 4 4
0.016170 -0.999869 0.000000 0.000000
0.999869 0.016170 -0.000000 0.000000
-0.000000 0.000000 1.000000 0.000000
0.000000 -0.000000 0.120309 1.000000
#BONE
@ParentName forearm_stretch.r
@NodeName hand.r
@BoneIndex 32
@IsCull 1
@TopNode NO
@IsActive 1
@IsShadow 1
$WorldTM 4 4
0.782266 0.622653 -0.019492 0.000000
-0.228654 0.263175 -0.937128 0.000000
-0.571117 0.732577 0.372478 0.000000
-0.232337 -0.001374 1.057352 1.000000
$LocalTM 4 4
0.016880 -0.997191 -0.074904 0.000000
0.666395 -0.046077 0.763598 0.000000
-0.762805 -0.062633 0.661924 0.000000
0.000000 -0.000000 0.240619 1.000000
#BONE
@ParentName hand.r
@NodeName c_index1.r
@BoneIndex 33
@IsCull 1
@TopNode NO
@IsActive 1
@IsShadow 1
$WorldTM 4 4
0.938248 0.290432 -0.186230 0.000000
-0.331205 0.762779 -0.536113 0.000000
-0.019826 0.572228 0.833804 0.000000
-0.339798 0.067669 1.091180 1.000000
$LocalTM 4 4
0.919168 0.023332 -0.393175 0.000000
0.222514 0.792916 0.567250 0.000000
0.324990 -0.608884 0.723631 0.000000
-0.042042 0.014386 0.124813 1.000000
#BONE
@ParentName c_index1.r
@NodeName c_index2.r
@BoneIndex 34
@IsCull 1
@TopNode NO
@IsActive 1
@IsShadow 1
$WorldTM 4 4
0.580909 0.187016 -0.803256 0.000000
0.439862 0.747282 0.507026 0.000000
0.677839 -0.632632 0.339165 0.000000
-0.340710 0.093999 1.129546 1.000000
$LocalTM 4 4
0.741145 0.378792 -0.554275 0.000000
0.540398 0.153268 0.827333 0.000000
0.398340 -0.912702 -0.091104 0.000000
0.000000 0.000000 0.046013 1.000000
#BONE
@ParentName c_index2.r
@NodeName c_index3.r
@BoneIndex 35
@IsCull 1
@TopNode NO
@IsActive 1
@IsShadow 1
$WorldTM 4 4
0.157728 0.684106 -0.709537 0.000000
0.982591 -0.105532 0.095613 0.000000
-0.006008 -0.717279 -0.710453 0.000000
-0.321949 0.076490 1.138933 1.000000
$LocalTM 4 4
0.780211 0.226635 -0.583016 0.000000
0.468493 0.405861 0.784723 0.000000
0.414470 -0.885389 0.210481 0.000000
0.000000 -0.000000 0.027678 1.000000
#BONE
@ParentName hand.r
@NodeName c_middle1.r
@BoneIndex 36
@IsCull 1
@TopNode NO
@IsActive 1
@IsShadow 1
$WorldTM 4 4
0.915610 0.335294 -0.223394 0.000000
-0.389413 0.792783 -0.444185 0.000000
0.020366 0.502694 0.877567 0.000000
-0.317920 0.087802 1.087533 1.000000
$LocalTM 4 4
0.929874 0.075973 -0.359947 0.000000
0.193889 0.730305 0.655028 0.000000
0.312636 -0.678883 0.664361 0.000000
-0.012337 0.018027 0.125738 1.000000
#BONE
@ParentName c_middle1.r
@NodeName c_middle2.r
@BoneIndex 37
@IsCull 1
@TopNode NO
@IsActive 1
@IsShadow 1
$WorldTM 4 4
0.703142 0.422343 -0.579873 0.000000
0.329010 0.520129 0.797770 0.000000
0.622691 -0.738052 0.211278 0.000000
-0.316957 0.111575 1.129035 1.000000
$LocalTM 4 4
0.909269 0.318253 -0.268225 0.000000
0.306252 -0.075180 0.948977 0.000000
0.281850 -0.945020 -0.165825 0.000000
-0.000000 0.000000 0.047291 1.000000
#BONE
@ParentName c_middle2.r
@NodeName c_middle3.r
@BoneIndex 38
@IsCull 1
@TopNode NO
@IsActive 1
@IsShadow 1
$WorldTM 4 4
0.479168 0.744265 -0.465582 0.000000
0.865334 -0.329455 0.346389 0.000000
0.109516 -0.575462 -0.824971 0.000000
-0.296552 0.087389 1.135958 1.000000
$LocalTM 4 4
0.916313 0.177503 -0.358975 0.000000
0.267446 0.395946 0.878464 0.000000
0.298065 -0.900955 0.315337 0.000000
0.000000 0.000000 0.032770 1.000000
#BONE
@ParentName hand.r
@NodeName c_pinky1.r
@BoneIndex 39
@IsCull 1
@TopNode NO
@IsActive 1
@IsShadow 1
$WorldTM 4 4
0.953219 0.195525 -0.229697 0.000000
-0.274052 0.811403 -0.496451 0.000000
0.081661 0.544998 0.847410 0.000000
-0.272340 0.111053 1.082653 1.000000
$LocalTM 4 4
0.872798 0.033412 -0.486937 0.000000
0.296811 0.755651 0.583862 0.000000
0.387462 -0.654122 0.649614 0.000000
0.037915 0.017853 0.114829 1.000000
#BONE
@ParentName c_pinky1.r
@NodeName c_pinky2.r
@BoneIndex 40
@IsCull 1
@TopNode NO
@IsActive 1
@IsShadow 1
$WorldTM 4 4
0.955994 0.252742 -0.141350 0.000000
0.130225 0.016110 0.998060 0.000000
0.243959 -0.964101 -0.035007 0.000000
-0.269129 0.132484 1.115976 1.000000
$LocalTM 4 4
0.994580 0.001998 0.103956 0.000000
-0.087305 -0.526943 0.845404 0.000000
0.056468 -0.849898 -0.523913 0.000000
0.000000 0.000000 0.039322 1.000000
#BONE
@ParentName c_pinky2.r
@NodeName c_pinky3.r
@BoneIndex 41
@IsCull 1
@TopNode NO
@IsActive 1
@IsShadow 1
$WorldTM 4 4
0.986068 0.143066 -0.008220 0.000000
0.132085 -0.973786 0.146029 0.000000
0.024931 -0.157802 -0.997966 0.000000
-0.263248 0.109243 1.115132 1.000000
$LocalTM 4 4
0.984485 0.135118 0.111950 0.000000
-0.133383 0.161718 0.977781 0.000000
0.114012 -0.977543 0.177232 0.000000
0.000000 0.000000 0.024106 1.000000
#BONE
@ParentName hand.r
@NodeName c_ring1.r
@BoneIndex 42
@IsCull 1
@TopNode NO
@IsActive 1
@IsShadow 1
$WorldTM 4 4
0.929784 0.252005 -0.270772 0.000000
-0.345932 0.781638 -0.497752 0.000000
0.078945 0.564946 0.834418 0.000000
-0.295584 0.101230 1.085704 1.000000
$LocalTM 4 4
0.890152 0.093135 -0.446044 0.000000
0.222000 0.766211 0.603023 0.000000
0.397927 -0.635804 0.661368 0.000000
0.013541 0.017990 0.122088 1.000000
#BONE
@ParentName c_ring1.r
@NodeName c_ring2.r
@BoneIndex 43
@IsCull 1
@TopNode NO
@IsActive 1
@IsShadow 1
$WorldTM 4 4
0.868228 0.356292 -0.351071 0.000000
0.131115 0.503337 0.866266 0.000000
0.468388 -0.783157 0.379026 0.000000
-0.292264 0.124989 1.120796 1.000000
$LocalTM 4 4
0.989199 0.146031 -0.012627 0.000000
0.025136 -0.084132 0.996137 0.000000
0.144404 -0.985696 -0.086894 0.000000
-0.000000 -0.000000 0.042055 1.000000
#BONE
@ParentName c_ring2.r
@NodeName c_ring3.r
@BoneIndex 44
@IsCull 1
@TopNode NO
@IsActive 1
@IsShadow 1
$WorldTM 4 4
0.859138 0.487833 -0.155941 0.000000
0.455813 -0.617687 0.623637 0.000000
0.210987 -0.611645 -0.777230 0.000000
-0.278801 0.102478 1.131691 1.000000
$LocalTM 4 4
0.972903 0.228812 -0.033231 0.000000
-0.034789 0.286953 0.957313 0.000000
0.228581 -0.930217 0.287138 0.000000
-0.000000 0.000000 0.028744 1.000000
#BONE
@ParentName hand.r
@NodeName c_thumb1.r
@BoneIndex 45
@IsCull 1
@TopNode NO
@IsActive 1
@IsShadow 1
$WorldTM 4 4
-0.757382 0.606994 -0.187360 0.000000
-0.644712 -0.740639 0.190916 0.000000
-0.033434 0.276840 0.972509 0.000000
-0.282327 0.006925 1.094437 1.000000
$LocalTM 4 4
-0.214338 0.530394 0.820208 0.000000
-0.968238 -0.226053 -0.106843 0.000000
0.128742 -0.817056 0.562000 0.000000
-0.034697 -0.019799 0.047933 1.000000
#BONE
@ParentName c_thumb1.r
@NodeName c_thumb2.r
@BoneIndex 46
@IsCull 1
@TopNode NO
@IsActive 1
@IsShadow 1
$WorldTM 4 4
-0.744543 0.323041 -0.565203 0.000000
-0.643746 -0.560224 0.526801 0.000000
-0.147128 0.758565 0.648347 0.000000
-0.283735 0.018578 1.135370 1.000000
$LocalTM 4 4
0.890683 0.131082 -0.435318 0.000000
0.042938 0.928996 0.367590 0.000000
0.452593 -0.346098 0.821813 0.000000
-0.000000 -0.000000 0.042090 1.000000
#BONE
@ParentName c_thumb2.r
@NodeName c_thumb3.r
@BoneIndex 47
@IsCull 1
@TopNode NO
@IsActive 1
@IsShadow 1
$WorldTM 4 4
-0.571002 -0.346197 -0.747279 0.000000
-0.812138 0.308108 0.503673 0.000000
0.069192 0.882522 -0.453006 0.000000
-0.290141 0.051609 1.163602 1.000000
$LocalTM 4 4
0.744175 0.173718 -0.645000 0.000000
0.436620 0.604266 0.666502 0.000000
0.505535 -0.777614 0.373831 0.000000
-0.000000 0.000000 0.043544 1.000000
#BONE
@ParentName root.x
@NodeName thigh_stretch.l
@BoneIndex 48
@IsCull 1
@TopNode NO
@IsActive 1
@IsShadow 1
$WorldTM 4 4
0.044718 0.897518 0.438704 0.000000
0.925083 -0.202980 0.320969 0.000000
0.377123 0.391485 -0.839356 0.000000
0.066338 0.095262 0.891825 1.000000
$LocalTM 4 4
0.656397 0.744259 0.123377 0.000000
0.614234 -0.622186 0.485388 0.000000
0.438017 -0.242825 -0.865550 0.000000
0.095699 -0.000015 0.000002 1.000000
#BONE
@ParentName thigh_stretch.l
@NodeName leg_stretch.l
@BoneIndex 49
@IsCull 1
@TopNode NO
@IsActive 1
@IsShadow 1
$WorldTM 4 4
0.233812 0.970416 -0.060195 0.000000
0.925083 -0.202980 0.320969 0.000000
0.299255 -0.130732 -0.945175 0.000000
0.211745 0.246207 0.568194 1.000000
$LocalTM 4 4
0.855014 0.000000 0.518605 0.000000
-0.000000 1.000000 -0.000000 0.000000
-0.518605 -0.000000 0.855014 0.000000
-0.000000 -0.000000 0.385570 1.000000
#BONE
@ParentName leg_stretch.l
@NodeName foot.l
@BoneIndex 50
@IsCull 1
@TopNode NO
@IsActive 1
@IsShadow 1
$WorldTM 4 4
-0.926383 0.376334 -0.013780 0.000000
0.193358 0.506732 0.840140 0.000000
0.323155 0.775626 -0.542195 0.000000
0.351831 0.185009 0.125742 1.000000
$LocalTM 4 4
0.149431 -0.937792 -0.313399 0.000000
0.486379 0.345674 -0.802462 0.000000
0.860875 -0.032518 0.507776 0.000000
0.000000 0.000000 0.468116 1.000000
#BONE
@ParentName foot.l
@NodeName toes_01.l
@BoneIndex 51
@IsCull 1
@TopNode NO
@IsActive 1
@IsShadow 1
$WorldTM 4 4
0.926516 -0.376261 0.000055 0.000000
-0.203232 -0.500568 -0.841503 0.000000
0.316652 0.779653 -0.540253 0.000000
0.405156 0.312998 0.036273 1.000000
$LocalTM 4 4
-0.999906 -0.011468 0.007541 0.000000
0.011485 -0.999931 0.002329 0.000000
0.007514 0.002415 0.999969 0.000000
0.000000 -0.000000 0.165014 1.000000
#BONE
@ParentName leg_stretch.l
@NodeName leg_twist.l
@BoneIndex 52
@IsCull 1
@TopNode NO
@IsActive 1
@IsShadow 1
$WorldTM 4 4
0.569624 0.819165 0.067048 0.000000
0.765490 -0.558459 0.319607 0.000000
0.299254 -0.130732 -0.945175 0.000000
0.281788 0.215608 0.346969 1.000000
$LocalTM 4 4
0.924081 0.382196 0.000000 0.000000
-0.382196 0.924081 0.000000 0.000000
-0.000000 -0.000000 1.000000 0.000000
-0.000000 -0.000000 0.234058 1.000000
#BONE
@ParentName thigh_stretch.l
@NodeName thigh_twist.l
@BoneIndex 53
@IsCull 1
@TopNode NO
@IsActive 1
@IsShadow 1
$WorldTM 4 4
-0.188665 0.919741 0.344210 0.000000
0.906743 0.028547 0.420715 0.000000
0.377123 0.391485 -0.839356 0.000000
0.066338 0.095262 0.891825 1.000000
$LocalTM 4 4
0.968055 -0.250739 -0.000000 0.000000
0.250739 0.968055 0.000000 0.000000
-0.000000 -0.000000 1.000000 0.000000
-0.000000 0.000000 -0.000000 1.000000
#BONE
@ParentName root.x
@NodeName thigh_stretch.r
@BoneIndex 54
@IsCull 1
@TopNode NO
@IsActive 1
@IsShadow 1
$WorldTM 4 4
0.877657 -0.216869 -0.427418 0.000000
-0.039902 -0.921740 0.385749 0.000000
-0.477626 -0.321501 -0.817626 0.000000
-0.079673 -0.026448 0.869348 1.000000
$LocalTM 4 4
0.481320 -0.849270 -0.216959 0.000000
-0.571286 -0.491663 0.657191 0.000000
-0.664803 -0.192374 -0.721824 0.000000
-0.095710 0.000004 0.000001 1.000000
#BONE
@ParentName thigh_stretch.r
@NodeName leg_stretch.r
@BoneIndex 55
@IsCull 1
@TopNode NO
@IsActive 1
@IsShadow 1
$WorldTM 4 4
0.997461 -0.059533 -0.039073 0.000000
-0.039902 -0.921740 0.385750 0.000000
-0.058980 -0.383211 -0.921776 0.000000
-0.263831 -0.150409 0.554096 1.000000
$LocalTM 4 4
0.905040 0.000000 -0.425326 0.000000
-0.000000 1.000000 0.000000 0.000000
0.425326 0.000000 0.905040 0.000000
-0.000000 -0.000000 0.385570 1.000000
#BONE
@ParentName leg_stretch.r
@NodeName foot.r
@BoneIndex 56
@IsCull 1
@TopNode NO
@IsActive 1
@IsShadow 1
$WorldTM 4 4
0.121614 -0.992525 0.009992 0.000000
-0.542753 -0.058068 0.837883 0.000000
-0.831041 -0.107322 -0.545759 0.000000
-0.291440 -0.329796 0.122597 1.000000
$LocalTM 4 4
0.180002 0.913853 0.363963 0.000000
-0.570657 0.398393 -0.718076 0.000000
-0.801218 -0.078443 0.593209 0.000000
0.000000 0.000000 0.468116 1.000000
#BONE
@ParentName foot.r
@NodeName toes_01.r
@BoneIndex 57
@IsCull 1
@TopNode NO
@IsActive 1
@IsShadow 1
$WorldTM 4 4
-0.121870 0.992489 -0.010491 0.000000
0.582605 0.062975 -0.810311 0.000000
-0.803567 -0.104865 -0.585906 0.000000
-0.428573 -0.347505 0.032540 1.000000
$LocalTM 4 4
-1.000000 -0.000276 0.000489 0.000000
0.000252 -0.998814 -0.048693 0.000000
0.000502 -0.048693 0.998815 0.000000
0.000000 0.000000 0.165012 1.000000
#BONE
@ParentName leg_stretch.r
@NodeName leg_twist.r
@BoneIndex 58
@IsCull 1
@TopNode NO
@IsActive 1
@IsShadow 1
$WorldTM 4 4
0.936255 0.299122 -0.184261 0.000000
0.346334 -0.873885 0.341141 0.000000
-0.058980 -0.383211 -0.921776 0.000000
-0.277636 -0.240102 0.338347 1.000000
$LocalTM 4 4
0.923271 -0.384150 -0.000000 0.000000
0.384150 0.923270 0.000000 0.000000
0.000000 -0.000000 1.000000 0.000000
0.000000 -0.000000 0.234058 1.000000
#BONE
@ParentName thigh_stretch.r
@NodeName thigh_twist.r
@BoneIndex 59
@IsCull 1
@TopNode NO
@IsActive 1
@IsShadow 1
$WorldTM 4 4
0.867775 -0.318030 -0.381868 0.000000
-0.137259 -0.891905 0.430889 0.000000
-0.477625 -0.321500 -0.817626 0.000000
-0.079673 -0.026447 0.869348 1.000000
$LocalTM 4 4
0.993797 0.111210 -0.000000 0.000000
-0.111210 0.993797 0.000000 0.000000
0.000000 -0.000000 1.000000 0.000000
-0.000000 -0.000000 0.000000 1.000000
#SKIN
@ParentName RootNode
@NodeName HEAD
@MeshName Player+_0
@IsActive 1
@MaterialName Player+_HEAD
@IsShadow 1
@IsCull 1
@TopNode YES
$WorldTM 4 4
1.000000 0.000000 0.000000 0.000000
0.000000 -0.000000 1.000000 0.000000
0.000000 -1.000000 -0.000000 0.000000
0.000000 0.000000 0.000000 1.000000
$LocalTM 4 4
1.000000 0.000000 0.000000 0.000000
0.000000 -0.000001 -1.000000 0.000000
0.000000 1.000000 -0.000001 0.000000
0.000000 0.000000 0.000000 1.000000
$BoneOffset 60 16
1.000000 -0.000003 0.000000 0.000000 -0.000000 -0.017264 0.999851 0.000000 -0.000003 -0.999851 -0.017264 0.000000 0.000000 0.029999 -0.963382 1.000000
0.999978 -0.006603 0.000000 0.000000 0.000422 0.063840 0.997960 0.000000 -0.006589 -0.997938 0.063841 0.000000 -0.000402 -0.060937 -1.120379 1.000000
1.000000 0.000000 -0.000000 0.000000 -0.000000 0.281586 0.959536 0.000000 0.000000 -0.959536 0.281586 0.000000 0.000000 -0.338593 -1.225818 1.000000
1.000000 0.000000 0.000000 0.000000 -0.000000 0.009880 0.999951 0.000000 0.000000 -0.999951 0.009880 0.000000 -0.000000 0.046517 -1.408914 1.000000
0.999910 0.013452 0.000000 0.000000 0.004236 -0.314838 0.949136 0.000000 0.012768 -0.949050 -0.314867 0.000000 -0.007359 0.546975 -1.452545 1.000000
1.000000 -0.000068 0.000000 0.000000 -0.000018 -0.257560 0.966263 0.000000 -0.000066 -0.966262 -0.257560 0.000000 0.000031 0.455214 -1.549311 1.000000
0.418477 -0.105579 0.902070 0.000000 -0.102882 0.981316 0.162582 0.000000 -0.902381 -0.160843 0.399797 0.000000 0.146484 -1.399686 -0.283557 1.000000
0.092227 0.915024 0.392715 0.000000 -0.120689 0.401760 -0.907757 0.000000 -0.988396 0.036323 0.147486 0.000000 0.241653 -0.763565 1.238851 1.000000
0.106726 0.866762 0.487169 0.000000 -0.149716 0.498390 -0.853927 0.000000 -0.982952 0.018199 0.182959 0.000000 0.276713 -0.880277 1.115793 1.000000
-0.105029 0.915024 0.389487 0.000000 0.324206 0.401761 -0.856434 0.000000 -0.940138 0.036324 -0.338853 0.000000 -0.255597 -0.763566 0.984141 1.000000
-0.162641 0.906558 0.389487 0.000000 0.298170 0.421445 -0.856434 0.000000 -0.940554 -0.023158 -0.338853 0.000000 -0.206835 -0.778191 0.863832 1.000000
-0.162031 0.962700 0.216688 0.000000 0.296821 0.256968 -0.919709 0.000000 -0.941086 -0.084704 -0.327387 0.000000 -0.205662 -0.628406 0.874069 1.000000
-0.164392 0.986244 0.017259 0.000000 0.226631 0.054793 -0.972438 0.000000 -0.960007 -0.155950 -0.232521 0.000000 -0.176888 -0.463768 0.876165 1.000000
-0.123168 0.961968 -0.243819 0.000000 0.134070 -0.227308 -0.964550 0.000000 -0.983288 -0.151490 -0.100974 0.000000 -0.114313 -0.207290 0.937809 1.000000
-0.145142 0.894618 -0.422602 0.000000 0.075582 -0.415852 -0.906286 0.000000 -0.986519 -0.163481 -0.007259 0.000000 -0.056047 -0.020963 0.938507 1.000000
-0.134828 0.990538 -0.025591 0.000000 0.140014 -0.006522 -0.990128 0.000000 -0.980927 -0.137080 -0.137810 0.000000 -0.082134 -0.413013 0.908791 1.000000
-0.098993 0.935709 -0.338597 0.000000 0.041832 -0.336055 -0.940913 0.000000 -0.994208 -0.107308 -0.005875 0.000000 -0.012819 -0.105439 0.953009 1.000000
-0.092370 0.919135 -0.382960 0.000000 -0.051273 -0.388485 -0.920028 0.000000 -0.994404 -0.065347 0.083011 0.000000 0.061836 -0.054310 0.922685 1.000000
-0.078519 0.993932 0.077028 0.000000 0.002633 0.077473 -0.996991 0.000000 -0.996909 -0.078080 -0.008700 0.000000 0.069413 -0.490581 0.868657 1.000000
-0.100022 0.821228 -0.561764 0.000000 0.004090 -0.564251 -0.825593 0.000000 -0.994977 -0.084875 0.053079 0.000000 0.077308 0.138673 0.952931 1.000000
-0.145834 0.661393 -0.735725 0.000000 0.052282 -0.737484 -0.673337 0.000000 -0.987926 -0.136661 0.072971 0.000000 0.055360 0.353485 0.871725 1.000000
-0.103316 0.988190 -0.113165 0.000000 0.082421 -0.104877 -0.991064 0.000000 -0.991228 -0.111719 -0.070612 0.000000 -0.016955 -0.323485 0.945244 1.000000
-0.099313 0.964927 -0.243007 0.000000 0.022761 -0.241947 -0.970023 0.000000 -0.994796 -0.101867 0.002065 0.000000 0.032864 -0.195583 0.938801 1.000000
-0.116075 0.928745 -0.352078 0.000000 -0.020553 -0.356644 -0.934014 0.000000 -0.993027 -0.101179 0.060486 0.000000 0.075924 -0.084904 0.924426 1.000000
-0.940724 0.227915 -0.251185 0.000000 0.338940 0.659194 -0.671255 0.000000 0.012590 -0.716602 -0.697369 0.000000 0.011511 -0.740062 0.750235 1.000000
-0.944720 0.153060 -0.289958 0.000000 0.327548 0.480142 -0.813742 0.000000 0.014669 -0.863734 -0.503734 0.000000 0.023943 -0.546939 0.865781 1.000000
-0.964723 0.064530 -0.255235 0.000000 0.262878 0.288716 -0.920619 0.000000 0.014283 -0.955238 -0.295495 0.000000 0.090563 -0.344928 0.921202 1.000000
0.418477 0.105578 -0.902070 0.000000 0.102883 0.981317 0.162581 0.000000 0.902381 -0.160844 0.399797 0.000000 -0.146485 -1.399687 -0.283556 1.000000
0.092227 -0.915024 -0.392714 0.000000 0.120689 0.401760 -0.907757 0.000000 0.988397 0.036323 0.147487 0.000000 -0.241653 -0.763564 1.238852 1.000000
0.106725 -0.866762 -0.487169 0.000000 0.149717 0.498390 -0.853927 0.000000 0.982952 0.018198 0.182960 0.000000 -0.276714 -0.880277 1.115793 1.000000
-0.105029 -0.915024 -0.389487 0.000000 -0.324206 0.401761 -0.856434 0.000000 0.940138 0.036324 -0.338853 0.000000 0.255596 -0.763566 0.984141 1.000000
-0.162648 -0.906557 -0.389487 0.000000 -0.298167 0.421447 -0.856434 0.000000 0.940554 -0.023165 -0.338852 0.000000 0.206829 -0.778193 0.863832 1.000000
-0.162032 -0.962700 -0.216688 0.000000 -0.296820 0.256969 -0.919709 0.000000 0.941086 -0.084705 -0.327386 0.000000 0.205661 -0.628407 0.874069 1.000000
-0.164391 -0.986244 -0.017259 0.000000 -0.226630 0.054793 -0.972439 0.000000 0.960007 -0.155949 -0.232521 0.000000 0.176888 -0.463769 0.876165 1.000000
-0.123168 -0.961968 0.243818 0.000000 -0.134069 -0.227307 -0.964550 0.000000 0.983288 -0.151491 -0.100973 0.000000 0.114312 -0.207291 0.937809 1.000000
-0.145143 -0.894618 0.422602 0.000000 -0.075582 -0.415852 -0.906286 0.000000 0.986519 -0.163482 -0.007259 0.000000 0.056046 -0.020963 0.938507 1.000000
-0.134828 -0.990539 0.025591 0.000000 -0.140014 -0.006522 -0.990128 0.000000 0.980926 -0.137080 -0.137810 0.000000 0.082133 -0.413013 0.908791 1.000000
-0.098994 -0.935710 0.338595 0.000000 -0.041832 -0.336052 -0.940914 0.000000 0.994208 -0.107309 -0.005875 0.000000 0.012818 -0.105441 0.953008 1.000000
-0.092370 -0.919136 0.382959 0.000000 0.051273 -0.388484 -0.920028 0.000000 0.994403 -0.065347 0.083011 0.000000 -0.061836 -0.054311 0.922685 1.000000
-0.078519 -0.993932 -0.077028 0.000000 -0.002633 0.077473 -0.996991 0.000000 0.996909 -0.078080 -0.008700 0.000000 -0.069413 -0.490581 0.868657 1.000000
-0.100022 -0.821229 0.561764 0.000000 -0.004090 -0.564251 -0.825593 0.000000 0.994977 -0.084875 0.053079 0.000000 -0.077308 0.138672 0.952931 1.000000
-0.145836 -0.661395 0.735723 0.000000 -0.052283 -0.737482 -0.673340 0.000000 0.987926 -0.136663 0.072972 0.000000 -0.055360 0.353483 0.871726 1.000000
-0.103316 -0.988190 0.113164 0.000000 -0.082421 -0.104876 -0.991064 0.000000 0.991228 -0.111719 -0.070612 0.000000 0.016955 -0.323486 0.945244 1.000000
-0.099313 -0.964928 0.243005 0.000000 -0.022761 -0.241946 -0.970023 0.000000 0.994796 -0.101867 0.002065 0.000000 -0.032864 -0.195585 0.938801 1.000000
-0.116076 -0.928746 0.352076 0.000000 0.020552 -0.356642 -0.934015 0.000000 0.993027 -0.101181 0.060485 0.000000 -0.075924 -0.084906 0.924426 1.000000
-0.940724 -0.227915 0.251185 0.000000 -0.338940 0.659194 -0.671254 0.000000 -0.012591 -0.716601 -0.697369 0.000000 -0.011511 -0.740062 0.750234 1.000000
-0.944722 -0.153056 0.289956 0.000000 -0.327545 0.480143 -0.813743 0.000000 -0.014672 -0.863734 -0.503734 0.000000 -0.023947 -0.546938 0.865781 1.000000
-0.964723 -0.064529 0.255235 0.000000 -0.262878 0.288716 -0.920619 0.000000 -0.014284 -0.955237 -0.295494 0.000000 -0.090563 -0.344927 0.921202 1.000000
0.481241 0.866894 0.130052 0.000000 -0.016059 0.157055 -0.987460 0.000000 -0.876455 0.473113 0.089501 0.000000 -0.018864 -0.240643 0.938029 1.000000
0.489847 0.866894 0.092500 0.000000 -0.092271 0.157056 -0.983270 0.000000 -0.866925 0.473113 0.156921 0.000000 0.023858 -0.240643 0.552266 1.000000
-0.967887 0.127027 0.216937 0.000000 -0.011857 0.838920 -0.544137 0.000000 -0.251109 -0.529232 -0.810478 0.000000 0.214988 -0.062783 0.124086 1.000000
0.967888 -0.137359 0.210546 0.000000 0.011858 -0.811652 -0.584033 0.000000 0.251109 0.567772 -0.783961 0.000000 -0.214989 0.064685 -0.037846 1.000000
0.489847 0.866894 0.092500 0.000000 -0.092271 0.157056 -0.983270 0.000000 -0.866925 0.473113 0.156921 0.000000 0.023857 -0.240643 0.318208 1.000000
0.481241 0.866894 0.130052 0.000000 -0.016059 0.157055 -0.987459 0.000000 -0.876455 0.473114 0.089501 0.000000 -0.018864 -0.240643 0.938029 1.000000
0.481231 -0.866895 -0.130052 0.000000 0.016059 0.157054 -0.987460 0.000000 0.876452 0.473106 0.089500 0.000000 0.018863 -0.240642 0.938029 1.000000
0.489837 -0.866895 -0.092500 0.000000 0.092269 0.157055 -0.983270 0.000000 0.866923 0.473106 0.156918 0.000000 -0.023858 -0.240642 0.552266 1.000000
-0.967886 -0.127028 -0.216939 0.000000 0.011859 0.838914 -0.544138 0.000000 0.251113 -0.529235 -0.810468 0.000000 -0.214989 -0.062782 0.124085 1.000000
0.967938 0.136994 -0.210548 0.000000 -0.012167 -0.811641 -0.584035 0.000000 -0.250898 0.567870 -0.783952 0.000000 0.215014 0.064604 -0.037847 1.000000
0.489837 -0.866895 -0.092500 0.000000 0.092269 0.157055 -0.983271 0.000000 0.866923 0.473106 0.156918 0.000000 -0.023858 -0.240642 0.318208 1.000000
0.481231 -0.866895 -0.130052 0.000000 0.016059 0.157054 -0.987460 0.000000 0.876452 0.473106 0.089500 0.000000 0.018863 -0.240642 0.938029 1.000000
#SKIN
@ParentName RootNode
@NodeName BODY
@MeshName Player+_1
@IsActive 1
@MaterialName Player+_BODY
@IsShadow 1
@IsCull 1
@TopNode YES
$WorldTM 4 4
1.000000 0.000000 0.000000 0.000000
0.000000 -0.000000 1.000000 0.000000
0.000000 -1.000000 -0.000000 0.000000
0.000000 0.000000 0.000000 1.000000
$LocalTM 4 4
1.000000 0.000000 0.000000 0.000000
0.000000 -0.000001 -1.000000 0.000000
0.000000 1.000000 -0.000001 0.000000
0.000000 0.000000 0.000000 1.000000
&