#BONE
@NodeName root.x
@ParentName root
@BoneIndex 0
@TopNode YES
$WorldTM 4 4
0.762321 0.636991 0.114494 0.000000
-0.635249 0.702603 0.320636 0.000000
0.123798 -0.317160 0.940257 0.000000
-0.006824 0.034449 0.880132 1.000000
$LocalTM 4 4
0.762321 0.114494 -0.636991 0.000000
-0.635249 0.320636 -0.702603 0.000000
0.123798 0.940257 0.317160 0.000000
-0.006824 0.880132 -0.034450 1.000000
#BONE
@NodeName spine_01.x
@ParentName root.x
@BoneIndex 1
@TopNode NO
$WorldTM 4 4
0.695260 0.718365 -0.023752 0.000000
-0.705018 0.688027 0.171953 0.000000
0.139867 -0.102806 0.984819 0.000000
0.012825 -0.015799 1.028920 1.000000
$LocalTM 4 4
0.984884 0.055447 -0.164098 0.000000
-0.079495 0.986406 -0.143815 0.000000
0.153893 0.154686 0.975904 0.000000
0.000007 -0.000080 0.158268 1.000000
#BONE
@NodeName spine_02.x
@ParentName spine_01.x
@BoneIndex 2
@TopNode NO
$WorldTM 4 4
0.733212 0.669684 -0.118001 0.000000
-0.647013 0.633667 -0.424076 0.000000
-0.209224 0.387285 0.897906 0.000000
0.033788 -0.031207 1.176526 1.000000
$LocalTM 4 4
0.993654 -0.076457 -0.082505 0.000000
0.015435 0.819215 -0.573279 0.000000
0.111420 0.568367 0.815196 0.000000
0.000000 0.000000 0.149881 1.000000
#BONE
@NodeName spine_03.x
@ParentName spine_02.x
@BoneIndex 3
@TopNode NO
$WorldTM 4 4
0.738815 0.671873 -0.052330 0.000000
-0.657832 0.702153 -0.272465 0.000000
-0.146318 0.235725 0.960742 0.000000
0.003954 0.024018 1.304563 1.000000
$LocalTM 4 4
0.997826 -0.030087 0.058641 0.000000
0.020041 0.986103 0.164921 0.000000
-0.062788 -0.163387 0.984562 0.000000
0.000000 -0.000000 0.142596 1.000000
#BONE
@NodeName neck.x
@ParentName spine_03.x
@BoneIndex 4
@TopNode NO
$WorldTM 4 4
0.790636 0.598707 -0.128236 0.000000
-0.393136 0.335829 -0.855958 0.000000
-0.469403 0.727165 0.500892 0.000000
-0.023983 0.072342 1.432354 1.000000
$LocalTM 4 4
0.993100 -0.064782 -0.097755 0.000000
-0.020028 0.727639 -0.685668 0.000000
0.115549 0.682894 0.721321 0.000000
0.005141 0.017491 0.138253 1.000000
#BONE
@NodeName head.x
@ParentName neck.x
@BoneIndex 5
@TopNode NO
$WorldTM 4 4
0.999623 0.017906 -0.020793 0.000000
-0.025940 0.863782 -0.503197 0.000000
0.008950 0.503547 0.863922 0.000000
-0.055329 0.120902 1.465804 1.000000
$LocalTM 4 4
0.803725 -0.369176 -0.466620 0.000000
0.561172 0.730996 0.388241 0.000000
0.197768 -0.573893 0.794691 0.000000
-0.000000 -0.000000 0.066779 1.000000
#BONE
@NodeName shoulder.l
@ParentName spine_03.x
@BoneIndex 6
@TopNode NO
$WorldTM 4 4
-0.309192 0.590572 -0.745403 0.000000
-0.628021 0.461790 0.626371 0.000000
0.714136 0.661797 0.228110 0.000000
0.017385 0.082282 1.322751 1.000000
$LocalTM 4 4
0.207361 0.821164 -0.531687 0.000000
-0.186505 0.566716 0.802527 0.000000
0.960321 -0.067251 0.270666 0.000000
0.048118 0.027120 0.029243 1.000000
#BONE
@NodeName arm_stretch.l
@ParentName shoulder.l
@BoneIndex 7
@TopNode NO
$WorldTM 4 4
-0.337240 0.826916 -0.449977 0.000000
0.668920 0.546808 0.503534 0.000000
0.662864 -0.131272 -0.738028 0.000000
0.130725 0.187316 1.358955 1.000000
$LocalTM 4 4
0.928039 0.311803 0.203771 0.000000
-0.259230 0.147814 0.954437 0.000000
0.267650 -0.939191 0.218148 0.000000
-0.000000 0.000000 0.158710 1.000000
#BONE
@NodeName arm_twist.l
@ParentName arm_stretch.l
@BoneIndex 8
@TopNode NO
$WorldTM 4 4
-0.629099 0.365459 -0.686820 0.000000
0.281197 0.930393 0.237509 0.000000
0.725758 -0.043830 -0.688167 0.000000
0.141001 0.175255 1.336393 1.000000
$LocalTM 4 4
0.823415 -0.566818 0.041856 0.000000
0.567653 0.816439 -0.110883 0.000000
0.028660 0.114993 0.993421 0.000000
-0.003287 -0.011082 0.025013 1.000000
#BONE
@NodeName forearm_stretch.l
@ParentName arm_stretch.l
@BoneIndex 9
@TopNode NO
$WorldTM 4 4
-0.746630 0.477824 0.462848 0.000000
0.665225 0.534476 0.521355 0.000000
0.002085 0.687327 -0.707300 0.000000
0.297232 0.154342 1.173567 1.000000
$LocalTM 4 4
0.438643 -0.005098 -0.898061 0.000000
-0.016971 0.999758 -0.013965 0.000000
0.885927 0.021082 0.432597 0.000000
-0.000000 -0.000000 0.251193 1.000000
#BONE
@NodeName forearm_twist.l
@ParentName forearm_stretch.l
@BoneIndex 10
@TopNode NO
$WorldTM 4 4
-0.995335 0.070302 0.065955 0.000000
0.096378 0.713468 0.694038 0.000000
0.002085 0.687327 -0.707300 0.000000
0.297483 0.237033 1.088473 1.000000
$LocalTM 4 4
0.807276 -0.590174 0.000000 0.000000
0.590174 0.807276 0.000000 0.000000
-0.000000 -0.000000 1.000000 0.000000
-0.000000 0.000000 0.120309 1.000000
#BONE
@NodeName hand.l
@ParentName forearm_stretch.l
@BoneIndex 11
@TopNode NO
$WorldTM 4 4
-0.778221 -0.381165 0.499476 0.000000
-0.100886 0.856978 0.505374 0.000000
-0.629909 0.333484 -0.701453 0.000000
0.297734 0.319725 1.003378 1.000000
$LocalTM 4 4
0.629781 -0.461026 -0.633878 0.000000
0.718830 0.654391 0.238238 0.000000
0.305377 -0.606497 0.744515 0.000000
-0.000000 -0.000000 0.240619 1.000000
#BONE
@NodeName c_index1.l
@ParentName hand.l
@BoneIndex 12
@TopNode NO
$WorldTM 4 4
-0.965989 -0.269536 0.067600 0.000000
-0.281073 0.901279 -0.311739 0.000000
0.021305 -0.325507 -0.946131 0.000000
0.183164 0.359504 0.943646 1.000000
$LocalTM 4 4
0.882490 -0.100780 0.459406 0.000000
-0.292126 0.648073 0.703323 0.000000
-0.368610 -0.754881 0.542478 0.000000
0.042463 0.015934 0.126870 1.000000
#BONE
@NodeName c_index2.l
@ParentName c_index1.l
@BoneIndex 13
@TopNode NO
$WorldTM 4 4
-0.694935 -0.674348 -0.260545 0.000000
0.240452 0.116597 -0.960869 0.000000
0.686905 -0.722889 0.075912 0.000000
0.184145 0.344526 0.900111 1.000000
$LocalTM 4 4
0.827998 -0.339384 0.446362 0.000000
-0.330648 0.347400 0.877488 0.000000
-0.452871 -0.874147 0.175430 0.000000
0.000000 -0.000000 0.046013 1.000000
#BONE
@NodeName c_index3.l
@ParentName c_index2.l
@BoneIndex 14
@TopNode NO
$WorldTM 4 4
-0.518801 -0.837391 -0.171460 0.000000
0.555397 -0.179464 -0.813268 0.000000
0.659522 -0.507423 0.553274 0.000000
0.203157 0.324518 0.902212 1.000000
$LocalTM 4 4
0.967188 -0.064399 0.245765 0.000000
-0.052634 0.895564 0.441808 0.000000
-0.248551 -0.440247 0.862789 0.000000
0.000000 0.000000 0.027678 1.000000
#BONE
@NodeName c_middle1.l
@ParentName hand.l
@BoneIndex 15
@TopNode NO
$WorldTM 4 4
-0.909848 -0.372240 0.201090 0.000000
-0.423829 0.856932 -0.278256 0.000000
-0.071665 -0.343532 -0.937578 0.000000
0.206943 0.373542 0.930305 1.000000
$LocalTM 4 4
0.946806 -0.128120 0.295200 0.000000
-0.148062 0.641031 0.753098 0.000000
-0.285719 -0.756746 0.587963 0.000000
0.011950 0.018951 0.126335 1.000000
#BONE
@NodeName c_middle2.l
@ParentName c_middle1.l
@BoneIndex 16
@TopNode NO
$WorldTM 4 4
-0.797431 -0.605634 0.037105 0.000000
0.058743 -0.147181 -0.986899 0.000000
0.610936 -0.776179 0.146865 0.000000
0.203553 0.357296 0.885966 1.000000
$LocalTM 4 4
0.953082 -0.202558 0.224956 0.000000
-0.201539 0.129892 0.970829 0.000000
-0.225869 -0.970617 0.082974 0.000000
-0.000000 0.000000 0.047291 1.000000
#BONE
@NodeName c_middle3.l
@ParentName c_middle2.l
@BoneIndex 17
@TopNode NO
$WorldTM 4 4
-0.615141 -0.780874 0.096718 0.000000
0.483290 -0.471064 -0.740452 0.000000
0.632947 -0.399052 0.662791 0.000000
0.223574 0.331861 0.890779 1.000000
$LocalTM 4 4
0.966240 -0.023492 0.256570 0.000000
-0.125374 0.827102 0.547890 0.000000
-0.225081 -0.561561 0.796234 0.000000
-0.000000 0.000000 0.032770 1.000000
#BONE
@NodeName c_pinky1.l
@ParentName hand.l
@BoneIndex 18
@TopNode NO
$WorldTM 4 4
-0.931963 -0.319561 0.192985 0.000000
-0.377233 0.722400 -0.570334 0.000000
0.041597 -0.605746 -0.796487 0.000000
0.252289 0.392570 0.911068 1.000000
$LocalTM 4 4
0.939228 -0.084614 0.332703 0.000000
-0.279407 0.374667 0.884056 0.000000
-0.199456 -0.923291 0.328256 0.000000
-0.040088 0.021142 0.118285 1.000000
#BONE
@NodeName c_pinky2.l
@ParentName c_pinky1.l
@BoneIndex 19
@TopNode NO
$WorldTM 4 4
-0.929626 -0.300016 0.231125 0.000000
-0.207397 -0.127798 -0.970113 0.000000
0.324609 -0.940514 0.048749 0.000000
0.253925 0.368751 0.879748 1.000000
$LocalTM 4 4
0.999082 -0.008554 -0.041983 0.000000
0.039883 0.543694 0.838335 0.000000
0.015655 -0.839240 0.543536 0.000000
-0.000000 -0.000000 0.039322 1.000000
#BONE
@NodeName c_pinky3.l
@ParentName c_pinky2.l
@BoneIndex 20
@TopNode NO
$WorldTM 4 4
-0.957168 -0.165599 0.256035 0.000000
-0.053846 -0.737445 -0.675169 0.000000
0.305808 -0.647812 0.689571 0.000000
0.261750 0.346079 0.880923 1.000000
$LocalTM 4 4
0.990224 -0.034794 -0.135073 0.000000
0.114517 0.755658 0.644877 0.000000
0.079631 -0.654042 0.752255 0.000000
-0.000000 -0.000000 0.024106 1.000000
#BONE
@NodeName c_ring1.l
@ParentName hand.l
@BoneIndex 21
@TopNode NO
$WorldTM 4 4
-0.781559 -0.527782 0.333318 0.000000
-0.626278 0.725659 -0.279306 0.000000
-0.097630 -0.431016 -0.898779 0.000000
0.230802 0.384016 0.919457 1.000000
$LocalTM 4 4
0.975517 -0.208824 0.068993 0.000000
0.058281 0.547962 0.834470 0.000000
-0.212063 -0.810019 0.546717 0.000000
-0.015978 0.020138 0.122770 1.000000
#BONE
@NodeName c_ring2.l
@ParentName c_ring1.l
@BoneIndex 22
@TopNode NO
$WorldTM 4 4
-0.746144 -0.585706 0.315327 0.000000
-0.075349 -0.403442 -0.913416 0.000000
0.670956 -0.696485 0.251310 0.000000
0.226696 0.365889 0.881658 1.000000
$LocalTM 4 4
0.997533 -0.059321 0.037537 0.000000
-0.036968 0.010671 0.999259 0.000000
-0.059678 -0.998182 0.008452 0.000000
0.000000 0.000000 0.042055 1.000000
#BONE
@NodeName c_ring3.l
@ParentName c_ring2.l
@BoneIndex 23
@TopNode NO
$WorldTM 4 4
-0.765117 -0.553785 0.328297 0.000000
0.214002 -0.697863 -0.685285 0.000000
0.617568 -0.444093 0.647705 0.000000
0.245982 0.345869 0.888882 1.000000
$LocalTM 4 4
0.999227 -0.023201 -0.031743 0.000000
0.035170 0.888347 0.457823 0.000000
0.017577 -0.458586 0.888477 0.000000
0.000000 0.000000 0.028744 1.000000
#BONE
@NodeName c_thumb1.l
@ParentName hand.l
@BoneIndex 24
@TopNode NO
$WorldTM 4 4
0.523098 -0.817286 0.229278 0.000000
-0.649462 -0.195842 0.733788 0.000000
-0.563168 -0.533477 -0.637104 0.000000
0.242536 0.305517 0.977079 1.000000
$LocalTM 4 4
0.031453 -0.641393 -0.766567 0.000000
0.947397 0.263533 -0.181627 0.000000
0.318511 -0.720531 0.615943 0.000000
0.034697 -0.019799 0.047933 1.000000
#BONE
@NodeName c_thumb2.l
@ParentName c_thumb1.l
@BoneIndex 25
@TopNode NO
$WorldTM 4 4
0.500275 -0.859930 -0.086922 0.000000
-0.870937 -0.485119 -0.122136 0.000000
0.061515 0.126841 -0.987138 0.000000
0.218832 0.283063 0.950264 1.000000
$LocalTM 4 4
0.948810 -0.210374 0.235588 0.000000
-0.077240 0.568700 0.818911 0.000000
-0.306256 -0.795188 0.523339 0.000000
0.000000 0.000000 0.042090 1.000000
#BONE
@NodeName c_thumb3.l
@ParentName c_thumb2.l
@BoneIndex 26
@TopNode NO
$WorldTM 4 4
0.571209 -0.755866 -0.322954 0.000000
-0.766452 -0.336376 -0.556667 0.000000
0.314421 0.553558 -0.763372 0.000000
0.221510 0.288586 0.907280 1.000000
$LocalTM 4 4
0.963853 -0.084360 0.252727 0.000000
-0.042303 0.888065 0.457767 0.000000
-0.263055 -0.451911 0.852395 0.000000
0.000000 0.000000 0.043544 1.000000
#BONE
@NodeName shoulder.r
@ParentName spine_03.x
@BoneIndex 27
@TopNode NO
$WorldTM 4 4
0.598039 -0.363450 0.714320 0.000000
-0.191045 0.800929 0.567463 0.000000
-0.778364 -0.475832 0.409552 0.000000
-0.057935 0.014520 1.328559 1.000000
$LocalTM 4 4
0.160267 -0.843234 0.513099 0.000000
0.367281 0.533437 0.761938 0.000000
-0.916198 0.066338 0.395197 0.000000
-0.053361 0.027505 0.029871 1.000000
#BONE
@NodeName arm_stretch.r
@ParentName shoulder.r
@BoneIndex 28
@TopNode NO
$WorldTM 4 4
0.785457 -0.453189 0.421518 0.000000
-0.595829 -0.737960 0.316863 0.000000
0.168740 -0.503842 -0.856130 0.000000
-0.181469 -0.060999 1.393559 1.000000
$LocalTM 4 4
0.935544 -0.273834 -0.223096 0.000000
0.138223 -0.297417 0.944689 0.000000
-0.327516 -0.921601 -0.242227 0.000000
-0.000000 -0.000000 0.158710 1.000000
#BONE
@NodeName arm_twist.r
@ParentName arm_stretch.r
@BoneIndex 29
@TopNode NO
$WorldTM 4 4
0.290201 -0.805525 0.514811 0.000000
-0.943660 -0.314516 0.039807 0.000000
0.132874 -0.506783 -0.867452 0.000000
-0.168208 -0.066758 1.369899 1.000000
$LocalTM 4 4
0.809997 0.584660 0.013869 0.000000
-0.581890 0.806974 -0.034322 0.000000
-0.031611 0.019953 1.005046 0.000000
0.003053 -0.011149 0.025013 1.000000
#BONE
@NodeName forearm_stretch.r
@ParentName arm_stretch.r
@BoneIndex 30
@TopNode NO
$WorldTM 4 4
0.156749 -0.426891 -0.890614 0.000000
-0.588951 -0.764592 0.261797 0.000000
-0.780970 0.476682 -0.364941 0.000000
-0.139083 -0.187561 1.178506 1.000000
$LocalTM 4 4
-0.058828 -0.060570 0.988898 0.000000
-0.005739 0.998106 0.060792 0.000000
-0.983274 -0.002083 -0.058621 0.000000
-0.000000 0.000000 0.251193 1.000000
#BONE
@NodeName forearm_twist.r
@ParentName forearm_stretch.r
@BoneIndex 31
@TopNode NO
$WorldTM 4 4
0.577668 0.790430 -0.204059 0.000000
0.194251 -0.376905 -0.905589 0.000000
-0.780969 0.476681 -0.364942 0.000000
-0.233040 -0.130212 1.134599 1.000000
$LocalTM 4 4
-0.064223 -0.997936 -0.000000 0.000000
0.997935 -0.064223 -0.000001 0.000000
0.000001 -0.000000 1.000000 0.000000
0.000000 0.000000 0.120309 1.000000
#BONE
@NodeName hand.r
@ParentName forearm_stretch.r
@BoneIndex 32
@TopNode NO
$WorldTM 4 4
0.695399 0.704262 -0.143231 0.000000
-0.117734 -0.082872 -0.988819 0.000000
-0.704607 0.709882 0.036542 0.000000
-0.326999 -0.072863 1.090694 1.000000
$LocalTM 4 4
-0.063313 -0.985476 -0.159963 0.000000
0.898073 -0.126969 0.426758 0.000000
-0.445126 -0.117766 0.901689 0.000000
0.000000 0.000000 0.240619 1.000000
#BONE
@NodeName c_index1.r
@ParentName hand.r
@BoneIndex 33
@TopNode NO
$WorldTM 4 4
0.883985 0.383758 -0.264125 0.000000
-0.454509 0.633438 -0.619050 0.000000
-0.076843 0.676957 0.739343 0.000000
-0.447192 -0.013946 1.085394 1.000000
$LocalTM 4 4
0.924290 0.119836 -0.362390 0.000000
0.214267 0.622820 0.752452 0.000000
0.315875 -0.773133 0.549990 0.000000
-0.041947 0.016110 0.126491 1.000000
#BONE
@NodeName c_index2.r
@ParentName c_index1.r
@BoneIndex 34
@TopNode NO
$WorldTM 4 4
0.588993 0.300607 -0.751980 0.000000
0.186270 0.854955 0.492874 0.000000
0.782498 -0.430666 0.437279 0.000000
-0.450728 0.017203 1.119414 1.000000
$LocalTM 4 4
0.832697 0.390087 -0.392998 0.000000
0.365580 0.145772 0.919294 0.000000
0.415893 -0.909166 -0.021224 0.000000
0.000000 0.000000 0.046013 1.000000
#BONE
@NodeName c_index3.r
@ParentName c_index2.r
@BoneIndex 35
@TopNode NO
$WorldTM 4 4
0.278812 0.613677 -0.737968 0.000000
0.806368 0.265432 0.519365 0.000000
0.515701 -0.748152 -0.430436 0.000000
-0.429070 0.005283 1.131517 1.000000
$LocalTM 4 4
0.902949 0.212006 -0.373814 0.000000
0.164247 0.633561 0.756058 0.000000
0.397122 -0.744079 0.537252 0.000000
-0.000000 0.000000 0.027678 1.000000
#BONE
@NodeName c_middle1.r
@ParentName hand.r
@BoneIndex 36
@TopNode NO
$WorldTM 4 4
0.866712 0.433785 -0.243011 0.000000
-0.473957 0.603400 -0.633828 0.000000
-0.134486 0.674184 0.734043 0.000000
-0.426567 0.006878 1.078191 1.000000
$LocalTM 4 4
0.944290 0.097361 -0.314382 0.000000
0.181717 0.642193 0.744692 0.000000
0.274398 -0.760334 0.588725 0.000000
-0.011914 0.019040 0.126371 1.000000
#BONE
@NodeName c_middle2.r
@ParentName c_middle1.r
@BoneIndex 37
@TopNode NO
$WorldTM 4 4
0.772486 0.426918 -0.470885 0.000000
0.011940 0.731248 0.689440 0.000000
0.630107 -0.538333 0.550047 0.000000
-0.432927 0.038761 1.112905 1.000000
$LocalTM 4 4
0.969350 0.187729 -0.158484 0.000000
0.162765 -0.007509 0.986636 0.000000
0.184030 -0.982192 -0.037834 0.000000
0.000000 -0.000000 0.047291 1.000000
#BONE
@NodeName c_middle3.r
@ParentName c_middle2.r
@BoneIndex 38
@TopNode NO
$WorldTM 4 4
0.581821 0.606361 -0.542834 0.000000
0.588350 0.142682 0.790102 0.000000
0.556094 -0.786609 -0.284046 0.000000
-0.412279 0.021120 1.130930 1.000000
$LocalTM 4 4
0.962937 0.076649 -0.258606 0.000000
0.146919 0.655007 0.741202 0.000000
0.226201 -0.751725 0.619470 0.000000
-0.000000 -0.000000 0.032770 1.000000
#BONE
@NodeName c_pinky1.r
@ParentName hand.r
@BoneIndex 39
@TopNode NO
$WorldTM 4 4
0.941535 0.229171 -0.242638 0.000000
-0.327536 0.633712 -0.694936 0.000000
-0.011967 0.743422 0.676612 0.000000
-0.384754 0.034344 1.071067 1.000000
$LocalTM 4 4
0.853098 0.102908 -0.511502 0.000000
0.313969 0.681736 0.660803 0.000000
0.416711 -0.724325 0.549278 0.000000
0.037573 0.018691 0.115927 1.000000
#BONE
@NodeName c_pinky2.r
@ParentName c_pinky1.r
@BoneIndex 40
@TopNode NO
$WorldTM 4 4
0.952194 0.266817 -0.135939 0.000000
-0.086124 0.670298 0.744401 0.000000
0.282527 -0.697349 0.653454 0.000000
-0.385224 0.063577 1.097673 1.000000
$LocalTM 4 4
0.993562 -0.054676 0.099230 0.000000
-0.102907 -0.069127 0.992287 0.000000
-0.047395 -0.996109 -0.074308 0.000000
-0.000000 0.000000 0.039323 1.000000
#BONE
@NodeName c_pinky3.r
@ParentName c_pinky2.r
@BoneIndex 41
@TopNode NO
$WorldTM 4 4
0.990068 0.115410 0.011247 0.000000
0.031591 -0.424790 0.901945 0.000000
0.112604 -0.901676 -0.431256 0.000000
-0.378414 0.046767 1.113425 1.000000
$LocalTM 4 4
0.976854 0.005793 0.213829 0.000000
-0.199634 0.383728 0.901609 0.000000
-0.076829 -0.923428 0.376003 0.000000
0.000000 0.000000 0.024106 1.000000
#BONE
@NodeName c_ring1.r
@ParentName hand.r
@BoneIndex 42
@TopNode NO
$WorldTM 4 4
0.900709 0.328367 -0.281866 0.000000
-0.414092 0.512353 -0.745535 0.000000
-0.105654 0.797781 0.603607 0.000000
-0.405738 0.021892 1.075350 1.000000
$LocalTM 4 4
0.899669 0.139447 -0.413703 0.000000
0.175591 0.752010 0.635333 0.000000
0.399704 -0.644232 0.652075 0.000000
0.013571 0.018065 0.122125 1.000000
#BONE
@NodeName c_ring2.r
@ParentName c_ring1.r
@BoneIndex 43
@TopNode NO
$WorldTM 4 4
0.895613 0.357031 -0.262225 0.000000
-0.059128 0.679847 0.738190 0.000000
0.433926 -0.645850 0.621229 0.000000
-0.410181 0.055443 1.100735 1.000000
$LocalTM 4 4
0.999391 0.002091 0.034837 0.000000
-0.033878 -0.181653 0.982779 0.000000
0.008384 -0.983360 -0.181472 0.000000
-0.000000 -0.000000 0.042055 1.000000
#BONE
@NodeName c_ring3.r
@ParentName c_ring2.r
@BoneIndex 44
@TopNode NO
$WorldTM 4 4
0.921925 0.332326 -0.192277 0.000000
0.245453 -0.148872 0.954332 0.000000
0.289340 -0.934977 -0.227797 0.000000
-0.397708 0.036879 1.118592 1.000000
$LocalTM 4 4
0.996873 0.033358 0.071637 0.000000
-0.077550 0.587185 0.805729 0.000000
-0.015187 -0.808765 0.587936 0.000000
0.000000 -0.000000 0.028744 1.000000
#BONE
@NodeName c_thumb1.r
@ParentName hand.r
@BoneIndex 45
@TopNode NO
$WorldTM 4 4
-0.925380 0.313272 -0.192792 0.000000
-0.344995 -0.926621 0.160835 0.000000
-0.136242 0.223652 0.967768 0.000000
-0.382570 -0.061631 1.116993 1.000000
$LocalTM 4 4
-0.399752 0.285071 0.871168 0.000000
-0.913482 -0.045279 -0.404352 0.000000
-0.075823 -0.957436 0.278507 0.000000
-0.034697 -0.019799 0.047933 1.000000
#BONE
@NodeName c_thumb2.r
@ParentName c_thumb1.r
@BoneIndex 46
@TopNode NO
$WorldTM 4 4
-0.903108 0.104214 -0.401838 0.000000
-0.320473 -0.801584 0.505212 0.000000
-0.274964 0.594465 0.763478 0.000000
-0.388304 -0.052218 1.157726 1.000000
$LocalTM 4 4
0.956532 0.150647 -0.249704 0.000000
-0.053909 0.932826 0.356271 0.000000
0.286602 -0.327323 0.900399 0.000000
0.000000 -0.000000 0.042090 1.000000
#BONE
@NodeName c_thumb3.r
@ParentName c_thumb2.r
@BoneIndex 47
@TopNode NO
$WorldTM 4 4
-0.801934 -0.264629 -0.526586 0.000000
-0.547548 -0.010358 0.840238 0.000000
-0.225844 0.967806 -0.127746 0.000000
-0.400277 -0.026332 1.190971 1.000000
$LocalTM 4 4
0.919955 0.199442 -0.337500 0.000000
0.153166 0.609626 0.777751 0.000000
0.360865 -0.767189 0.530280 0.000000
-0.000000 0.000000 0.043544 1.000000
#BONE
@NodeName thigh_stretch.l
@ParentName root.x
@BoneIndex 48
@TopNode NO
$WorldTM 4 4
0.045807 0.885443 0.462486 0.000000
0.929019 -0.207935 0.306082 0.000000
0.367185 0.415637 -0.832118 0.000000
0.066139 0.095398 0.891086 1.000000
$LocalTM 4 4
0.651892 0.741306 0.159699 0.000000
0.610802 -0.638113 0.468756 0.000000
0.449397 -0.208033 -0.868771 0.000000
0.095699 -0.000015 0.000002 1.000000
#BONE
@NodeName leg_stretch.l
@ParentName thigh_stretch.l
@BoneIndex 49
@TopNode NO
$WorldTM 4 4
0.248957 0.963204 -0.101287 0.000000
0.929019 -0.207936 0.306082 0.000000
0.273758 -0.170299 -0.946601 0.000000
0.207714 0.255655 0.570246 1.000000
$LocalTM 4 4
0.817422 0.000000 0.576040 0.000000
-0.000000 1.000000 0.000000 0.000000
-0.576039 -0.000000 0.817422 0.000000
-0.000000 -0.000000 0.385570 1.000000
#BONE
@NodeName foot.l
@ParentName leg_stretch.l
@BoneIndex 50
@TopNode NO
$WorldTM 4 4
-0.986588 0.162642 -0.013951 0.000000
0.070661 0.502536 0.861664 0.000000
0.147153 0.849120 -0.507287 0.000000
0.335865 0.175936 0.127126 1.000000
$LocalTM 4 4
-0.087548 -0.954648 -0.284579 0.000000
0.414360 0.224890 -0.881890 0.000000
0.905892 -0.195125 0.375879 0.000000
0.000000 0.000000 0.468116 1.000000
#BONE
@NodeName toes_01.l
@ParentName foot.l
@BoneIndex 51
@TopNode NO
$WorldTM 4 4
0.986585 -0.162828 0.011807 0.000000
-0.071978 -0.498753 -0.863750 0.000000
0.146531 0.851313 -0.503782 0.000000
0.360147 0.316052 0.043417 1.000000
$LocalTM 4 4
-0.999998 -0.001940 0.000930 0.000000
0.001944 -0.999989 0.004076 0.000000
0.000922 0.004078 0.999992 0.000000
-0.000000 0.000000 0.165014 1.000000
#BONE
@NodeName leg_twist.l
@ParentName leg_stretch.l
@BoneIndex 52
@TopNode NO
$WorldTM 4 4
0.408797 0.911478 -0.045755 0.000000
0.870598 -0.374442 0.319141 0.000000
0.273757 -0.170299 -0.946601 0.000000
0.271790 0.215796 0.348686 1.000000
$LocalTM 4 4
0.984346 0.176247 -0.000000 0.000000
-0.176247 0.984346 0.000001 0.000000
0.000000 -0.000001 1.000000 0.000000
-0.000000 -0.000000 0.234058 1.000000
#BONE
@NodeName thigh_twist.l
@ParentName thigh_stretch.l
@BoneIndex 53
@TopNode NO
$WorldTM 4 4
-0.197348 0.909053 0.366983 0.000000
0.908971 0.029466 0.415816 0.000000
0.367185 0.415637 -0.832118 0.000000
0.066139 0.095398 0.891086 1.000000
$LocalTM 4 4
0.965599 -0.260037 -0.000000 0.000000
0.260037 0.965598 0.000001 0.000000
0.000000 -0.000001 1.000000 0.000000
-0.000000 0.000000 0.000000 1.000000
#BONE
@NodeName thigh_stretch.r
@ParentName root.x
@BoneIndex 54
@TopNode NO
$WorldTM 4 4
0.872924 -0.222894 -0.433960 0.000000
-0.040846 -0.919794 0.390270 0.000000
-0.486143 -0.322950 -0.812015 0.000000
-0.079788 -0.026515 0.869177 1.000000
$LocalTM 4 4
0.473781 -0.850273 -0.229274 0.000000
-0.572355 -0.495169 0.653619 0.000000
-0.669284 -0.178446 -0.721259 0.000000
-0.095710 0.000004 0.000002 1.000000
#BONE
@NodeName leg_stretch.r
@ParentName thigh_stretch.r
@BoneIndex 55
@TopNode NO
$WorldTM 4 4
0.998341 -0.053433 -0.021444 0.000000
-0.040846 -0.919794 0.390269 0.000000
-0.040578 -0.388746 -0.920451 0.000000
-0.267230 -0.151035 0.556088 1.000000
$LocalTM 4 4
0.892692 0.000000 -0.450667 0.000000
-0.000000 1.000000 0.000000 0.000000
0.450667 -0.000000 0.892692 0.000000
0.000000 0.000000 0.385570 1.000000
#BONE
@NodeName foot.r
@ParentName leg_stretch.r
@BoneIndex 56
@TopNode NO
$WorldTM 4 4
-0.162331 -0.986374 0.026656 0.000000
-0.498958 0.105362 0.860197 0.000000
-0.851286 0.126337 -0.509264 0.000000
-0.286226 -0.333013 0.125210 1.000000
$LocalTM 4 4
-0.109929 0.924295 0.365501 0.000000
-0.522207 0.259178 -0.812482 0.000000
-0.845704 -0.280182 0.454183 0.000000
0.000000 -0.000000 0.468116 1.000000
#BONE
@NodeName toes_01.r
@ParentName foot.r
@BoneIndex 57
@TopNode NO
$WorldTM 4 4
0.162119 0.986398 -0.027079 0.000000
0.539492 -0.111579 -0.834564 0.000000
-0.826235 0.120690 -0.550245 0.000000
-0.426698 -0.312166 0.041175 1.000000
$LocalTM 4 4
-1.000000 -0.000255 0.000399 0.000000
0.000236 -0.998830 -0.048346 0.000000
0.000411 -0.048346 0.998831 0.000000
0.000000 -0.000000 0.165012 1.000000
#BONE
@NodeName leg_twist.r
@ParentName leg_stretch.r
@BoneIndex 58
@TopNode NO
$WorldTM 4 4
0.995572 0.062445 -0.070262 0.000000
0.084792 -0.919227 0.384490 0.000000
-0.040578 -0.388745 -0.920451 0.000000
-0.276728 -0.242024 0.340649 1.000000
$LocalTM 4 4
0.992091 -0.125523 -0.000000 0.000000
0.125523 0.992090 0.000001 0.000000
0.000000 -0.000001 1.000000 0.000000
0.000000 -0.000000 0.234058 1.000000
#BONE
@NodeName thigh_twist.r
@ParentName thigh_stretch.r
@BoneIndex 59
@TopNode NO
$WorldTM 4 4
0.863158 -0.322561 -0.388473 0.000000
-0.136467 -0.889751 0.435568 0.000000
-0.486142 -0.322950 -0.812015 0.000000
-0.079789 -0.026515 0.869177 1.000000
$LocalTM 4 4
0.993951 0.109824 -0.000000 0.000000
-0.109824 0.993951 0.000001 0.000000
0.000000 -0.000001 1.000000 0.000000
-0.000000 -0.000000 0.000000 1.000000
#SKIN
@NodeName Player
@ParentName RootNode
@MeshName Player+_0
@MaterialName Player+_Player
@TopNode YES
$WorldTM 4 4
1.000000 0.000000 0.000000 0.000000
0.000000 -0.000000 1.000000 0.000000
0.000000 -1.000000 -0.000000 0.000000
0.000000 0.000000 0.000000 1.000000
$LocalTM 4 4
1.000000 0.000000 0.000000 0.000000
0.000000 0.000001 -1.000000 0.000000
0.000000 1.000000 0.000001 0.000000
0.000000 0.000000 0.000000 1.000000
$BoneOffset 60 16
1.000000 -0.000003 0.000000 0.000000 -0.000000 -0.017264 0.999851 0.000000 -0.000003 -0.999851 -0.017264 0.000000 0.000000 0.029999 -0.963382 1.000000
0.999978 -0.006603 0.000000 0.000000 0.000422 0.063840 0.997960 0.000000 -0.006589 -0.997938 0.063841 0.000000 -0.000402 -0.060937 -1.120379 1.000000
1.000000 0.000000 -0.000000 0.000000 -0.000000 0.281586 0.959536 0.000000 0.000000 -0.959536 0.281586 0.000000 0.000000 -0.338593 -1.225818 1.000000
1.000000 0.000000 0.000000 0.000000 -0.000000 0.009880 0.999951 0.000000 0.000000 -0.999951 0.009880 0.000000 -0.000000 0.046517 -1.408914 1.000000
0.999910 0.013452 0.000000 0.000000 0.004236 -0.314838 0.949136 0.000000 0.012768 -0.949050 -0.314867 0.000000 -0.007359 0.546975 -1.452545 1.000000
1.000000 -0.000068 0.000000 0.000000 -0.000018 -0.257560 0.966263 0.000000 -0.000066 -0.966262 -0.257560 0.000000 0.000031 0.455214 -1.549311 1.000000
0.418477 -0.105579 0.902070 0.000000 -0.102882 0.981316 0.162582 0.000000 -0.902381 -0.160843 0.399797 0.000000 0.146484 -1.399686 -0.283557 1.000000
0.092227 0.915024 0.392715 0.000000 -0.120689 0.401760 -0.907757 0.000000 -0.988396 0.036323 0.147486 0.000000 0.241653 -0.763565 1.238851 1.000000
0.106726 0.866762 0.487169 0.000000 -0.149716 0.498390 -0.853927 0.000000 -0.982952 0.018199 0.182959 0.000000 0.276713 -0.880277 1.115793 1.000000
-0.105029 0.915024 0.389487 0.000000 0.324206 0.401761 -0.856434 0.000000 -0.940138 0.036324 -0.338853 0.000000 -0.255597 -0.763566 0.984141 1.000000
-0.162641 0.906558 0.389487 0.000000 0.298170 0.421445 -0.856434 0.000000 -0.940554 -0.023158 -0.338853 0.000000 -0.206835 -0.778191 0.863832 1.000000
-0.162031 0.962700 0.216688 0.000000 0.296821 0.256968 -0.919709 0.000000 -0.941086 -0.084704 -0.327387 0.000000 -0.205662 -0.628406 0.874069 1.000000
-0.164392 0.986244 0.017259 0.000000 0.226631 0.054793 -0.972438 0.000000 -0.960007 -0.155950 -0.232521 0.000000 -0.176888 -0.463768 0.876165 1.000000
-0.123168 0.961968 -0.243819 0.000000 0.134070 -0.227308 -0.964550 0.000000 -0.983288 -0.151490 -0.100974 0.000000 -0.114313 -0.207290 0.937809 1.000000
-0.145142 0.894618 -0.422602 0.000000 0.075582 -0.415852 -0.906286 0.000000 -0.986519 -0.163481 -0.007259 0.000000 -0.056047 -0.020963 0.938507 1.000000
-0.134828 0.990538 -0.025591 0.000000 0.140014 -0.006522 -0.990128 0.000000 -0.980927 -0.137080 -0.137810 0.000000 -0.082134 -0.413013 0.908791 1.000000
-0.098993 0.935709 -0.338597 0.000000 0.041832 -0.336055 -0.940913 0.000000 -0.994208 -0.107308 -0.005875 0.000000 -0.012819 -0.105439 0.953009 1.000000
-0.092370 0.919135 -0.382960 0.000000 -0.051273 -0.388485 -0.920028 0.000000 -0.994404 -0.065347 0.083011 0.000000 0.061836 -0.054310 0.922685 1.000000
-0.078519 0.993932 0.077028 0.000000 0.002633 0.077473 -0.996991 0.000000 -0.996909 -0.078080 -0.008700 0.000000 0.069413 -0.490581 0.868657 1.000000
-0.100022 0.821228 -0.561764 0.000000 0.004090 -0.564251 -0.825593 0.000000 -0.994977 -0.084875 0.053079 0.000000 0.077308 0.138673 0.952931 1.000000
-0.145834 0.661393 -0.735725 0.000000 0.052282 -0.737484 -0.673337 0.000000 -0.987926 -0.136661 0.072971 0.000000 0.055360 0.353485 0.871725 1.000000
-0.103316 0.988190 -0.113165 0.000000 0.082421 -0.104877 -0.991064 0.000000 -0.991228 -0.111719 -0.070612 0.000000 -0.016955 -0.323485 0.945244 1.000000
-0.099313 0.964927 -0.243007 0.000000 0.022761 -0.241947 -0.970023 0.000000 -0.994796 -0.101867 0.002065 0.000000 0.032864 -0.195583 0.938801 1.000000
-0.116075 0.928745 -0.352078 0.000000 -0.020553 -0.356644 -0.934014 0.000000 -0.993027 -0.101179 0.060486 0.000000 0.075924 -0.084904 0.924426 1.000000
-0.940724 0.227915 -0.251185 0.000000 0.338940 0.659194 -0.671255 0.000000 0.012590 -0.716602 -0.697369 0.000000 0.011511 -0.740062 0.750235 1.000000
-0.944720 0.153060 -0.289958 0.000000 0.327548 0.480142 -0.813742 0.000000 0.014669 -0.863734 -0.503734 0.000000 0.023943 -0.546939 0.865781 1.000000
-0.964723 0.064530 -0.255235 0.000000 0.262878 0.288716 -0.920619 0.000000 0.014283 -0.955238 -0.295495 0.000000 0.090563 -0.344928 0.921202 1.000000
0.418477 0.105578 -0.902070 0.000000 0.102883 0.981317 0.162581 0.000000 0.902381 -0.160844 0.399797 0.000000 -0.146485 -1.399687 -0.283556 1.000000
0.092227 -0.915024 -0.392714 0.000000 0.120689 0.401760 -0.907757 0.000000 0.988397 0.036323 0.147487 0.000000 -0.241653 -0.763564 1.238852 1.000000
0.106725 -0.866762 -0.487169 0.000000 0.149717 0.498390 -0.853927 0.000000 0.982952 0.018198 0.182960 0.000000 -0.276714 -0.880277 1.115793 1.000000
-0.105029 -0.915024 -0.389487 0.000000 -0.324206 0.401761 -0.856434 0.000000 0.940138 0.036324 -0.338853 0.000000 0.255596 -0.763566 0.984141 1.000000
-0.162648 -0.906557 -0.389487 0.000000 -0.298167 0.421447 -0.856434 0.000000 0.940554 -0.023165 -0.338852 0.000000 0.206829 -0.778193 0.863832 1.000000
-0.162032 -0.962700 -0.216688 0.000000 -0.296820 0.256969 -0.919709 0.000000 0.941086 -0.084705 -0.327386 0.000000 0.205661 -0.628407 0.874069 1.000000
-0.164391 -0.986244 -0.017259 0.000000 -0.226630 0.054793 -0.972439 0.000000 0.960007 -0.155949 -0.232521 0.000000 0.176888 -0.463769 0.876165 1.000000
-0.123168 -0.961968 0.243818 0.000000 -0.134069 -0.227307 -0.964550 0.000000 0.983288 -0.151491 -0.100973 0.000000 0.114312 -0.207291 0.937809 1.000000
-0.145143 -0.894618 0.422602 0.000000 -0.075582 -0.415852 -0.906286 0.000000 0.986519 -0.163482 -0.007259 0.000000 0.056046 -0.020963 0.938507 1.000000
-0.134828 -0.990539 0.025591 0.000000 -0.140014 -0.006522 -0.990128 0.000000 0.980926 -0.137080 -0.137810 0.000000 0.082133 -0.413013 0.908791 1.000000
-0.098994 -0.935710 0.338595 0.000000 -0.041832 -0.336052 -0.940914 0.000000 0.994208 -0.107309 -0.005875 0.000000 0.012818 -0.105441 0.953008 1.000000
-0.092370 -0.919136 0.382959 0.000000 0.051273 -0.388484 -0.920028 0.000000 0.994403 -0.065347 0.083011 0.000000 -0.061836 -0.054311 0.922685 1.000000
-0.078519 -0.993932 -0.077028 0.000000 -0.002633 0.077473 -0.996991 0.000000 0.996909 -0.078080 -0.008700 0.000000 -0.069413 -0.490581 0.868657 1.000000
-0.100022 -0.821229 0.561764 0.000000 -0.004090 -0.564251 -0.825593 0.000000 0.994977 -0.084875 0.053079 0.000000 -0.077308 0.138672 0.952931 1.000000
-0.145836 -0.661395 0.735723 0.000000 -0.052283 -0.737482 -0.673340 0.000000 0.987926 -0.136663 0.072972 0.000000 -0.055360 0.353483 0.871726 1.000000
-0.103316 -0.988190 0.113164 0.000000 -0.082421 -0.104876 -0.991064 0.000000 0.991228 -0.111719 -0.070612 0.000000 0.016955 -0.323486 0.945244 1.000000
-0.099313 -0.964928 0.243005 0.000000 -0.022761 -0.241946 -0.970023 0.000000 0.994796 -0.101867 0.002065 0.000000 -0.032864 -0.195585 0.938801 1.000000
-0.116076 -0.928746 0.352076 0.000000 0.020552 -0.356642 -0.934015 0.000000 0.993027 -0.101181 0.060485 0.000000 -0.075924 -0.084906 0.924426 1.000000
-0.940724 -0.227915 0.251185 0.000000 -0.338940 0.659194 -0.671254 0.000000 -0.012591 -0.716601 -0.697369 0.000000 -0.011511 -0.740062 0.750234 1.000000
-0.944722 -0.153056 0.289956 0.000000 -0.327545 0.480143 -0.813743 0.000000 -0.014672 -0.863734 -0.503734 0.000000 -0.023947 -0.546938 0.865781 1.000000
-0.964723 -0.064529 0.255235 0.000000 -0.262878 0.288716 -0.920619 0.000000 -0.014284 -0.955237 -0.295494 0.000000 -0.090563 -0.344927 0.921202 1.000000
0.481241 0.866894 0.130052 0.000000 -0.016059 0.157055 -0.987460 0.000000 -0.876455 0.473113 0.089501 0.000000 -0.018864 -0.240643 0.938029 1.000000
0.489847 0.866894 0.092500 0.000000 -0.092271 0.157056 -0.983270 0.000000 -0.866925 0.473113 0.156921 0.000000 0.023858 -0.240643 0.552266 1.000000
-0.967887 0.127027 0.216937 0.000000 -0.011857 0.838920 -0.544137 0.000000 -0.251109 -0.529232 -0.810478 0.000000 0.214988 -0.062783 0.124086 1.000000
0.967888 -0.137359 0.210546 0.000000 0.011858 -0.811652 -0.584033 0.000000 0.251109 0.567772 -0.783961 0.000000 -0.214989 0.064685 -0.037846 1.000000
0.489847 0.866894 0.092500 0.000000 -0.092271 0.157056 -0.983270 0.000000 -0.866925 0.473113 0.156921 0.000000 0.023857 -0.240643 0.318208 1.000000
0.481241 0.866894 0.130052 0.000000 -0.016059 0.157055 -0.987459 0.000000 -0.876455 0.473114 0.089501 0.000000 -0.018864 -0.240643 0.938029 1.000000
0.481231 -0.866895 -0.130052 0.000000 0.016059 0.157054 -0.987460 0.000000 0.876452 0.473106 0.089500 0.000000 0.018863 -0.240642 0.938029 1.000000
0.489837 -0.866895 -0.092500 0.000000 0.092269 0.157055 -0.983270 0.000000 0.866923 0.473106 0.156918 0.000000 -0.023858 -0.240642 0.552266 1.000000
-0.967886 -0.127028 -0.216939 0.000000 0.011859 0.838914 -0.544138 0.000000 0.251113 -0.529235 -0.810468 0.000000 -0.214989 -0.062782 0.124085 1.000000
0.967938 0.136994 -0.210548 0.000000 -0.012167 -0.811641 -0.584035 0.000000 -0.250898 0.567870 -0.783952 0.000000 0.215014 0.064604 -0.037847 1.000000
0.489837 -0.866895 -0.092500 0.000000 0.092269 0.157055 -0.983271 0.000000 0.866923 0.473106 0.156918 0.000000 -0.023858 -0.240642 0.318208 1.000000
0.481231 -0.866895 -0.130052 0.000000 0.016059 0.157054 -0.987460 0.000000 0.876452 0.473106 0.089500 0.000000 0.018863 -0.240642 0.938029 1.000000
&