#BONE
@ParentName root
@NodeName root.x
@BoneIndex 0
@TopNode YES
$WorldTM 4 4
-0.635401 0.702478 0.320610 0.000000
0.124301 -0.316735 0.940334 0.000000
0.762112 0.637342 0.113935 0.000000
-0.006486 0.034799 0.880121 1.000000
$LocalTM 4 4
-0.635401 0.320609 -0.702478 0.000000
0.124301 0.940334 0.316735 0.000000
0.762112 0.113935 -0.637342 0.000000
-0.006486 0.880121 -0.034799 1.000000
#BONE
@ParentName root.x
@NodeName spine_01.x
@BoneIndex 1
@TopNode NO
$WorldTM 4 4
-0.705336 0.687650 0.172162 0.000000
0.140582 -0.102350 0.984765 0.000000
0.694794 0.718792 -0.024480 0.000000
0.013243 -0.015382 1.028921 1.000000
$LocalTM 4 4
0.986427 -0.143587 -0.079661 0.000000
0.154500 0.975900 0.154106 0.000000
0.055614 -0.164322 0.984838 0.000000
-0.000080 0.158268 0.000007 1.000000
#BONE
@ParentName spine_01.x
@NodeName spine_02.x
@BoneIndex 2
@TopNode NO
$WorldTM 4 4
-0.647690 0.633103 -0.423885 0.000000
-0.208873 0.387490 0.897900 0.000000
0.732714 0.670099 -0.118735 0.000000
0.034313 -0.030723 1.176518 1.000000
$LocalTM 4 4
0.819215 -0.573279 0.015435 0.000000
0.568367 0.815196 0.111420 0.000000
-0.076457 -0.082505 0.993654 0.000000
-0.000000 0.149881 -0.000000 1.000000
#BONE
@ParentName spine_02.x
@NodeName spine_03.x
@BoneIndex 3
@TopNode NO
$WorldTM 4 4
-0.658452 0.701640 -0.272292 0.000000
-0.145831 0.235993 0.960750 0.000000
0.738359 0.672316 -0.053070 0.000000
0.004529 0.024532 1.304555 1.000000
$LocalTM 4 4
0.986103 0.164921 0.020041 0.000000
-0.163387 0.984562 -0.062788 0.000000
-0.030087 0.058641 0.997825 0.000000
-0.000000 0.142596 0.000000 1.000000
#BONE
@ParentName spine_03.x
@NodeName neck.x
@BoneIndex 4
@TopNode NO
$WorldTM 4 4
-0.393912 0.335263 -0.855823 0.000000
-0.469527 0.727058 0.500930 0.000000
0.790175 0.599154 -0.128982 0.000000
-0.023354 0.072887 1.432346 1.000000
$LocalTM 4 4
0.727639 -0.685668 -0.020028 0.000000
0.682894 0.721321 0.115549 0.000000
-0.064782 -0.097755 0.993100 0.000000
0.017491 0.138253 0.005141 1.000000
#BONE
@ParentName neck.x
@NodeName head.x
@BoneIndex 5
@TopNode NO
$WorldTM 4 4
-0.026814 0.863577 -0.503502 0.000000
0.009206 0.503875 0.863727 0.000000
0.999598 0.018524 -0.021461 0.000000
-0.054708 0.121439 1.465797 1.000000
$LocalTM 4 4
0.730996 0.388241 0.561171 0.000000
-0.573893 0.794691 0.197768 0.000000
-0.369176 -0.466620 0.803725 0.000000
0.000000 0.066779 -0.000000 1.000000
#BONE
@ParentName spine_03.x
@NodeName shoulder.l
@BoneIndex 6
@TopNode NO
$WorldTM 4 4
-0.627896 0.461630 0.626614 0.000000
0.713872 0.662329 0.227390 0.000000
-0.310055 0.590099 -0.745419 0.000000
0.017935 0.082812 1.322712 1.000000
$LocalTM 4 4
0.566716 0.802527 -0.186505 0.000000
-0.067251 0.270666 0.960321 0.000000
0.821164 -0.531686 0.207361 0.000000
0.027120 0.029243 0.048118 1.000000
#BONE
@ParentName shoulder.l
@NodeName arm_stretch.l
@BoneIndex 7
@TopNode NO
$WorldTM 4 4
0.668909 0.547416 0.502888 0.000000
0.662459 -0.131133 -0.738417 0.000000
-0.338055 0.826536 -0.450063 0.000000
0.131234 0.187930 1.358801 1.000000
$LocalTM 4 4
0.147814 0.954437 -0.259230 0.000000
-0.939192 0.218148 0.267650 0.000000
0.311802 0.203771 0.928039 0.000000
0.000000 0.158710 -0.000000 1.000000
#BONE
@ParentName arm_stretch.l
@NodeName arm_twist.l
@BoneIndex 8
@TopNode NO
$WorldTM 4 4
0.280530 0.929860 0.236772 0.000000
0.725558 -0.043647 -0.688847 0.000000
-0.629238 0.364492 -0.685946 0.000000
0.141502 0.175867 1.336237 1.000000
$LocalTM 4 4
0.815739 -0.110787 0.567166 0.000000
0.115027 0.993733 0.028670 0.000000
-0.566328 0.041818 0.822702 0.000000
-0.011082 0.025013 -0.003287 1.000000
#BONE
@ParentName arm_stretch.l
@NodeName forearm_stretch.l
@BoneIndex 9
@TopNode NO
$WorldTM 4 4
0.665234 0.535086 0.520716 0.000000
0.001187 0.687064 -0.707557 0.000000
-0.746623 0.477529 0.463163 0.000000
0.297639 0.154991 1.173316 1.000000
$LocalTM 4 4
0.999758 -0.013964 -0.016972 0.000000
0.021082 0.432596 0.885927 0.000000
-0.005097 -0.898061 0.438642 0.000000
-0.000000 0.251193 0.000000 1.000000
#BONE
@ParentName forearm_stretch.l
@NodeName forearm_twist.l
@BoneIndex 10
@TopNode NO
$WorldTM 4 4
0.096390 0.713787 0.693709 0.000000
0.001187 0.687064 -0.707557 0.000000
-0.995335 0.069703 0.066587 0.000000
0.297782 0.237651 1.088190 1.000000
$LocalTM 4 4
0.807276 -0.000000 0.590174 0.000000
0.000000 1.000000 -0.000000 0.000000
-0.590174 0.000000 0.807276 0.000000
-0.000000 0.120310 -0.000000 1.000000
#BONE
@ParentName forearm_stretch.l
@NodeName hand.l
@BoneIndex 11
@TopNode NO
$WorldTM 4 4
-0.101090 0.857103 0.505121 0.000000
-0.630582 0.332827 -0.701160 0.000000
-0.777651 -0.381466 0.500133 0.000000
0.297924 0.320311 1.003065 1.000000
$LocalTM 4 4
0.654391 0.238238 0.718831 0.000000
-0.606498 0.744515 0.305378 0.000000
-0.461026 -0.633879 0.629780 0.000000
0.000000 0.240619 -0.000000 1.000000
#BONE
@ParentName hand.l
@NodeName c_index1.l
@BoneIndex 12
@TopNode NO
$WorldTM 4 4
-0.281994 0.900866 -0.312103 0.000000
0.020763 -0.326115 -0.945936 0.000000
-0.965734 -0.270196 0.068574 0.000000
0.183281 0.359980 0.943393 1.000000
$LocalTM 4 4
0.647877 0.703526 -0.292073 0.000000
-0.755055 0.542400 -0.368368 0.000000
-0.100736 0.459188 0.882609 0.000000
0.015920 0.126871 0.042476 1.000000
#BONE
@ParentName c_index1.l
@NodeName c_index2.l
@BoneIndex 13
@TopNode NO
$WorldTM 4 4
0.239572 0.116138 -0.961146 0.000000
0.687499 -0.722335 0.075824 0.000000
-0.694654 -0.675026 -0.259528 0.000000
0.184237 0.344974 0.899868 1.000000
$LocalTM 4 4
0.347400 0.877488 -0.330647 0.000000
-0.874146 0.175430 -0.452871 0.000000
-0.339384 0.446361 0.827998 0.000000
-0.000000 0.046013 0.000000 1.000000
#BONE
@ParentName c_index2.l
@NodeName c_index3.l
@BoneIndex 14
@TopNode NO
$WorldTM 4 4
0.554857 -0.179594 -0.813609 0.000000
0.660353 -0.506574 0.553067 0.000000
-0.518326 -0.837881 -0.170480 0.000000
0.203265 0.324981 0.901967 1.000000
$LocalTM 4 4
0.895564 0.441808 -0.052634 0.000000
-0.440247 0.862789 -0.248551 0.000000
-0.064400 0.245765 0.967188 0.000000
-0.000000 0.027678 0.000000 1.000000
#BONE
@ParentName hand.l
@NodeName c_middle1.l
@BoneIndex 15
@TopNode NO
$WorldTM 4 4
-0.424723 0.856404 -0.278520 0.000000
-0.072251 -0.344286 -0.937259 0.000000
-0.909387 -0.372765 0.202185 0.000000
0.207037 0.374023 0.930029 1.000000
$LocalTM 4 4
0.640801 0.753310 -0.147983 0.000000
-0.756965 0.587852 -0.285367 0.000000
-0.127978 0.294881 0.946925 0.000000
0.018933 0.126339 0.011967 1.000000
#BONE
@ParentName c_middle1.l
@NodeName c_middle2.l
@BoneIndex 16
@TopNode NO
$WorldTM 4 4
0.057965 -0.147876 -0.986844 0.000000
0.611651 -0.775612 0.146900 0.000000
-0.796942 -0.606197 0.038273 0.000000
0.203620 0.357741 0.885705 1.000000
$LocalTM 4 4
0.129892 0.970829 -0.201539 0.000000
-0.970617 0.082974 -0.225870 0.000000
-0.202558 0.224956 0.953082 0.000000
-0.000000 0.047291 -0.000000 1.000000
#BONE
@ParentName c_middle2.l
@NodeName c_middle3.l
@BoneIndex 17
@TopNode NO
$WorldTM 4 4
0.482977 -0.471257 -0.740534 0.000000
0.633842 -0.398083 0.662526 0.000000
-0.614468 -0.781257 0.097854 0.000000
0.223664 0.332324 0.890519 1.000000
$LocalTM 4 4
0.827101 0.547890 -0.125375 0.000000
-0.561561 0.796233 -0.225081 0.000000
-0.023492 0.256570 0.966240 0.000000
0.000000 0.032770 0.000000 1.000000
#BONE
@ParentName hand.l
@NodeName c_pinky1.l
@BoneIndex 18
@TopNode NO
$WorldTM 4 4
-0.378222 0.721769 -0.570482 0.000000
0.041328 -0.606234 -0.796130 0.000000
-0.931576 -0.320072 0.193993 0.000000
0.252362 0.393079 0.910752 1.000000
$LocalTM 4 4
0.374462 0.884183 -0.279280 0.000000
-0.923386 0.328146 -0.199197 0.000000
-0.084482 0.332475 0.939321 0.000000
0.021129 0.118291 -0.040077 1.000000
#BONE
@ParentName c_pinky1.l
@NodeName c_pinky2.l
@BoneIndex 19
@TopNode NO
$WorldTM 4 4
-0.208145 -0.128571 -0.969854 0.000000
0.325298 -0.940258 0.049083 0.000000
-0.929221 -0.300501 0.232119 0.000000
0.253987 0.369241 0.879447 1.000000
$LocalTM 4 4
0.543694 0.838335 0.039883 0.000000
-0.839240 0.543536 0.015655 0.000000
-0.008554 -0.041983 0.999082 0.000000
-0.000000 0.039322 -0.000000 1.000000
#BONE
@ParentName c_pinky2.l
@NodeName c_pinky3.l
@BoneIndex 20
@TopNode NO
$WorldTM 4 4
-0.053920 -0.737920 -0.674643 0.000000
0.306848 -0.647152 0.689732 0.000000
-0.956834 -0.166087 0.256965 0.000000
0.261829 0.346574 0.880630 1.000000
$LocalTM 4 4
0.755658 0.644878 0.114517 0.000000
-0.654042 0.752255 0.079631 0.000000
-0.034794 -0.135073 0.990225 0.000000
-0.000000 0.024106 -0.000000 1.000000
#BONE
@ParentName hand.l
@NodeName c_ring1.l
@BoneIndex 21
@TopNode NO
$WorldTM 4 4
-0.627096 0.724955 -0.279308 0.000000
-0.098185 -0.431841 -0.898325 0.000000
-0.780836 -0.528081 0.334523 0.000000
0.230878 0.384503 0.919157 1.000000
$LocalTM 4 4
0.547729 0.834613 0.058425 0.000000
-0.810250 0.546553 -0.211603 0.000000
-0.208539 0.068562 0.975608 0.000000
0.020115 0.122779 -0.015957 1.000000
#BONE
@ParentName c_ring1.l
@NodeName c_ring2.l
@BoneIndex 22
@TopNode NO
$WorldTM 4 4
-0.075938 -0.404263 -0.913007 0.000000
0.671724 -0.695772 0.251243 0.000000
-0.745394 -0.585994 0.316546 0.000000
0.226749 0.366342 0.881378 1.000000
$LocalTM 4 4
0.010671 0.999259 -0.036968 0.000000
-0.998182 0.008452 -0.059678 0.000000
-0.059321 0.037537 0.997533 0.000000
-0.000000 0.042055 0.000000 1.000000
#BONE
@ParentName c_ring2.l
@NodeName c_ring3.l
@BoneIndex 23
@TopNode NO
$WorldTM 4 4
0.213856 -0.698276 -0.684909 0.000000
0.618534 -0.443087 0.647480 0.000000
-0.764379 -0.554076 0.329509 0.000000
0.246057 0.346343 0.888600 1.000000
$LocalTM 4 4
0.888347 0.457824 0.035170 0.000000
-0.458586 0.888476 0.017577 0.000000
-0.023201 -0.031743 0.999227 0.000000
-0.000000 0.028744 0.000000 1.000000
#BONE
@ParentName hand.l
@NodeName c_thumb1.l
@BoneIndex 24
@TopNode NO
$WorldTM 4 4
-0.649020 -0.195873 0.734175 0.000000
-0.563046 -0.534260 -0.636554 0.000000
0.523781 -0.816772 0.229548 0.000000
0.242718 0.306059 0.976808 1.000000
$LocalTM 4 4
0.263581 -0.181408 0.947426 0.000000
-0.720728 0.615762 0.318414 0.000000
-0.641152 -0.766765 0.031558 0.000000
-0.019799 0.047933 0.034697 1.000000
#BONE
@ParentName c_thumb1.l
@NodeName c_thumb2.l
@BoneIndex 25
@TopNode NO
$WorldTM 4 4
-0.870638 -0.485817 -0.121485 0.000000
0.061018 0.126297 -0.987241 0.000000
0.500859 -0.859620 -0.086618 0.000000
0.219019 0.283572 0.950015 1.000000
$LocalTM 4 4
0.568700 0.818910 -0.077240 0.000000
-0.795188 0.523339 -0.306256 0.000000
-0.210374 0.235588 0.948811 0.000000
-0.000000 0.042091 0.000000 1.000000
#BONE
@ParentName c_thumb2.l
@NodeName c_thumb3.l
@BoneIndex 26
@TopNode NO
$WorldTM 4 4
-0.766439 -0.337258 -0.556149 0.000000
0.313709 0.553329 -0.763834 0.000000
0.571622 -0.755646 -0.322741 0.000000
0.221676 0.289071 0.907027 1.000000
$LocalTM 4 4
0.888065 0.457767 -0.042303 0.000000
-0.451911 0.852396 -0.263055 0.000000
-0.084359 0.252727 0.963853 0.000000
0.000000 0.043544 -0.000000 1.000000
#BONE
@ParentName spine_03.x
@NodeName shoulder.r
@BoneIndex 27
@TopNode NO
$WorldTM 4 4
-0.191171 0.801022 0.567289 0.000000
-0.777795 -0.476166 0.410245 0.000000
0.598739 -0.362808 0.714060 0.000000
-0.057338 0.015004 1.328595 1.000000
$LocalTM 4 4
0.533437 0.761937 0.367282 0.000000
0.066338 0.395197 -0.916198 0.000000
-0.843234 0.513099 0.160268 0.000000
0.027506 0.029870 -0.053361 1.000000
#BONE
@ParentName shoulder.r
@NodeName arm_stretch.r
@BoneIndex 28
@TopNode NO
$WorldTM 4 4
-0.595157 -0.738214 0.317533 0.000000
0.168490 -0.504058 -0.856052 0.000000
0.786019 -0.452539 0.421169 0.000000
-0.180782 -0.060568 1.393705 1.000000
$LocalTM 4 4
-0.297416 0.944689 0.138223 0.000000
-0.921601 -0.242227 -0.327514 0.000000
-0.273833 -0.223096 0.935545 0.000000
0.000000 0.158710 0.000000 1.000000
#BONE
@ParentName arm_stretch.r
@NodeName arm_twist.r
@BoneIndex 29
@TopNode NO
$WorldTM 4 4
-0.943122 -0.314988 0.040536 0.000000
0.132690 -0.507300 -0.867823 0.000000
0.290990 -0.804994 0.514820 0.000000
-0.167533 -0.066328 1.370038 1.000000
$LocalTM 4 4
0.806706 -0.034311 -0.581695 0.000000
0.019963 1.005593 -0.031630 0.000000
0.584545 0.013868 0.809840 0.000000
-0.011149 0.025013 0.003053 1.000000
#BONE
@ParentName arm_stretch.r
@NodeName forearm_stretch.r
@BoneIndex 30
@TopNode NO
$WorldTM 4 4
-0.588299 -0.764862 0.262472 0.000000
-0.781509 0.476056 -0.364602 0.000000
0.156428 -0.427126 -0.890558 0.000000
-0.138458 -0.187184 1.178671 1.000000
$LocalTM 4 4
0.998106 0.060793 -0.005740 0.000000
-0.002084 -0.058622 -0.983274 0.000000
-0.060570 0.988898 -0.058829 0.000000
0.000000 0.251193 0.000000 1.000000
#BONE
@ParentName forearm_stretch.r
@NodeName forearm_twist.r
@BoneIndex 31
@TopNode NO
$WorldTM 4 4
0.193888 -0.377122 -0.905576 0.000000
-0.781509 0.476056 -0.364602 0.000000
0.577038 0.790714 -0.204736 0.000000
-0.232481 -0.129910 1.134806 1.000000
$LocalTM 4 4
-0.064224 -0.000000 0.997935 0.000000
-0.000000 1.000000 0.000000 0.000000
-0.997936 -0.000000 -0.064224 0.000000
0.000000 0.120309 0.000000 1.000000
#BONE
@ParentName forearm_stretch.r
@NodeName hand.r
@BoneIndex 32
@TopNode NO
$WorldTM 4 4
-0.118337 -0.083315 -0.988709 0.000000
-0.705027 0.709454 0.036743 0.000000
0.694863 0.704644 -0.143954 0.000000
-0.326504 -0.072636 1.090941 1.000000
$LocalTM 4 4
-0.126969 0.426759 0.898073 0.000000
-0.117765 0.901689 -0.445127 0.000000
-0.985476 -0.159963 -0.063312 0.000000
0.000000 0.240619 -0.000000 1.000000
#BONE
@ParentName hand.r
@NodeName c_index1.r
@BoneIndex 33
@TopNode NO
$WorldTM 4 4
-0.455321 0.633012 -0.618891 0.000000
-0.076435 0.677227 0.739135 0.000000
0.883596 0.383991 -0.265088 0.000000
-0.446732 -0.013782 1.085714 1.000000
$LocalTM 4 4
0.622721 0.752521 0.214313 0.000000
-0.773174 0.549776 0.316144 0.000000
0.120081 -0.362571 0.924188 0.000000
0.016094 0.126498 -0.041935 1.000000
#BONE
@ParentName c_index1.r
@NodeName c_index2.r
@BoneIndex 34
@TopNode NO
$WorldTM 4 4
0.186386 0.855226 0.492355 0.000000
0.783066 -0.430187 0.436739 0.000000
0.588192 0.300529 -0.752638 0.000000
-0.450249 0.017380 1.119723 1.000000
$LocalTM 4 4
0.145772 0.919294 0.365580 0.000000
-0.909165 -0.021224 0.415893 0.000000
0.390087 -0.392998 0.832697 0.000000
-0.000000 0.046013 0.000000 1.000000
#BONE
@ParentName c_index2.r
@NodeName c_index3.r
@BoneIndex 35
@TopNode NO
$WorldTM 4 4
0.806738 0.265953 0.518518 0.000000
0.515602 -0.748128 -0.430602 0.000000
0.277901 0.613485 -0.738471 0.000000
-0.428575 0.005473 1.131811 1.000000
$LocalTM 4 4
0.633561 0.756058 0.164247 0.000000
-0.744079 0.537252 0.397122 0.000000
0.212006 -0.373814 0.902949 0.000000
-0.000000 0.027678 0.000000 1.000000
#BONE
@ParentName hand.r
@NodeName c_middle1.r
@BoneIndex 36
@TopNode NO
$WorldTM 4 4
-0.474764 0.603022 -0.633587 0.000000
-0.133968 0.674420 0.733918 0.000000
0.866345 0.433948 -0.244031 0.000000
-0.426120 0.007056 1.078493 1.000000
$LocalTM 4 4
0.642032 0.744812 0.181798 0.000000
-0.760433 0.588437 0.274743 0.000000
0.097655 -0.314639 0.944174 0.000000
0.019019 0.126378 -0.011896 1.000000
#BONE
@ParentName c_middle1.r
@NodeName c_middle2.r
@BoneIndex 37
@TopNode NO
$WorldTM 4 4
0.012398 0.731511 0.689148 0.000000
0.630812 -0.537940 0.549627 0.000000
0.771896 0.426968 -0.471809 0.000000
-0.432456 0.038950 1.113201 1.000000
$LocalTM 4 4
-0.007509 0.986636 0.162764 0.000000
-0.982192 -0.037834 0.184030 0.000000
0.187729 -0.158484 0.969350 0.000000
0.000000 0.047291 -0.000000 1.000000
#BONE
@ParentName c_middle2.r
@NodeName c_middle3.r
@BoneIndex 38
@TopNode NO
$WorldTM 4 4
0.589086 0.143153 0.789463 0.000000
0.556053 -0.786552 -0.284296 0.000000
0.581106 0.606327 -0.543637 0.000000
-0.411785 0.021322 1.131212 1.000000
$LocalTM 4 4
0.655007 0.741202 0.146919 0.000000
-0.751725 0.619470 0.226201 0.000000
0.076648 -0.258606 0.962937 0.000000
0.000000 0.032770 -0.000000 1.000000
#BONE
@ParentName hand.r
@NodeName c_pinky1.r
@BoneIndex 39
@TopNode NO
$WorldTM 4 4
-0.328397 0.633357 -0.694854 0.000000
-0.011641 0.743644 0.676369 0.000000
0.941234 0.229438 -0.243560 0.000000
-0.384331 0.034540 1.071325 1.000000
$LocalTM 4 4
0.681628 0.660886 0.314029 0.000000
-0.724394 0.549019 0.416931 0.000000
0.103136 -0.511672 0.852968 0.000000
0.018676 0.115930 0.037586 1.000000
#BONE
@ParentName c_pinky1.r
@NodeName c_pinky2.r
@BoneIndex 40
@TopNode NO
$WorldTM 4 4
-0.085710 0.670515 0.744249 0.000000
0.283375 -0.697025 0.653434 0.000000
0.951974 0.267124 -0.136884 0.000000
-0.384789 0.063782 1.097921 1.000000
$LocalTM 4 4
-0.069127 0.992286 -0.102907 0.000000
-0.996109 -0.074308 -0.047394 0.000000
-0.054676 0.099230 0.993562 0.000000
0.000000 0.039322 0.000000 1.000000
#BONE
@ParentName c_pinky2.r
@NodeName c_pinky3.r
@BoneIndex 41
@TopNode NO
$WorldTM 4 4
0.032558 -0.424476 0.902058 0.000000
0.112557 -0.901779 -0.431050 0.000000
0.990037 0.115781 0.010319 0.000000
-0.377957 0.046979 1.113673 1.000000
$LocalTM 4 4
0.383728 0.901609 -0.199634 0.000000
-0.923428 0.376003 -0.076829 0.000000
0.005793 0.213829 0.976854 0.000000
-0.000000 0.024106 -0.000000 1.000000
#BONE
@ParentName hand.r
@NodeName c_ring1.r
@BoneIndex 42
@TopNode NO
$WorldTM 4 4
-0.414991 0.512014 -0.745269 0.000000
-0.105189 0.797965 0.603441 0.000000
0.900344 0.328456 -0.282933 0.000000
-0.405298 0.022086 1.075635 1.000000
$LocalTM 4 4
0.751825 0.635538 0.175645 0.000000
-0.644368 0.651693 0.400107 0.000000
0.139817 -0.413991 0.899479 0.000000
0.018040 0.122130 0.013594 1.000000
#BONE
@ParentName c_ring1.r
@NodeName c_ring2.r
@BoneIndex 43
@TopNode NO
$WorldTM 4 4
-0.058495 0.680086 0.738015 0.000000
0.434723 -0.645549 0.620988 0.000000
0.895263 0.357126 -0.263297 0.000000
-0.409722 0.055645 1.101013 1.000000
$LocalTM 4 4
-0.181654 0.982779 -0.033878 0.000000
-0.983360 -0.181472 0.008384 0.000000
0.002091 0.034838 0.999390 0.000000
0.000000 0.042055 0.000000 1.000000
#BONE
@ParentName c_ring2.r
@NodeName c_ring3.r
@BoneIndex 44
@TopNode NO
$WorldTM 4 4
0.246494 -0.148496 0.954118 0.000000
0.289301 -0.934995 -0.227781 0.000000
0.921654 0.332450 -0.193369 0.000000
-0.397226 0.037089 1.118863 1.000000
$LocalTM 4 4
0.587185 0.805729 -0.077550 0.000000
-0.808765 0.587936 -0.015187 0.000000
0.033358 0.071637 0.996873 0.000000
0.000000 0.028744 0.000000 1.000000
#BONE
@ParentName hand.r
@NodeName c_thumb1.r
@BoneIndex 45
@TopNode NO
$WorldTM 4 4
-0.344445 -0.926674 0.161691 0.000000
-0.135737 0.224252 0.967703 0.000000
-0.925653 0.312691 -0.192420 0.000000
-0.382065 -0.061429 1.117272 1.000000
$LocalTM 4 4
-0.045548 -0.404175 -0.913547 0.000000
-0.957391 0.278729 -0.075583 0.000000
0.285181 0.871179 -0.399649 0.000000
-0.019799 0.047933 -0.034697 1.000000
#BONE
@ParentName c_thumb1.r
@NodeName c_thumb2.r
@BoneIndex 46
@TopNode NO
$WorldTM 4 4
-0.319766 -0.801389 0.505968 0.000000
-0.274767 0.594856 0.763245 0.000000
-0.903413 0.103501 -0.401337 0.000000
-0.387778 -0.051990 1.158003 1.000000
$LocalTM 4 4
0.932826 0.356271 -0.053909 0.000000
-0.327324 0.900399 0.286602 0.000000
0.150648 -0.249705 0.956532 0.000000
0.000000 0.042090 -0.000000 1.000000
#BONE
@ParentName c_thumb2.r
@NodeName c_thumb3.r
@BoneIndex 47
@TopNode NO
$WorldTM 4 4
-0.547010 -0.010044 0.840594 0.000000
-0.226392 0.967607 -0.128268 0.000000
-0.802140 -0.265378 -0.525896 0.000000
-0.399743 -0.026088 1.191238 1.000000
$LocalTM 4 4
0.609626 0.777751 0.153166 0.000000
-0.767189 0.530280 0.360865 0.000000
0.199442 -0.337500 0.919955 0.000000
0.000000 0.043544 -0.000000 1.000000
#BONE
@ParentName root.x
@NodeName thigh_stretch.l
@BoneIndex 48
@TopNode NO
$WorldTM 4 4
0.929153 -0.207738 0.305809 0.000000
0.366840 0.415470 -0.832355 0.000000
0.045857 0.885567 0.462242 0.000000
0.066444 0.095789 0.891024 1.000000
$LocalTM 4 4
-0.638271 0.468856 0.610561 0.000000
-0.208093 -0.868686 0.449535 0.000000
0.741153 0.159872 0.652023 0.000000
0.000000 0.000000 0.095695 1.000000
#BONE
@ParentName thigh_stretch.l
@NodeName leg_stretch.l
@BoneIndex 49
@TopNode NO
$WorldTM 4 4
0.929153 -0.207739 0.305809 0.000000
0.273431 -0.170572 -0.946648 0.000000
0.248818 0.963198 -0.101686 0.000000
0.207887 0.255982 0.570093 1.000000
$LocalTM 4 4
1.000000 0.000000 -0.000000 0.000000
-0.000000 0.817383 -0.576094 0.000000
0.000000 0.576094 0.817383 0.000000
-0.000000 0.385570 0.000000 1.000000
#BONE
@ParentName leg_stretch.l
@NodeName foot.l
@BoneIndex 50
@TopNode NO
$WorldTM 4 4
0.071023 0.503044 0.861338 0.000000
0.146397 0.848910 -0.507858 0.000000
-0.986675 0.162167 -0.013352 0.000000
0.335884 0.176135 0.126952 1.000000
$LocalTM 4 4
0.224894 -0.881768 0.414617 0.000000
-0.195633 0.375991 0.905736 0.000000
-0.954544 -0.284808 -0.087945 0.000000
-0.000000 0.468116 -0.000000 1.000000
#BONE
@ParentName foot.l
@NodeName toes_01.l
@BoneIndex 51
@TopNode NO
$WorldTM 4 4
-0.072115 -0.499127 -0.863523 0.000000
0.145987 0.851171 -0.504180 0.000000
0.986656 -0.162422 0.011484 0.000000
0.360042 0.316216 0.043148 1.000000
$LocalTM 4 4
-0.999989 0.004276 0.001742 0.000000
0.004277 0.999991 0.000723 0.000000
-0.001739 0.000730 -0.999998 0.000000
-0.000000 0.165014 -0.000000 1.000000
#BONE
@ParentName leg_stretch.l
@NodeName leg_twist.l
@BoneIndex 52
@TopNode NO
$WorldTM 4 4
0.870939 -0.373837 0.318923 0.000000
0.273430 -0.170572 -0.946648 0.000000
0.408291 0.911675 -0.046340 0.000000
0.271885 0.216058 0.348523 1.000000
$LocalTM 4 4
0.984425 0.000000 -0.175804 0.000000
-0.000000 1.000000 0.000000 0.000000
0.175804 0.000000 0.984425 0.000000
-0.000000 0.234058 -0.000000 1.000000
#BONE
@ParentName thigh_stretch.l
@NodeName thigh_twist.l
@BoneIndex 53
@TopNode NO
$WorldTM 4 4
0.909108 0.029712 0.415498 0.000000
0.366840 0.415470 -0.832355 0.000000
-0.197358 0.909121 0.366807 0.000000
0.066444 0.095789 0.891024 1.000000
$LocalTM 4 4
0.965591 0.000000 0.260062 0.000000
0.000000 1.000000 -0.000000 0.000000
-0.260062 0.000000 0.965591 0.000000
-0.000000 -0.000000 -0.000000 1.000000
#BONE
@ParentName root.x
@NodeName thigh_stretch.r
@BoneIndex 54
@TopNode NO
$WorldTM 4 4
-0.040616 -0.919620 0.390703 0.000000
-0.486517 -0.323338 -0.811637 0.000000
0.872727 -0.223049 -0.434279 0.000000
-0.079416 -0.026192 0.869218 1.000000
$LocalTM 4 4
-0.494942 0.653618 -0.572551 0.000000
-0.178223 -0.721272 -0.669331 0.000000
-0.850452 -0.229239 0.473478 0.000000
-0.000000 -0.000000 -0.095695 1.000000
#BONE
@ParentName thigh_stretch.r
@NodeName leg_stretch.r
@BoneIndex 55
@TopNode NO
$WorldTM 4 4
-0.040616 -0.919620 0.390703 0.000000
-0.040699 -0.389178 -0.920263 0.000000
0.998346 -0.053278 -0.021621 0.000000
-0.267003 -0.150862 0.556275 1.000000
$LocalTM 4 4
1.000000 -0.000000 -0.000000 0.000000
0.000000 0.892556 0.450937 0.000000
0.000000 -0.450937 0.892556 0.000000
0.000000 0.385570 0.000000 1.000000
#BONE
@ParentName leg_stretch.r
@NodeName foot.r
@BoneIndex 56
@TopNode NO
$WorldTM 4 4
-0.498792 0.105732 0.860248 0.000000
-0.851474 0.125576 -0.509139 0.000000
-0.161858 -0.986432 0.027392 0.000000
-0.286055 -0.333042 0.125485 1.000000
$LocalTM 4 4
0.259127 -0.812502 -0.522200 0.000000
-0.279821 0.454325 -0.845747 0.000000
0.924419 0.365278 -0.109627 0.000000
0.000000 0.468116 -0.000000 1.000000
#BONE
@ParentName foot.r
@NodeName toes_01.r
@BoneIndex 57
@TopNode NO
$WorldTM 4 4
0.539204 -0.111700 -0.834735 0.000000
-0.826503 0.120139 -0.549963 0.000000
0.161715 0.986452 -0.027541 0.000000
-0.426559 -0.312321 0.041471 1.000000
$LocalTM 4 4
-0.998840 -0.048149 0.000045 0.000000
-0.048149 0.998840 0.000203 0.000000
-0.000054 0.000200 -1.000000 0.000000
0.000000 0.165012 0.000000 1.000000
#BONE
@ParentName leg_stretch.r
@NodeName leg_twist.r
@BoneIndex 58
@TopNode NO
$WorldTM 4 4
0.085335 -0.919015 0.384877 0.000000
-0.040699 -0.389178 -0.920263 0.000000
0.995521 0.062866 -0.070613 0.000000
-0.276529 -0.241952 0.340880 1.000000
$LocalTM 4 4
0.992051 0.000000 0.125836 0.000000
-0.000000 1.000000 0.000000 0.000000
-0.125836 -0.000000 0.992051 0.000000
-0.000000 0.234058 0.000000 1.000000
#BONE
@ParentName thigh_stretch.r
@NodeName thigh_twist.r
@BoneIndex 59
@TopNode NO
$WorldTM 4 4
-0.136119 -0.889598 0.435989 0.000000
-0.486517 -0.323338 -0.811637 0.000000
0.863002 -0.322595 -0.388792 0.000000
-0.079416 -0.026192 0.869218 1.000000
$LocalTM 4 4
0.993963 0.000000 -0.109712 0.000000
-0.000000 1.000000 0.000000 0.000000
0.109712 -0.000000 0.993963 0.000000
-0.000000 0.000000 0.000000 1.000000
#SKIN
@ParentName RootNode
@NodeName wirts_low.002
@MeshName Player+_0
@MaterialName NO
@TopNode YES
$WorldTM 4 4
1.000000 0.000000 0.000000 0.000000
0.000000 -0.000000 1.000000 0.000000
0.000000 -1.000000 -0.000000 0.000000
0.000000 0.000000 0.000000 1.000000
$LocalTM 4 4
1.000000 0.000000 0.000000 0.000000
0.000000 -0.000000 1.000000 0.000000
0.000000 -1.000000 -0.000000 0.000000
0.000000 0.000000 0.000000 1.000000
$BoneOffset 60 16
-0.000003 -0.000000 1.000000 0.000000 -0.017264 0.999851 -0.000000 0.000000 -0.999851 -0.017264 -0.000003 0.000000 0.030000 -0.963382 0.000000 1.000000
-0.006603 -0.000000 0.999978 0.000000 0.063840 0.997960 0.000422 0.000000 -0.997938 0.063841 -0.006589 0.000000 -0.060936 -1.120379 -0.000403 1.000000
0.000000 -0.000000 1.000000 0.000000 0.281586 0.959536 -0.000000 0.000000 -0.959536 0.281586 0.000000 0.000000 -0.338593 -1.225818 0.000000 1.000000
0.000000 -0.000000 1.000000 0.000000 0.009880 0.999951 0.000000 0.000000 -0.999951 0.009880 0.000000 0.000000 0.046517 -1.408914 -0.000000 1.000000
0.013452 -0.000000 0.999910 0.000000 -0.314838 0.949136 0.004236 0.000000 -0.949050 -0.314867 0.012768 0.000000 0.546975 -1.452545 -0.007359 1.000000
-0.000068 0.000000 1.000000 0.000000 -0.257560 0.966263 -0.000018 0.000000 -0.966262 -0.257560 -0.000066 0.000000 0.455214 -1.549311 0.000031 1.000000
-0.105579 0.902070 0.418477 0.000000 0.981317 0.162582 -0.102882 0.000000 -0.160844 0.399797 -0.902381 0.000000 -1.399686 -0.283557 0.146484 1.000000
0.915024 0.392715 0.092227 0.000000 0.401760 -0.907757 -0.120689 0.000000 0.036323 0.147487 -0.988397 0.000000 -0.763565 1.238851 0.241653 1.000000
0.866762 0.487169 0.106726 0.000000 0.498390 -0.853927 -0.149716 0.000000 0.018199 0.182960 -0.982952 0.000000 -0.880277 1.115793 0.276713 1.000000
0.915024 0.389487 -0.105029 0.000000 0.401761 -0.856434 0.324206 0.000000 0.036324 -0.338853 -0.940138 0.000000 -0.763565 0.984142 -0.255597 1.000000
0.906558 0.389487 -0.162641 0.000000 0.421445 -0.856434 0.298170 0.000000 -0.023158 -0.338853 -0.940554 0.000000 -0.778191 0.863832 -0.206835 1.000000
0.962700 0.216687 -0.162031 0.000000 0.256968 -0.919709 0.296821 0.000000 -0.084704 -0.327387 -0.941086 0.000000 -0.628406 0.874069 -0.205662 1.000000
0.986244 0.017258 -0.164392 0.000000 0.054793 -0.972438 0.226631 0.000000 -0.155949 -0.232521 -0.960007 0.000000 -0.463768 0.876165 -0.176888 1.000000
0.961968 -0.243820 -0.123168 0.000000 -0.227308 -0.964550 0.134070 0.000000 -0.151490 -0.100974 -0.983288 0.000000 -0.207290 0.937809 -0.114313 1.000000
0.894618 -0.422603 -0.145142 0.000000 -0.415852 -0.906286 0.075582 0.000000 -0.163482 -0.007259 -0.986519 0.000000 -0.020963 0.938507 -0.056047 1.000000
0.990538 -0.025591 -0.134828 0.000000 -0.006523 -0.990128 0.140014 0.000000 -0.137080 -0.137810 -0.980926 0.000000 -0.413012 0.908791 -0.082134 1.000000
0.935709 -0.338598 -0.098993 0.000000 -0.336055 -0.940913 0.041832 0.000000 -0.107308 -0.005875 -0.994208 0.000000 -0.105439 0.953009 -0.012819 1.000000
0.919135 -0.382959 -0.092369 0.000000 -0.388484 -0.920028 -0.051273 0.000000 -0.065347 0.083011 -0.994403 0.000000 -0.054311 0.922685 0.061836 1.000000
0.993932 0.077027 -0.078519 0.000000 0.077472 -0.996991 0.002633 0.000000 -0.078080 -0.008700 -0.996909 0.000000 -0.490580 0.868657 0.069413 1.000000
0.821228 -0.561765 -0.100022 0.000000 -0.564252 -0.825593 0.004090 0.000000 -0.084875 0.053079 -0.994977 0.000000 0.138673 0.952931 0.077308 1.000000
0.661393 -0.735726 -0.145834 0.000000 -0.737484 -0.673337 0.052282 0.000000 -0.136661 0.072971 -0.987926 0.000000 0.353486 0.871725 0.055360 1.000000
0.988190 -0.113165 -0.103315 0.000000 -0.104877 -0.991064 0.082421 0.000000 -0.111719 -0.070612 -0.991228 0.000000 -0.323485 0.945244 -0.016955 1.000000
0.964927 -0.243006 -0.099313 0.000000 -0.241947 -0.970022 0.022761 0.000000 -0.101867 0.002065 -0.994796 0.000000 -0.195584 0.938801 0.032864 1.000000
0.928745 -0.352078 -0.116075 0.000000 -0.356644 -0.934014 -0.020553 0.000000 -0.101179 0.060486 -0.993027 0.000000 -0.084905 0.924426 0.075924 1.000000
0.227915 -0.251185 -0.940723 0.000000 0.659194 -0.671255 0.338940 0.000000 -0.716602 -0.697369 0.012590 0.000000 -0.740062 0.750235 0.011511 1.000000
0.153060 -0.289958 -0.944720 0.000000 0.480141 -0.813742 0.327548 0.000000 -0.863734 -0.503734 0.014669 0.000000 -0.546938 0.865781 0.023944 1.000000
0.064530 -0.255235 -0.964723 0.000000 0.288716 -0.920619 0.262878 0.000000 -0.955238 -0.295494 0.014283 0.000000 -0.344928 0.921202 0.090563 1.000000
0.105578 -0.902070 0.418477 0.000000 0.981317 0.162581 0.102882 0.000000 -0.160844 0.399797 0.902381 0.000000 -1.399687 -0.283557 -0.146484 1.000000
-0.915024 -0.392715 0.092227 0.000000 0.401761 -0.907757 0.120689 0.000000 0.036324 0.147487 0.988396 0.000000 -0.763565 1.238851 -0.241653 1.000000
-0.866761 -0.487170 0.106725 0.000000 0.498391 -0.853927 0.149717 0.000000 0.018198 0.182960 0.982952 0.000000 -0.880278 1.115792 -0.276713 1.000000
-0.915024 -0.389487 -0.105029 0.000000 0.401761 -0.856434 -0.324206 0.000000 0.036324 -0.338853 0.940138 0.000000 -0.763565 0.984142 0.255597 1.000000
-0.906557 -0.389487 -0.162647 0.000000 0.421447 -0.856434 -0.298167 0.000000 -0.023165 -0.338853 0.940554 0.000000 -0.778193 0.863832 0.206829 1.000000
-0.962700 -0.216687 -0.162032 0.000000 0.256969 -0.919709 -0.296821 0.000000 -0.084705 -0.327387 0.941086 0.000000 -0.628406 0.874069 0.205662 1.000000
-0.986244 -0.017258 -0.164391 0.000000 0.054793 -0.972438 -0.226631 0.000000 -0.155949 -0.232521 0.960007 0.000000 -0.463768 0.876165 0.176888 1.000000
-0.961968 0.243819 -0.123168 0.000000 -0.227308 -0.964550 -0.134069 0.000000 -0.151491 -0.100973 0.983288 0.000000 -0.207291 0.937809 0.114312 1.000000
-0.894618 0.422603 -0.145143 0.000000 -0.415852 -0.906286 -0.075582 0.000000 -0.163482 -0.007259 0.986519 0.000000 -0.020963 0.938507 0.056046 1.000000
-0.990538 0.025591 -0.134828 0.000000 -0.006522 -0.990128 -0.140014 0.000000 -0.137080 -0.137810 0.980926 0.000000 -0.413012 0.908791 0.082134 1.000000
-0.935710 0.338596 -0.098995 0.000000 -0.336054 -0.940914 -0.041832 0.000000 -0.107309 -0.005875 0.994208 0.000000 -0.105440 0.953009 0.012818 1.000000
-0.919136 0.382959 -0.092370 0.000000 -0.388483 -0.920028 0.051273 0.000000 -0.065347 0.083011 0.994403 0.000000 -0.054312 0.922685 -0.061836 1.000000
-0.993932 -0.077027 -0.078519 0.000000 0.077472 -0.996991 -0.002633 0.000000 -0.078080 -0.008700 0.996909 0.000000 -0.490581 0.868657 -0.069413 1.000000
-0.821228 0.561765 -0.100022 0.000000 -0.564252 -0.825593 -0.004090 0.000000 -0.084875 0.053079 0.994977 0.000000 0.138673 0.952931 -0.077307 1.000000
-0.661394 0.735724 -0.145836 0.000000 -0.737483 -0.673338 -0.052283 0.000000 -0.136663 0.072972 0.987926 0.000000 0.353484 0.871725 -0.055360 1.000000
-0.988190 0.113165 -0.103315 0.000000 -0.104877 -0.991064 -0.082421 0.000000 -0.111719 -0.070612 0.991228 0.000000 -0.323485 0.945244 0.016955 1.000000
-0.964927 0.243006 -0.099313 0.000000 -0.241947 -0.970023 -0.022761 0.000000 -0.101867 0.002065 0.994796 0.000000 -0.195584 0.938801 -0.032864 1.000000
-0.928746 0.352076 -0.116076 0.000000 -0.356642 -0.934015 0.020552 0.000000 -0.101181 0.060485 0.993027 0.000000 -0.084906 0.924426 -0.075924 1.000000
-0.227915 0.251185 -0.940723 0.000000 0.659194 -0.671254 -0.338940 0.000000 -0.716601 -0.697369 -0.012591 0.000000 -0.740062 0.750234 -0.011511 1.000000
-0.153056 0.289957 -0.944722 0.000000 0.480142 -0.813743 -0.327545 0.000000 -0.863734 -0.503734 -0.014672 0.000000 -0.546938 0.865781 -0.023947 1.000000
-0.064529 0.255235 -0.964723 0.000000 0.288716 -0.920618 -0.262878 0.000000 -0.955237 -0.295494 -0.014284 0.000000 -0.344927 0.921202 -0.090563 1.000000
0.866900 0.130054 0.481229 0.000000 0.157055 -0.987459 -0.016059 0.000000 0.473102 0.089500 -0.876462 0.000000 -0.240643 0.938029 -0.018862 1.000000
0.866900 0.092503 0.489835 0.000000 0.157056 -0.983270 -0.092270 0.000000 0.473101 0.156918 -0.866932 0.000000 -0.240643 0.552266 0.023859 1.000000
0.127030 0.216938 -0.967887 0.000000 0.838922 -0.544134 -0.011854 0.000000 -0.529227 -0.810480 -0.251112 0.000000 -0.062784 0.124086 0.214988 1.000000
-0.137363 0.210547 0.967887 0.000000 -0.811654 -0.584029 0.011854 0.000000 0.567766 -0.783964 0.251112 0.000000 0.064686 -0.037847 -0.214989 1.000000
0.866900 0.092503 0.489836 0.000000 0.157056 -0.983270 -0.092270 0.000000 0.473102 0.156918 -0.866932 0.000000 -0.240643 0.318208 0.023859 1.000000
0.866900 0.130054 0.481229 0.000000 0.157055 -0.987459 -0.016059 0.000000 0.473102 0.089500 -0.876462 0.000000 -0.240643 0.938029 -0.018862 1.000000
-0.866898 -0.130053 0.481226 0.000000 0.157054 -0.987460 0.016058 0.000000 0.473102 0.089499 0.876454 0.000000 -0.240642 0.938029 0.018863 1.000000
-0.866898 -0.092502 0.489833 0.000000 0.157055 -0.983270 0.092269 0.000000 0.473102 0.156917 0.866925 0.000000 -0.240642 0.552266 -0.023858 1.000000
-0.127029 -0.216939 -0.967886 0.000000 0.838915 -0.544137 0.011858 0.000000 -0.529234 -0.810469 0.251114 0.000000 -0.062782 0.124085 -0.214989 1.000000
0.136996 -0.210549 0.967937 0.000000 -0.811642 -0.584033 -0.012166 0.000000 0.567868 -0.783953 -0.250899 0.000000 0.064604 -0.037847 0.215013 1.000000
-0.866898 -0.092502 0.489833 0.000000 0.157055 -0.983270 0.092269 0.000000 0.473102 0.156917 0.866925 0.000000 -0.240642 0.318208 -0.023858 1.000000
-0.866898 -0.130053 0.481227 0.000000 0.157054 -0.987460 0.016058 0.000000 0.473102 0.089499 0.876454 0.000000 -0.240642 0.938029 0.018863 1.000000
&