#BONE
@NodeName root.x
@ParentName root
@BoneIndex 0
@TopNode YES
$WorldTM 4 4
-0.699744 -0.714041 0.022456 0.000000
0.707238 -0.696830 -0.119342 0.000000
0.100863 -0.067627 0.992599 0.000000
-0.000001 6.747837 85.484344 1.000000
$LocalTM 4 4
-0.699744 0.022456 0.714041 0.000000
0.707238 -0.119342 0.696830 0.000000
0.100863 0.992599 0.067627 0.000000
-0.000001 85.484344 -6.747840 1.000000
#BONE
@NodeName spine_01.x
@ParentName root.x
@BoneIndex 1
@TopNode NO
$WorldTM 4 4
-0.758522 -0.640504 -0.119997 0.000000
0.612167 -0.637259 -0.468136 0.000000
0.223374 -0.428550 0.875470 0.000000
2.867794 4.384425 99.697418 1.000000
$LocalTM 4 4
0.985422 -0.075813 -0.152300 0.000000
0.016157 0.932878 -0.359831 0.000000
0.169357 0.352125 0.920503 0.000000
0.000014 1.978897 14.556971 1.000000
#BONE
@NodeName spine_02.x
@ParentName spine_01.x
@BoneIndex 2
@TopNode NO
$WorldTM 4 4
-0.738017 -0.672854 0.050971 0.000000
0.673860 -0.730958 0.107758 0.000000
-0.035248 0.113875 0.992869 0.000000
6.149349 -1.911345 112.558838 1.000000
$LocalTM 4 4
0.984651 -0.046869 0.168121 0.000000
-0.055887 0.827880 0.558114 0.000000
-0.165343 -0.558944 0.812554 0.000000
-0.000002 -0.000002 14.690873 1.000000
#BONE
@NodeName spine_03.x
@ParentName spine_02.x
@BoneIndex 3
@TopNode NO
$WorldTM 4 4
-0.731867 -0.671308 0.117113 0.000000
0.621821 -0.587591 0.517759 0.000000
-0.278762 0.451754 0.847472 0.000000
5.631526 -0.238426 127.144958 1.000000
$LocalTM 4 4
0.997792 0.010142 0.065629 0.000000
-0.037162 0.904318 0.425238 0.000000
-0.055037 -0.426738 0.902699 0.000000
0.000001 0.000000 14.690871 1.000000
#BONE
@NodeName neck.x
@ParentName spine_03.x
@BoneIndex 4
@TopNode NO
$WorldTM 4 4
-0.787659 -0.603088 0.126008 0.000000
0.259222 -0.138855 0.955784 0.000000
-0.558924 0.785496 0.265704 0.000000
1.536277 6.398228 139.595047 1.000000
$LocalTM 4 4
0.996077 -0.070172 0.053910 0.000000
0.015433 0.737646 0.675011 0.000000
-0.087134 -0.671530 0.735835 0.000000
-0.000001 0.000003 14.690849 1.000000
#BONE
@NodeName head.x
@ParentName neck.x
@BoneIndex 5
@TopNode NO
$WorldTM 4 4
-0.999607 -0.018964 0.020628 0.000000
0.024348 -0.952183 0.304555 0.000000
0.013866 0.304937 0.952271 0.000000
-1.737787 10.999499 141.151474 1.000000
$LocalTM 4 4
0.801386 -0.236771 0.549291 0.000000
0.593449 0.429616 -0.680624 0.000000
-0.074832 0.871418 0.484800 0.000000
-0.000001 -0.000007 5.857791 1.000000
#BONE
@NodeName shoulder.l
@ParentName spine_03.x
@BoneIndex 6
@TopNode NO
$WorldTM 4 4
0.423548 -0.642336 0.638758 0.000000
0.266549 -0.585543 -0.765566 0.000000
0.865771 0.494514 -0.076791 0.000000
5.197761 6.941921 126.540802 1.000000
$LocalTM 4 4
0.196031 0.971525 0.133082 0.000000
0.108344 0.113426 -0.987622 0.000000
-0.974594 0.208023 -0.083023 0.000000
-4.573524 -4.801641 2.852664 1.000000
#BONE
@NodeName arm_stretch.l
@ParentName shoulder.l
@BoneIndex 7
@TopNode NO
$WorldTM 4 4
0.438110 -0.827337 0.351531 0.000000
-0.616392 -0.561134 -0.552439 0.000000
0.654309 0.025348 -0.755802 0.000000
18.258640 14.402080 125.382332 1.000000
$LocalTM 4 4
0.941532 0.332098 -0.056822 0.000000
-0.253510 0.587198 -0.768721 0.000000
-0.221925 0.738179 0.637055 0.000000
-0.000001 0.000009 15.085842 1.000000
#BONE
@NodeName forearm_stretch.l
@ParentName arm_stretch.l
@BoneIndex 8
@TopNode NO
$WorldTM 4 4
0.761287 -0.366804 -0.534695 0.000000
-0.629710 -0.614871 -0.474763 0.000000
-0.154624 0.698133 -0.699072 0.000000
32.977375 14.972282 108.380508 1.000000
$LocalTM 4 4
0.449035 0.031961 0.892943 0.000000
0.065929 0.995451 -0.068784 0.000000
-0.891078 0.089758 0.444885 0.000000
0.000002 -0.000003 22.495089 1.000000
#BONE
@NodeName hand.l
@ParentName forearm_stretch.l
@BoneIndex 9
@TopNode NO
$WorldTM 4 4
0.754073 0.403797 -0.517997 0.000000
0.116392 -0.858354 -0.499682 0.000000
-0.646395 0.316506 -0.694260 0.000000
29.313324 31.515602 91.814919 1.000000
$LocalTM 4 4
0.702922 -0.477205 0.527424 0.000000
0.670631 0.691714 -0.267928 0.000000
-0.236970 0.542040 0.806249 0.000000
0.000001 0.000002 23.696531 1.000000
#BONE
@NodeName c_index1.l
@ParentName hand.l
@BoneIndex 10
@TopNode NO
$WorldTM 4 4
0.948290 0.290269 -0.128416 0.000000
0.317217 -0.880683 0.351810 0.000000
-0.010974 -0.374355 -0.927221 0.000000
19.300701 34.062229 84.287399 1.000000
$LocalTM 4 4
0.898809 -0.074613 -0.431944 0.000000
-0.298650 0.617066 -0.728037 0.000000
0.320859 0.783366 0.532341 0.000000
-2.622688 0.410079 12.504198 1.000000
#BONE
@NodeName c_index2.l
@ParentName c_index1.l
@BoneIndex 11
@TopNode NO
$WorldTM 4 4
0.708911 0.668575 0.224619 0.000000
-0.221220 -0.091627 0.970910 0.000000
0.669707 -0.737979 0.082946 0.000000
19.266541 32.896919 81.401100 1.000000
$LocalTM 4 4
0.837474 -0.284900 -0.466335 0.000000
-0.361058 0.352096 -0.863519 0.000000
0.410212 0.891549 0.192006 0.000000
0.000001 0.000000 3.112844 1.000000
#BONE
@NodeName c_index3.l
@ParentName c_index2.l
@BoneIndex 12
@TopNode NO
$WorldTM 4 4
0.510478 0.839641 0.185515 0.000000
-0.565596 0.165358 0.807934 0.000000
0.647698 -0.517359 0.559308 0.000000
21.435043 30.507355 81.669670 1.000000
$LocalTM 4 4
0.964916 -0.009744 -0.262379 0.000000
-0.108926 0.894402 -0.433798 0.000000
0.238899 0.447158 0.861961 0.000000
-0.000002 -0.000010 3.237987 1.000000
#BONE
@NodeName c_middle1.l
@ParentName hand.l
@BoneIndex 13
@TopNode NO
$WorldTM 4 4
0.889342 0.383585 -0.248862 0.000000
0.449112 -0.834994 0.317936 0.000000
-0.085843 -0.394522 -0.914868 0.000000
21.142658 35.516361 83.039223 1.000000
$LocalTM 4 4
0.954430 -0.101388 -0.280684 0.000000
-0.163196 0.610126 -0.775315 0.000000
0.249861 0.785791 0.565777 0.000000
0.000010 -0.000005 12.640365 1.000000
#BONE
@NodeName c_middle2.l
@ParentName c_middle1.l
@BoneIndex 14
@TopNode NO
$WorldTM 4 4
0.803039 0.591872 -0.069400 0.000000
-0.038466 0.167698 0.985088 0.000000
0.594684 -0.788395 0.157434 0.000000
20.819166 34.029636 79.591606 1.000000
$LocalTM 4 4
0.958481 -0.155620 -0.238949 0.000000
-0.215035 0.155893 -0.964084 0.000000
0.187281 0.975438 0.115957 0.000000
-0.000001 -0.000001 3.768429 1.000000
#BONE
@NodeName c_middle3.l
@ParentName c_middle2.l
@BoneIndex 15
@TopNode NO
$WorldTM 4 4
0.631784 0.766870 -0.112954 0.000000
-0.466678 0.492660 0.734506 0.000000
0.618919 -0.411336 0.669135 0.000000
21.952902 32.526596 79.891747 1.000000
$LocalTM 4 4
0.969075 -0.006971 -0.246667 0.000000
-0.134144 0.824122 -0.550299 0.000000
0.207120 0.566370 0.797701 0.000000
-0.000002 0.000000 1.906454 1.000000
#BONE
@NodeName c_pinky1.l
@ParentName hand.l
@BoneIndex 16
@TopNode NO
$WorldTM 4 4
0.923191 0.310969 -0.225868 0.000000
0.383155 -0.698511 0.604379 0.000000
0.030172 -0.644501 -0.764009 0.000000
25.299749 36.984814 81.483887 1.000000
$LocalTM 4 4
0.938722 -0.046607 -0.341511 0.000000
-0.306197 0.342169 -0.888349 0.000000
0.158258 0.938482 0.306930 0.000000
4.533380 0.000566 11.497826 1.000000
#BONE
@NodeName c_pinky2.l
@ParentName c_pinky1.l
@BoneIndex 17
@TopNode NO
$WorldTM 4 4
0.914746 0.289067 -0.282276 0.000000
0.250226 0.143206 0.957538 0.000000
0.317217 -0.946537 0.058664 0.000000
25.387663 35.106884 79.257736 1.000000
$LocalTM 4 4
0.998134 -0.022029 0.056956 0.000000
0.059262 0.574561 -0.816314 0.000000
-0.014743 0.818165 0.574794 0.000000
0.000001 -0.000000 2.913775 1.000000
#BONE
@NodeName c_pinky3.l
@ParentName c_pinky2.l
@BoneIndex 18
@TopNode NO
$WorldTM 4 4
0.924567 0.024066 -0.380260 0.000000
0.230816 0.758664 0.609223 0.000000
0.303152 -0.651038 0.695880 0.000000
26.225428 32.607094 79.412666 1.000000
$LocalTM 4 4
0.960039 -0.129316 0.248200 0.000000
0.258474 0.749755 -0.609145 0.000000
-0.107317 0.648956 0.753219 0.000000
-0.000001 0.000000 2.640986 1.000000
#BONE
@NodeName c_ring1.l
@ParentName hand.l
@BoneIndex 19
@TopNode NO
$WorldTM 4 4
0.756868 0.525654 -0.388378 0.000000
0.653051 -0.631879 0.417436 0.000000
-0.025981 -0.569576 -0.821528 0.000000
23.172335 36.701420 82.245148 1.000000
$LocalTM 4 4
0.984171 -0.169039 -0.053227 0.000000
0.021066 0.409800 -0.911932 0.000000
0.175964 0.896376 0.406874 0.000000
2.420387 -0.384183 12.254765 1.000000
#BONE
@NodeName c_ring2.l
@ParentName c_ring1.l
@BoneIndex 20
@TopNode NO
$WorldTM 4 4
0.751450 0.552290 -0.360966 0.000000
0.109393 0.435231 0.893648 0.000000
0.650658 -0.711021 0.266637 0.000000
23.097303 35.056618 79.872780 1.000000
$LocalTM 4 4
0.999255 -0.008926 -0.037550 0.000000
-0.035497 0.169468 -0.984896 0.000000
0.015155 0.985496 0.169025 0.000000
-0.000007 0.000001 2.887757 1.000000
#BONE
@NodeName c_ring3.l
@ParentName c_ring2.l
@BoneIndex 21
@TopNode NO
$WorldTM 4 4
0.775636 0.534404 -0.335857 0.000000
-0.198928 0.711967 0.673448 0.000000
0.599013 -0.455540 0.658534 0.000000
24.305981 33.735813 80.368095 1.000000
$LocalTM 4 4
0.999232 0.017300 0.035149 0.000000
0.000636 0.889934 -0.456090 0.000000
-0.039171 0.455762 0.889239 0.000000
-0.000002 0.000009 1.857624 1.000000
#BONE
@NodeName c_thumb1.l
@ParentName hand.l
@BoneIndex 22
@TopNode NO
$WorldTM 4 4
-0.486819 0.816713 -0.309818 0.000000
0.678550 0.130226 -0.722919 0.000000
-0.550070 -0.562158 -0.617577 0.000000
24.844479 29.793812 89.767570 1.000000
$LocalTM 4 4
0.123174 -0.602880 0.788267 0.000000
0.938731 0.328426 0.104500 0.000000
-0.321888 0.727099 0.606395 0.000000
-3.004570 1.980794 3.765078 1.000000
#BONE
@NodeName c_thumb2.l
@ParentName c_thumb1.l
@BoneIndex 23
@TopNode NO
$WorldTM 4 4
-0.492504 0.844910 0.208727 0.000000
0.866058 0.499472 0.021696 0.000000
-0.085922 0.191454 -0.977733 0.000000
22.275112 27.167978 86.882874 1.000000
$LocalTM 4 4
0.865142 -0.375051 -0.332965 0.000000
-0.020411 0.637024 -0.770574 0.000000
0.501111 0.673452 0.543461 0.000000
-0.000001 0.000005 4.670987 1.000000
#BONE
@NodeName c_thumb3.l
@ParentName c_thumb2.l
@BoneIndex 24
@TopNode NO
$WorldTM 4 4
-0.488869 0.796075 0.356752 0.000000
0.815575 0.271951 0.510764 0.000000
0.309588 0.540654 -0.782207 0.000000
21.857624 28.098232 82.132179 1.000000
$LocalTM 4 4
0.987845 -0.018032 -0.154391 0.000000
-0.065290 0.853249 -0.517401 0.000000
0.141064 0.521193 0.841700 0.000000
0.000002 -0.000000 4.858888 1.000000
#BONE
@NodeName shoulder.r
@ParentName spine_03.x
@BoneIndex 25
@TopNode NO
$WorldTM 4 4
-0.646525 0.453254 -0.613650 0.000000
0.381935 -0.504005 -0.774664 0.000000
-0.660403 -0.735214 0.152737 0.000000
-1.496665 0.801453 127.612045 1.000000
$LocalTM 4 4
0.097031 -0.986075 -0.135065 0.000000
-0.031906 0.132554 -0.990662 0.000000
0.994770 0.100434 -0.018600 0.000000
4.573513 -4.801648 2.852685 1.000000
#BONE
@NodeName arm_stretch.r
@ParentName shoulder.r
@BoneIndex 26
@TopNode NO
$WorldTM 4 4
-0.820445 0.456110 -0.344723 0.000000
0.560664 0.759901 -0.328949 0.000000
0.111919 -0.463158 -0.879181 0.000000
-11.459393 -10.289876 129.916229 1.000000
$LocalTM 4 4
0.948711 -0.276194 0.153834 0.000000
0.183805 0.085969 -0.979196 0.000000
0.257223 0.957250 0.132325 0.000000
-0.000004 0.000000 15.085843 1.000000
#BONE
@NodeName forearm_stretch.r
@ParentName arm_stretch.r
@BoneIndex 27
@TopNode NO
$WorldTM 4 4
-0.114687 0.390410 0.913470 0.000000
0.634066 0.736634 -0.235224 0.000000
-0.764727 0.552223 -0.332028 0.000000
-8.941773 -20.708654 110.138977 1.000000
$LocalTM 4 4
-0.042730 -0.068112 -0.996762 0.000000
-0.103144 0.992643 -0.063409 0.000000
0.993748 0.100100 -0.049441 0.000000
-0.000003 0.000001 22.495081 1.000000
#BONE
@NodeName hand.r
@ParentName forearm_stretch.r
@BoneIndex 28
@TopNode NO
$WorldTM 4 4
-0.685573 -0.722626 0.088320 0.000000
0.052516 0.071913 0.996028 0.000000
-0.726108 0.687488 -0.011352 0.000000
-27.063129 -7.622884 102.271072 1.000000
$LocalTM 4 4
-0.122817 -0.987785 0.095900 0.000000
0.931894 -0.148018 -0.331157 0.000000
0.341307 0.048697 0.938690 0.000000
0.000006 0.000003 23.696520 1.000000
#BONE
@NodeName c_index1.r
@ParentName hand.r
@BoneIndex 29
@TopNode NO
$WorldTM 4 4
-0.896751 -0.396946 0.195630 0.000000
0.423769 -0.642885 0.638059 0.000000
-0.127508 0.655082 0.744721 0.000000
-37.919052 -0.892114 102.769241 1.000000
$LocalTM 4 4
0.918910 0.119214 0.376021 0.000000
0.230395 0.611547 -0.756920 0.000000
-0.320190 0.782175 0.534491 0.000000
2.622692 0.410114 12.504225 1.000000
#BONE
@NodeName c_index2.r
@ParentName c_index1.r
@BoneIndex 30
@TopNode NO
$WorldTM 4 4
-0.622012 -0.242255 0.744589 0.000000
-0.190870 -0.875337 -0.444244 0.000000
0.759387 -0.418446 0.498232 0.000000
-38.315956 1.147041 105.087440 1.000000
$LocalTM 4 4
0.799617 0.367244 0.475125 0.000000
0.431718 0.198402 -0.879918 0.000000
-0.417411 0.908718 0.000100 0.000000
-0.000000 0.000009 3.112832 1.000000
#BONE
@NodeName c_index3.r
@ParentName c_index2.r
@BoneIndex 31
@TopNode NO
$WorldTM 4 4
-0.241739 -0.542647 0.804422 0.000000
-0.818422 -0.331343 -0.469464 0.000000
0.521294 -0.771846 -0.364016 0.000000
-35.857079 -0.207888 106.700722 1.000000
$LocalTM 4 4
0.880788 0.163781 0.444284 0.000000
0.239781 0.654806 -0.716752 0.000000
-0.408310 0.737838 0.537474 0.000000
0.000015 0.000002 3.237992 1.000000
#BONE
@NodeName c_middle1.r
@ParentName hand.r
@BoneIndex 32
@TopNode NO
$WorldTM 4 4
-0.883068 -0.436056 0.173336 0.000000
0.435519 -0.624122 0.648687 0.000000
-0.174681 0.648327 0.741053 0.000000
-36.241383 1.067211 102.127609 1.000000
$LocalTM 4 4
0.935823 0.094915 0.339451 0.000000
0.209719 0.624100 -0.752674 0.000000
-0.283292 0.775558 0.564141 0.000000
-0.000003 0.000029 12.640352 1.000000
#BONE
@NodeName c_middle2.r
@ParentName c_middle1.r
@BoneIndex 33
@TopNode NO
$WorldTM 4 4
-0.802453 -0.375299 0.463918 0.000000
-0.022351 -0.758003 -0.651868 0.000000
0.596297 -0.533463 0.599873 0.000000
-36.899651 3.510370 104.920197 1.000000
$LocalTM 4 4
0.952686 0.185687 0.240645 0.000000
0.237277 0.040493 -0.970598 0.000000
-0.189971 0.981775 -0.005482 0.000000
0.000001 0.000000 3.768407 1.000000
#BONE
@NodeName c_middle3.r
@ParentName c_middle2.r
@BoneIndex 34
@TopNode NO
$WorldTM 4 4
-0.586881 -0.559763 0.585009 0.000000
-0.599648 -0.185003 -0.778586 0.000000
0.544053 -0.807737 -0.227086 0.000000
-35.762836 2.493357 106.063828 1.000000
$LocalTM 4 4
0.952419 0.056071 0.299588 0.000000
0.189420 0.661172 -0.725928 0.000000
-0.238783 0.748136 0.619092 0.000000
-0.000004 -0.000008 1.906449 1.000000
#BONE
@NodeName c_pinky1.r
@ParentName hand.r
@BoneIndex 35
@TopNode NO
$WorldTM 4 4
-0.962867 -0.214082 0.164483 0.000000
0.266390 -0.654448 0.707625 0.000000
-0.043845 0.725166 0.687177 0.000000
-32.303799 3.557727 101.740768 1.000000
$LocalTM 4 4
0.829345 0.097869 0.550099 0.000000
0.352790 0.671741 -0.651386 0.000000
-0.433274 0.734293 0.522578 0.000000
-4.533384 0.000610 11.497836 1.000000
#BONE
@NodeName c_pinky2.r
@ParentName c_pinky1.r
@BoneIndex 36
@TopNode NO
$WorldTM 4 4
-0.965704 -0.244042 0.088640 0.000000
0.106177 -0.682727 -0.722918 0.000000
0.236940 -0.688714 0.685224 0.000000
-32.431549 5.670691 103.743042 1.000000
$LocalTM 4 4
0.996671 -0.034817 -0.073719 0.000000
-0.074981 -0.036461 -0.996518 0.000000
0.032008 0.998728 -0.038951 0.000000
-0.000005 0.000004 2.913768 1.000000
#BONE
@NodeName c_pinky3.r
@ParentName c_pinky2.r
@BoneIndex 37
@TopNode NO
$WorldTM 4 4
-0.987589 -0.023689 -0.155263 0.000000
0.132123 0.409180 -0.902837 0.000000
0.084919 -0.912146 -0.400972 0.000000
-31.805794 3.851804 105.552719 1.000000
$LocalTM 4 4
0.945739 0.023558 -0.324073 0.000000
-0.307477 0.387347 -0.869149 0.000000
0.105054 0.921633 0.373573 0.000000
0.000001 -0.000003 2.640992 1.000000
#BONE
@NodeName c_ring1.r
@ParentName hand.r
@BoneIndex 38
@TopNode NO
$WorldTM 4 4
-0.916947 -0.342525 0.204657 0.000000
0.385085 -0.625354 0.678707 0.000000
-0.104492 0.701148 0.705318 0.000000
-34.322212 2.523535 101.535561 1.000000
$LocalTM 4 4
0.894228 0.131058 0.427996 0.000000
0.247838 0.651262 -0.717241 0.000000
-0.372738 0.747450 0.549896 0.000000
-2.420403 -0.384153 12.254756 1.000000
#BONE
@NodeName c_ring2.r
@ParentName c_ring1.r
@BoneIndex 39
@TopNode NO
$WorldTM 4 4
-0.915958 -0.322681 0.238532 0.000000
0.060819 -0.699206 -0.712330 0.000000
0.396638 -0.637957 0.660068 0.000000
-34.623966 4.548282 103.572342 1.000000
$LocalTM 4 4
0.999229 0.010962 0.037703 0.000000
0.037946 -0.022792 -0.999020 0.000000
-0.010092 0.999681 -0.023190 0.000000
0.000003 -0.000005 2.887756 1.000000
#BONE
@NodeName c_ring3.r
@ParentName c_ring2.r
@BoneIndex 40
@TopNode NO
$WorldTM 4 4
-0.924757 -0.304521 0.228235 0.000000
-0.272711 0.111977 -0.955558 0.000000
0.265431 -0.945901 -0.186598 0.000000
-33.887157 3.363193 104.798508 1.000000
$LocalTM 4 4
0.999743 -0.005898 -0.021871 0.000000
-0.014271 0.585791 -0.810336 0.000000
0.017591 0.810440 0.585556 0.000000
0.000002 -0.000001 1.857630 1.000000
#BONE
@NodeName c_thumb1.r
@ParentName hand.r
@BoneIndex 41
@TopNode NO
$WorldTM 4 4
0.875371 -0.410836 0.254831 0.000000
0.448765 0.886575 -0.112228 0.000000
-0.179820 0.212600 0.960451 0.000000
-31.752806 -7.063159 104.466637 1.000000
$LocalTM 4 4
-0.280743 0.270245 -0.920951 0.000000
-0.958236 -0.024459 0.284932 0.000000
0.054476 0.962481 0.265825 0.000000
3.004557 1.980809 3.765086 1.000000
#BONE
@NodeName c_thumb2.r
@ParentName c_thumb1.r
@BoneIndex 42
@TopNode NO
$WorldTM 4 4
0.853473 -0.081035 0.514798 0.000000
0.434909 0.654999 -0.617923 0.000000
-0.287119 0.751272 0.594267 0.000000
-32.592751 -6.070100 108.952896 1.000000
$LocalTM 4 4
0.911585 0.253391 0.323738 0.000000
-0.045857 0.845226 -0.532437 0.000000
-0.408547 0.470516 0.782115 0.000000
-0.000007 -0.000001 4.671000 1.000000
#BONE
@NodeName c_thumb3.r
@ParentName c_thumb2.r
@BoneIndex 43
@TopNode NO
$WorldTM 4 4
0.675704 0.275971 0.683568 0.000000
0.691974 0.082254 -0.717221 0.000000
-0.254159 0.957640 -0.135385 0.000000
-33.987823 -2.419755 111.840370 1.000000
$LocalTM 4 4
0.906231 0.052238 0.419544 0.000000
0.214692 0.798010 -0.563105 0.000000
-0.364215 0.600376 0.711967 0.000000
0.000000 0.000006 4.858881 1.000000
#BONE
@NodeName thigh_stretch.l
@ParentName root.x
@BoneIndex 44
@TopNode NO
$WorldTM 4 4
-0.134727 -0.818550 -0.558412 0.000000
-0.918773 0.314246 -0.238967 0.000000
0.371085 0.480859 -0.794399 0.000000
7.106929 13.999872 85.256264 1.000000
$LocalTM 4 4
0.666213 0.541748 -0.512512 0.000000
0.413155 -0.840249 -0.351120 0.000000
-0.620856 0.022173 -0.783611 0.000000
-10.156403 0.000076 -0.000006 1.000000
#BONE
@NodeName leg_stretch.l
@ParentName thigh_stretch.l
@BoneIndex 45
@TopNode NO
$WorldTM 4 4
-0.353467 -0.934880 0.032554 0.000000
-0.892664 0.326692 -0.310521 0.000000
0.279665 -0.138819 -0.950008 0.000000
21.778574 33.011677 53.847965 1.000000
$LocalTM 4 4
0.794689 0.023194 -0.606573 0.000000
0.026251 0.997022 0.072517 0.000000
0.606448 -0.073552 0.791713 0.000000
0.000005 -0.000001 39.537155 1.000000
#BONE
@NodeName foot.l
@ParentName leg_stretch.l
@BoneIndex 46
@TopNode NO
$WorldTM 4 4
0.991356 -0.131182 -0.002135 0.000000
-0.081763 -0.604998 -0.792017 0.000000
0.102607 0.785346 -0.610494 0.000000
32.991909 27.445671 15.756857 1.000000
$LocalTM 4 4
-0.227842 -0.927141 0.297487 0.000000
0.568718 0.121277 0.813543 0.000000
-0.790347 0.354545 0.499649 0.000000
-0.000002 0.000002 40.095566 1.000000
#BONE
@NodeName toes_01.l
@ParentName foot.l
@BoneIndex 47
@TopNode NO
$WorldTM 4 4
-0.991425 0.130657 0.002337 0.000000
0.063807 0.468405 0.881206 0.000000
0.114041 0.873800 -0.472725 0.000000
34.825336 41.478645 4.848238 1.000000
$LocalTM 4 4
-1.000000 0.000163 -0.000542 0.000000
-0.000072 -0.986533 -0.163564 0.000000
-0.000562 -0.163564 0.986533 0.000000
0.000001 0.000001 17.868517 1.000000
#BONE
@NodeName thigh_stretch.r
@ParentName root.x
@BoneIndex 48
@TopNode NO
$WorldTM 4 4
-0.848496 0.105476 0.518584 0.000000
-0.039263 0.964689 -0.260450 0.000000
-0.527743 -0.241352 -0.814393 0.000000
-7.106929 -0.504200 85.712402 1.000000
$LocalTM 4 4
0.530061 -0.735476 0.422032 0.000000
-0.667202 -0.668909 -0.327722 0.000000
0.523333 -0.107868 -0.845273 0.000000
10.156401 -0.000070 -0.000018 1.000000
#BONE
@NodeName leg_stretch.r
@ParentName thigh_stretch.r
@BoneIndex 49
@TopNode NO
$WorldTM 4 4
-0.997645 -0.065660 -0.019853 0.000000
-0.055639 0.943852 -0.325650 0.000000
0.040121 -0.323778 -0.945282 0.000000
-27.972397 -10.046579 53.513630 1.000000
$LocalTM 4 4
0.829276 -0.019000 0.558516 0.000000
-0.022114 0.997523 0.066769 0.000000
-0.558401 -0.067721 0.826802 0.000000
0.000001 0.000000 39.537155 1.000000
#BONE
@NodeName foot.r
@ParentName leg_stretch.r
@BoneIndex 50
@TopNode NO
$WorldTM 4 4
0.130959 0.991373 0.005460 0.000000
0.608116 -0.075979 -0.790204 0.000000
-0.782972 0.106804 -0.612820 0.000000
-26.363718 -23.028650 15.612021 1.000000
$LocalTM 4 4
-0.195852 0.926645 -0.320892 0.000000
-0.586007 0.151781 0.795964 0.000000
0.786281 0.343936 0.513293 0.000000
-0.000001 -0.000003 40.095570 1.000000
#BONE
@NodeName toes_01.r
@ParentName foot.r
@BoneIndex 51
@TopNode NO
$WorldTM 4 4
-0.130864 -0.991386 -0.005347 0.000000
-0.516880 0.063624 0.853690 0.000000
-0.845996 0.114482 -0.520753 0.000000
-40.354263 -21.120214 4.661840 1.000000
$LocalTM 4 4
-1.000000 -0.000031 -0.000144 0.000000
0.000047 -0.993746 -0.111661 0.000000
-0.000140 -0.111661 0.993746 0.000000
0.000001 0.000000 17.868519 1.000000
#SKIN
@NodeName Retopo_bottom_inner.001
@ParentName RootNode
@MeshName player+_0
@MaterialName NO
@TopNode YES
$WorldTM 4 4
1.000000 0.000000 0.000000 0.000000
0.000000 -0.000000 1.000000 0.000000
0.000000 -1.000000 -0.000000 0.000000
0.000000 0.000000 0.000000 1.000000
$LocalTM 4 4
1.000000 0.000000 0.000000 0.000000
0.000000 -0.000001 -1.000000 0.000000
0.000000 1.000000 -0.000001 0.000000
0.000000 0.000000 0.000000 1.000000
$BoneOffset 52 16
-1.000000 0.000003 0.000000 0.000000 0.000000 0.000000 1.000000 0.000000 0.000003 1.000000 -0.000000 0.000000 0.000018 6.310578 -93.104347 1.000000
-0.999978 0.006603 -0.000000 0.000000 -0.000889 -0.134699 0.990886 0.000000 0.006542 0.990865 0.134702 0.000000 0.124091 18.794022 -106.096626 1.000000
-1.000000 -0.000000 -0.000000 0.000000 0.000000 -0.134702 0.990886 0.000000 -0.000000 0.990886 0.134702 0.000000 -0.000004 18.794451 -120.787468 1.000000
-1.000000 0.000000 -0.000000 0.000000 -0.000000 -0.134702 0.990886 0.000000 0.000000 0.990886 0.134702 0.000000 0.000000 18.794458 -135.478317 1.000000
-0.999910 -0.013452 -0.000000 0.000000 -0.007840 0.582747 0.812616 0.000000 -0.010931 0.812543 -0.582799 0.000000 1.203956 -89.492470 -122.039658 1.000000
-1.000000 0.000068 -0.000000 0.000000 -0.000000 0.000000 1.000000 0.000000 0.000068 1.000000 -0.000000 0.000000 0.000123 1.808921 -156.092361 1.000000
-0.415706 0.000801 0.909499 0.000000 -0.001927 -0.999998 -0.000000 0.000000 0.909497 -0.001752 0.415707 0.000000 6.489321 140.236465 -2.185998 1.000000
-0.041156 -0.889652 0.454779 0.000000 0.080186 -0.456638 -0.886031 0.000000 0.995930 0.000001 0.090131 0.000000 -12.010593 80.318237 115.807671 1.000000
0.148777 -0.889651 0.431724 0.000000 -0.289854 -0.456641 -0.841109 0.000000 0.945436 0.000001 -0.325807 0.000000 27.273169 80.318565 90.042320 1.000000
0.174470 -0.947943 0.266390 0.000000 -0.284521 -0.307533 -0.908004 0.000000 0.942660 0.082626 -0.323365 0.000000 25.730536 67.953812 79.478844 1.000000
0.193325 -0.975174 0.107983 0.000000 -0.349606 -0.171304 -0.921103 0.000000 0.916734 0.140321 -0.374044 0.000000 33.134487 57.067966 74.141808 1.000000
0.140183 -0.979825 -0.142449 0.000000 -0.170034 0.117909 -0.978359 0.000000 0.975416 0.161370 -0.150075 0.000000 20.453173 32.410725 89.056038 1.000000
0.109603 -0.937293 -0.330859 0.000000 -0.071479 0.324570 -0.943157 0.000000 0.991402 0.127022 -0.031423 0.000000 13.666197 12.959097 92.080521 1.000000
0.145738 -0.988842 0.030827 0.000000 -0.188279 -0.058312 -0.980383 0.000000 0.971242 0.137075 -0.194676 0.000000 18.620008 47.968304 84.258499 1.000000
0.107109 -0.953180 -0.282798 0.000000 -0.063577 0.277286 -0.958682 0.000000 0.992213 0.120663 -0.030900 0.000000 9.813780 17.716772 93.360222 1.000000
0.084834 -0.938960 -0.333403 0.000000 0.006205 0.335101 -0.942162 0.000000 0.996376 0.077859 0.034255 0.000000 4.961442 11.915448 92.776024 1.000000
0.065378 -0.985881 0.154159 0.000000 0.065990 -0.149879 -0.986500 0.000000 0.995676 0.074668 0.055260 0.000000 -5.037956 55.563995 81.090324 1.000000
0.098336 -0.911739 -0.398825 0.000000 -0.035917 0.397255 -0.917005 0.000000 0.994505 0.104500 0.006318 0.000000 2.280664 5.540719 95.856209 1.000000
0.171059 -0.581522 -0.795343 0.000000 -0.272920 0.747686 -0.605376 0.000000 0.946707 0.320620 -0.030810 0.000000 18.818251 -36.798962 83.765671 1.000000
0.113703 -0.993459 0.010467 0.000000 -0.084517 -0.020169 -0.996218 0.000000 0.989913 0.112388 -0.086258 0.000000 8.451306 44.975624 87.397278 1.000000
0.109671 -0.958838 -0.261919 0.000000 -0.071696 0.255191 -0.964229 0.000000 0.991379 0.124527 -0.040758 0.000000 7.532794 19.937994 93.711403 1.000000
0.094207 -0.936744 -0.337097 0.000000 -0.022978 0.336467 -0.941415 0.000000 0.995287 0.096434 0.010173 0.000000 4.118632 11.999192 93.436829 1.000000
0.915018 -0.270277 -0.299486 0.000000 -0.403412 -0.613039 -0.679295 0.000000 0.000001 0.742384 -0.669975 0.000000 5.035646 75.671921 71.827003 1.000000
0.962380 -0.132050 -0.237458 0.000000 -0.271705 -0.467721 -0.841078 0.000000 0.000001 0.873956 -0.486005 0.000000 -9.053144 58.507652 82.197449 1.000000
0.903096 -0.173509 -0.392826 0.000000 -0.429439 -0.364881 -0.826101 0.000000 0.000001 0.914744 -0.404034 0.000000 7.198861 51.252254 82.509041 1.000000
-0.415706 -0.000801 -0.909499 0.000000 0.001927 -0.999998 -0.000000 0.000000 -0.909497 -0.001752 0.415707 0.000000 -6.489321 140.236465 -2.185998 1.000000
-0.041157 0.889652 -0.454780 0.000000 -0.080186 -0.456639 -0.886031 0.000000 -0.995930 0.000001 0.090131 0.000000 12.010571 80.318367 115.807610 1.000000
0.148777 0.889651 -0.431724 0.000000 0.289854 -0.456641 -0.841109 0.000000 -0.945436 0.000001 -0.325807 0.000000 -27.273167 80.318581 90.042328 1.000000
0.174470 0.947943 -0.266390 0.000000 0.284521 -0.307533 -0.908004 0.000000 -0.942660 0.082626 -0.323365 0.000000 -25.730532 67.953804 79.478851 1.000000
0.193325 0.975174 -0.107983 0.000000 0.349606 -0.171304 -0.921103 0.000000 -0.916734 0.140321 -0.374044 0.000000 -33.134495 57.067959 74.141853 1.000000
0.140183 0.979825 0.142449 0.000000 0.170034 0.117909 -0.978359 0.000000 -0.975416 0.161370 -0.150075 0.000000 -20.453175 32.410709 89.056046 1.000000
0.109603 0.937293 0.330859 0.000000 0.071479 0.324570 -0.943157 0.000000 -0.991402 0.127022 -0.031423 0.000000 -13.666196 12.959114 92.080544 1.000000
0.145738 0.988843 -0.030827 0.000000 0.188279 -0.058312 -0.980383 0.000000 -0.971242 0.137075 -0.194676 0.000000 -18.620007 47.968285 84.258545 1.000000
0.107109 0.953180 0.282798 0.000000 0.063576 0.277286 -0.958682 0.000000 -0.992212 0.120663 -0.030900 0.000000 -9.813772 17.716803 93.360191 1.000000
0.084834 0.938960 0.333403 0.000000 -0.006205 0.335100 -0.942162 0.000000 -0.996376 0.077859 0.034255 0.000000 -4.961439 11.915524 92.776001 1.000000
0.065378 0.985881 -0.154160 0.000000 -0.065990 -0.149880 -0.986499 0.000000 -0.995676 0.074668 0.055260 0.000000 5.037960 55.564075 81.090294 1.000000
0.098336 0.911739 0.398825 0.000000 0.035917 0.397254 -0.917005 0.000000 -0.994505 0.104500 0.006318 0.000000 -2.280662 5.540745 95.856209 1.000000
0.171059 0.581522 0.795343 0.000000 0.272920 0.747686 -0.605376 0.000000 -0.946707 0.320620 -0.030810 0.000000 -18.818243 -36.798981 83.765686 1.000000
0.113703 0.993460 -0.010467 0.000000 0.084517 -0.020169 -0.996218 0.000000 -0.989913 0.112388 -0.086258 0.000000 -8.451303 44.975643 87.397293 1.000000
0.109671 0.958838 0.261919 0.000000 0.071696 0.255191 -0.964229 0.000000 -0.991379 0.124526 -0.040758 0.000000 -7.532792 19.938007 93.711403 1.000000
0.094207 0.936745 0.337097 0.000000 0.022977 0.336466 -0.941415 0.000000 -0.995287 0.096433 0.010173 0.000000 -4.118631 11.999234 93.436813 1.000000
0.915018 0.270277 0.299487 0.000000 0.403413 -0.613039 -0.679295 0.000000 -0.000001 0.742384 -0.669975 0.000000 -5.035676 75.671928 71.827034 1.000000
0.962381 0.132050 0.237458 0.000000 0.271705 -0.467721 -0.841078 0.000000 -0.000001 0.873956 -0.486005 0.000000 9.053134 58.507683 82.197456 1.000000
0.903096 0.173509 0.392826 0.000000 0.429439 -0.364881 -0.826102 0.000000 -0.000001 0.914744 -0.404034 0.000000 -7.198859 51.252258 82.509041 1.000000
-0.121246 -0.984806 0.124327 0.000000 0.003410 -0.125664 -0.992067 0.000000 0.992614 -0.119861 0.018595 0.000000 7.177875 20.945522 91.220375 1.000000
-0.139754 -0.984806 0.103083 0.000000 0.163786 -0.125662 -0.978459 0.000000 0.976543 -0.119861 0.178860 0.000000 -1.273972 20.945339 52.163754 1.000000
0.977433 -0.129155 0.167164 0.000000 0.000000 -0.791322 -0.611397 0.000000 0.211246 0.597600 -0.773464 0.000000 -19.108816 13.118600 6.980511 1.000000
-0.977433 0.109732 0.180509 0.000000 0.000002 0.854503 -0.519444 0.000000 -0.211246 -0.507722 -0.835218 0.000000 19.108778 -11.824171 -12.281539 1.000000
-0.121246 0.984806 -0.124327 0.000000 -0.003410 -0.125663 -0.992067 0.000000 -0.992614 -0.119861 0.018595 0.000000 -7.177873 20.945492 91.220390 1.000000
-0.139755 0.984806 -0.103083 0.000000 -0.163787 -0.125662 -0.978459 0.000000 -0.976544 -0.119861 0.178860 0.000000 1.273987 20.945354 52.163757 1.000000
0.977433 0.129155 -0.167164 0.000000 -0.000000 -0.791323 -0.611397 0.000000 -0.211246 0.597600 -0.773465 0.000000 19.108814 13.118606 6.980513 1.000000
-0.977433 -0.109731 -0.180509 0.000000 -0.000001 0.854503 -0.519444 0.000000 0.211245 -0.507722 -0.835219 0.000000 -19.108797 -11.824152 -12.281543 1.000000
&