#BONE
@NodeName root.x
@ParentName root
@BoneIndex 0
@TopNode YES
$WorldTM 4 4
0.564305 -0.791333 0.235267 0.000000
0.609807 0.591641 0.527349 0.000000
-0.556502 -0.154119 0.816427 0.000000
-0.016405 -0.036627 0.674204 1.000000
$LocalTM 4 4
0.564305 0.235267 0.791333 0.000000
0.609807 0.527349 -0.591641 0.000000
-0.556502 0.816427 0.154119 0.000000
-0.016405 0.674204 0.036627 1.000000
#BONE
@NodeName spine_01.x
@ParentName root.x
@BoneIndex 1
@TopNode NO
$WorldTM 4 4
0.778920 -0.492853 0.387789 0.000000
0.142632 0.741381 0.655751 0.000000
-0.610688 -0.455466 0.647774 0.000000
-0.104488 -0.061080 0.803354 1.000000
$LocalTM 4 4
0.920794 0.387899 -0.040912 0.000000
-0.351915 0.871419 0.341737 0.000000
0.168211 -0.300272 0.938905 0.000000
0.000029 -0.000073 0.158228 1.000000
#BONE
@NodeName spine_02.x
@ParentName spine_01.x
@BoneIndex 2
@TopNode NO
$WorldTM 4 4
-0.195716 -0.928712 0.314941 0.000000
0.941534 -0.088143 0.325184 0.000000
-0.274243 0.360172 0.891666 0.000000
-0.196018 -0.129346 0.900443 1.000000
$LocalTM 4 4
0.427402 -0.509923 0.746529 0.000000
0.902923 0.282186 -0.324192 0.000000
-0.045347 0.812619 0.581028 0.000000
0.000000 -0.000000 0.149881 1.000000
#BONE
@NodeName spine_03.x
@ParentName spine_02.x
@BoneIndex 3
@TopNode NO
$WorldTM 4 4
0.146779 -0.956183 0.253317 0.000000
0.854392 0.251602 0.454654 0.000000
-0.498468 0.149698 0.853885 0.000000
-0.235124 -0.077987 1.027591 1.000000
$LocalTM 4 4
0.939073 0.304852 -0.158769 0.000000
-0.257695 0.930108 0.261708 0.000000
0.227455 -0.204849 0.951998 0.000000
0.000000 0.000000 0.142596 1.000000
#BONE
@NodeName neck.x
@ParentName spine_03.x
@BoneIndex 4
@TopNode NO
$WorldTM 4 4
-0.156325 -0.861960 0.482273 0.000000
0.805866 -0.393627 -0.442309 0.000000
0.571088 0.319504 0.756158 0.000000
-0.272905 -0.045045 1.149319 1.000000
$LocalTM 4 4
0.923415 -0.131166 0.360695 0.000000
0.382619 0.388391 -0.838305 0.000000
-0.030134 0.912112 0.408832 0.000000
-0.006209 0.031353 0.127705 1.000000
#BONE
@NodeName head.x
@ParentName neck.x
@BoneIndex 5
@TopNode NO
$WorldTM 4 4
0.840231 -0.162399 0.517338 0.000000
0.521093 0.505628 -0.687606 0.000000
-0.149914 0.847328 0.509470 0.000000
-0.234768 -0.023708 1.199814 1.000000
$LocalTM 4 4
0.258131 0.512215 0.819148 0.000000
-0.848905 0.525036 -0.060798 0.000000
-0.461224 -0.679685 0.570350 0.000000
-0.000000 0.000000 0.066779 1.000000
#BONE
@NodeName shoulder.l
@ParentName spine_03.x
@BoneIndex 6
@TopNode NO
$WorldTM 4 4
0.608617 -0.778562 0.153058 0.000000
0.391725 0.462576 0.795346 0.000000
-0.690027 -0.424103 0.586514 0.000000
-0.227193 -0.117766 1.079820 1.000000
$LocalTM 4 4
0.872553 0.393697 -0.289231 0.000000
-0.183337 0.812680 0.553118 0.000000
0.452813 -0.429598 0.781285 0.000000
0.052431 0.020514 0.034690 1.000000
#BONE
@NodeName arm_stretch.l
@ParentName shoulder.l
@BoneIndex 7
@TopNode NO
$WorldTM 4 4
0.307453 -0.934596 0.178893 0.000000
-0.919641 -0.243554 0.308125 0.000000
-0.246426 -0.261398 -0.942109 0.000000
-0.336708 -0.185076 1.172906 1.000000
$LocalTM 4 4
0.942143 -0.169603 0.289138 0.000000
-0.322925 -0.227843 0.918589 0.000000
-0.090662 -0.966750 -0.271660 0.000000
-0.000000 0.000000 0.158710 1.000000
#BONE
@NodeName arm_twist.l
@ParentName arm_stretch.l
@BoneIndex 8
@TopNode NO
$WorldTM 4 4
0.766592 -0.649242 -0.087147 0.000000
-0.570649 -0.727017 0.397020 0.000000
-0.315406 -0.251160 -0.915030 0.000000
-0.334045 -0.185344 1.145292 1.000000
$LocalTM 4 4
0.826881 -0.573716 0.061875 0.000000
0.575044 0.824193 -0.042664 0.000000
-0.025932 0.069288 0.988993 0.000000
-0.003870 -0.010892 0.025013 1.000000
#BONE
@NodeName forearm_stretch.l
@ParentName arm_stretch.l
@BoneIndex 9
@TopNode NO
$WorldTM 4 4
-0.181117 0.772753 0.608316 0.000000
-0.890836 -0.391653 0.230263 0.000000
0.410982 -0.487804 0.755266 0.000000
-0.398608 -0.250737 0.936255 1.000000
$LocalTM 4 4
-0.669074 0.165793 -0.718519 0.000000
0.133340 0.985588 0.103253 0.000000
0.717369 -0.026432 -0.674102 0.000000
0.000000 -0.000000 0.251193 1.000000
#BONE
@NodeName forearm_twist.l
@ParentName forearm_stretch.l
@BoneIndex 10
@TopNode NO
$WorldTM 4 4
-0.624119 -0.765122 -0.161943 0.000000
0.660959 -0.406360 -0.629955 0.000000
0.410982 -0.487804 0.755266 0.000000
-0.349163 -0.309424 1.027121 1.000000
$LocalTM 4 4
-0.575716 0.817649 0.000000 0.000000
-0.817649 -0.575716 0.000000 0.000000
0.000000 -0.000000 1.000000 0.000000
0.000000 0.000000 0.120310 1.000000
#BONE
@NodeName hand.l
@ParentName forearm_stretch.l
@BoneIndex 11
@TopNode NO
$WorldTM 4 4
-0.733584 -0.187479 -0.658033 0.000000
0.519212 0.482689 -0.705439 0.000000
0.443470 -0.851707 -0.268182 0.000000
-0.299718 -0.368112 1.117986 1.000000
$LocalTM 4 4
-0.405802 0.574075 -0.719437 0.000000
-0.146604 -0.814852 -0.567519 0.000000
-0.905087 -0.123877 0.411671 0.000000
0.000000 0.000000 0.240619 1.000000
#BONE
@NodeName c_index1.l
@ParentName hand.l
@BoneIndex 12
@TopNode NO
$WorldTM 4 4
-0.686198 -0.276171 -0.679194 0.000000
0.730416 -0.250627 -0.639317 0.000000
-0.004324 -0.924368 0.364066 0.000000
-0.265355 -0.473738 1.047768 1.000000
$LocalTM 4 4
0.994679 -0.004175 0.102939 0.000000
-0.070321 0.702711 0.707992 0.000000
-0.075292 -0.711463 0.698678 0.000000
0.039319 0.015636 0.124224 1.000000
#BONE
@NodeName c_index2.l
@ParentName c_index1.l
@BoneIndex 13
@TopNode NO
$WorldTM 4 4
-0.839239 -0.539449 -0.127517 0.000000
0.440112 -0.782676 0.418602 0.000000
-0.326147 0.299924 0.900603 0.000000
-0.265553 -0.516271 1.064520 1.000000
$LocalTM 4 4
0.800638 -0.394149 0.451250 0.000000
-0.377322 0.253343 0.890756 0.000000
-0.465411 -0.883439 0.054115 0.000000
-0.000000 0.000000 0.046013 1.000000
#BONE
@NodeName c_index3.l
@ParentName c_index2.l
@BoneIndex 14
@TopNode NO
$WorldTM 4 4
-0.971403 -0.181048 0.176985 0.000000
0.209161 -0.191276 0.956978 0.000000
-0.130464 0.961341 0.235465 0.000000
-0.274581 -0.507970 1.089446 1.000000
$LocalTM 4 4
0.881242 -0.214703 0.421088 0.000000
-0.189707 0.655317 0.731143 0.000000
-0.432925 -0.724198 0.536762 0.000000
0.000000 -0.000000 0.027678 1.000000
#BONE
@NodeName c_middle1.l
@ParentName hand.l
@BoneIndex 15
@TopNode NO
$WorldTM 4 4
-0.629340 -0.441374 -0.648642 0.000000
0.779370 -0.374355 -0.504876 0.000000
-0.030102 -0.811535 0.571785 0.000000
-0.241447 -0.468644 1.062649 1.000000
$LocalTM 4 4
0.961790 -0.077498 0.262591 0.000000
-0.172811 0.572078 0.801788 0.000000
-0.212359 -0.816530 0.536826 0.000000
0.011213 0.019786 0.126782 1.000000
#BONE
@NodeName c_middle2.l
@ParentName c_middle1.l
@BoneIndex 16
@TopNode NO
$WorldTM 4 4
-0.757908 -0.532287 -0.393497 0.000000
0.221149 -0.759894 0.596939 0.000000
-0.617302 0.364380 0.700998 0.000000
-0.242870 -0.507023 1.089689 1.000000
$LocalTM 4 4
0.955084 -0.192532 0.225270 0.000000
-0.195123 0.163543 0.967047 0.000000
-0.223029 -0.967566 0.118630 0.000000
-0.000000 0.000000 0.047291 1.000000
#BONE
@NodeName c_middle3.l
@ParentName c_middle2.l
@BoneIndex 17
@TopNode NO
$WorldTM 4 4
-0.937658 -0.299877 -0.201006 0.000000
-0.192340 -0.057433 0.980873 0.000000
-0.296976 0.948849 0.007725 0.000000
-0.263099 -0.495082 1.112661 1.000000
$LocalTM 4 4
0.938401 -0.104809 0.329269 0.000000
-0.206687 0.593387 0.777928 0.000000
-0.276917 -0.798064 0.535172 0.000000
0.000000 -0.000000 0.032770 1.000000
#BONE
@NodeName c_pinky1.l
@ParentName hand.l
@BoneIndex 18
@TopNode NO
$WorldTM 4 4
-0.509825 -0.593284 -0.633254 0.000000
0.848730 -0.202233 -0.492911 0.000000
0.155334 -0.775021 0.598834 0.000000
-0.210823 -0.450358 1.098926 1.000000
$LocalTM 4 4
0.890791 -0.101632 0.442902 0.000000
-0.261184 0.683071 0.682054 0.000000
-0.371851 -0.723246 0.581928 0.000000
-0.038127 0.018662 0.115535 1.000000
#BONE
@NodeName c_pinky2.l
@ParentName c_pinky1.l
@BoneIndex 19
@TopNode NO
$WorldTM 4 4
-0.524499 -0.558665 -0.652344 0.000000
0.600354 -0.770468 0.173986 0.000000
-0.607346 -0.296334 0.739426 0.000000
-0.204715 -0.480834 1.122473 1.000000
$LocalTM 4 4
0.999094 -0.010275 -0.041294 0.000000
0.039546 0.582527 0.811849 0.000000
0.015713 -0.812747 0.582405 0.000000
-0.000000 -0.000000 0.039322 1.000000
#BONE
@NodeName c_pinky3.l
@ParentName c_pinky2.l
@BoneIndex 20
@TopNode NO
$WorldTM 4 4
-0.413818 -0.512095 -0.760621 0.000000
-0.481692 -0.585290 0.651159 0.000000
-0.775319 0.623486 0.004619 0.000000
-0.219355 -0.487977 1.140298 1.000000
$LocalTM 4 4
0.986989 0.010694 -0.160429 0.000000
0.150689 0.286482 0.946161 0.000000
0.056079 -0.958026 0.281144 0.000000
-0.000000 0.000000 0.024106 1.000000
#BONE
@NodeName c_ring1.l
@ParentName hand.l
@BoneIndex 21
@TopNode NO
$WorldTM 4 4
-0.584214 -0.559017 -0.599219 0.000000
0.802617 -0.259747 -0.540730 0.000000
0.137450 -0.783308 0.592555 0.000000
-0.225001 -0.460793 1.080841 1.000000
$LocalTM 4 4
0.916828 -0.146932 0.371265 0.000000
-0.186151 0.665301 0.722995 0.000000
-0.353234 -0.731973 0.582615 0.000000
-0.014096 0.019133 0.122765 1.000000
#BONE
@NodeName c_ring2.l
@ParentName c_ring1.l
@BoneIndex 22
@TopNode NO
$WorldTM 4 4
-0.633281 -0.565804 -0.540158 0.000000
0.049483 -0.714764 0.687252 0.000000
-0.775177 0.403136 0.488353 0.000000
-0.219221 -0.493735 1.105761 1.000000
$LocalTM 4 4
0.997045 -0.069051 0.033671 0.000000
-0.043044 -0.139107 0.989342 0.000000
-0.063631 -0.987867 -0.141668 0.000000
0.000000 0.000000 0.042055 1.000000
#BONE
@NodeName c_ring3.l
@ParentName c_ring2.l
@BoneIndex 23
@TopNode NO
$WorldTM 4 4
-0.616744 -0.551863 -0.572652 0.000000
-0.483371 -0.311805 0.818850 0.000000
-0.624798 0.769262 -0.064258 0.000000
-0.241503 -0.482148 1.119798 1.000000
$LocalTM 4 4
0.999238 -0.031724 -0.022736 0.000000
0.038923 0.766794 0.640712 0.000000
-0.002892 -0.641109 0.767444 0.000000
0.000000 0.000000 0.028744 1.000000
#BONE
@NodeName c_thumb1.l
@ParentName hand.l
@BoneIndex 24
@TopNode NO
$WorldTM 4 4
-0.737459 0.420111 0.531090 0.000000
-0.320633 0.456502 -0.822512 0.000000
-0.598115 -0.780162 -0.209744 0.000000
-0.314195 -0.424998 1.096267 1.000000
$LocalTM 4 4
0.117064 -0.546902 -0.828973 0.000000
0.694616 0.641662 -0.325235 0.000000
0.709791 -0.537744 0.455002 0.000000
0.034697 -0.019799 0.047933 1.000000
#BONE
@NodeName c_thumb2.l
@ParentName c_thumb1.l
@BoneIndex 25
@TopNode NO
$WorldTM 4 4
-0.763304 0.074825 0.646278 0.000000
-0.593143 -0.497548 -0.642606 0.000000
0.264465 -0.860458 0.414677 0.000000
-0.339370 -0.457836 1.087438 1.000000
$LocalTM 4 4
0.932687 -0.249845 0.260141 0.000000
-0.110093 0.489618 0.864959 0.000000
-0.343475 -0.835375 0.429154 0.000000
-0.000000 0.000000 0.042091 1.000000
#BONE
@NodeName c_thumb3.l
@ParentName c_thumb2.l
@BoneIndex 26
@TopNode NO
$WorldTM 4 4
-0.541022 -0.148872 0.830128 0.000000
-0.236110 -0.919571 -0.323012 0.000000
0.809901 -0.354637 0.457302 0.000000
-0.327854 -0.495303 1.105495 1.000000
$LocalTM 4 4
0.932258 -0.138564 0.334207 0.000000
-0.097983 0.792531 0.601908 0.000000
-0.348272 -0.593880 0.725267 0.000000
-0.000000 0.000000 0.043544 1.000000
#BONE
@NodeName shoulder.r
@ParentName spine_03.x
@BoneIndex 27
@TopNode NO
$WorldTM 4 4
-0.765132 0.629334 -0.136055 0.000000
-0.499354 -0.446600 0.742424 0.000000
0.406470 0.635992 0.655969 0.000000
-0.220125 -0.006988 1.057290 1.000000
$LocalTM 4 4
-0.748529 -0.557239 0.359428 0.000000
0.541806 -0.201463 0.816002 0.000000
-0.382297 0.805541 0.452717 0.000000
-0.058163 0.044182 0.028511 1.000000
#BONE
@NodeName arm_stretch.r
@ParentName shoulder.r
@BoneIndex 28
@TopNode NO
$WorldTM 4 4
0.008490 0.861719 -0.507314 0.000000
-0.653507 0.388781 0.649444 0.000000
0.677601 0.291874 0.507114 0.000000
-0.155614 0.093950 1.161399 1.000000
$LocalTM 4 4
0.604836 -0.765726 0.218716 0.000000
0.656332 0.634865 0.407646 0.000000
-0.403764 -0.092220 0.793706 0.000000
0.000000 -0.000000 0.158710 1.000000
#BONE
@NodeName arm_twist.r
@ParentName arm_stretch.r
@BoneIndex 29
@TopNode NO
$WorldTM 4 4
-0.379984 0.930171 -0.041935 0.000000
-0.640533 -0.228504 0.742147 0.000000
0.585747 0.269587 0.629714 0.000000
-0.131936 0.101919 1.164708 1.000000
$LocalTM 4 4
0.819595 0.582721 -0.009047 0.000000
-0.578847 0.811738 -0.155168 0.000000
-0.082181 0.130985 0.991798 0.000000
0.005389 -0.010226 0.025013 1.000000
#BONE
@NodeName forearm_stretch.r
@ParentName arm_stretch.r
@BoneIndex 30
@TopNode NO
$WorldTM 4 4
0.671661 -0.046644 0.739389 0.000000
-0.675073 0.358863 0.644667 0.000000
-0.239478 -0.926913 0.261498 0.000000
0.014595 0.167267 1.288782 1.000000
$LocalTM 4 4
-0.409594 0.023122 1.018665 0.000000
-0.023541 0.999359 -0.032149 0.000000
-0.933434 -0.034037 -0.374551 0.000000
0.000000 0.000000 0.251193 1.000000
#BONE
@NodeName forearm_twist.r
@ParentName forearm_stretch.r
@BoneIndex 31
@TopNode NO
$WorldTM 4 4
0.403315 0.077660 0.914035 0.000000
-0.862664 0.353451 0.356133 0.000000
-0.239478 -0.926913 0.261499 0.000000
-0.014216 0.055750 1.320243 1.000000
$LocalTM 4 4
0.940894 0.338700 -0.000000 0.000000
-0.338700 0.940895 -0.000000 0.000000
0.000000 0.000000 1.000000 0.000000
0.000000 0.000000 0.120309 1.000000
#BONE
@NodeName hand.r
@ParentName forearm_stretch.r
@BoneIndex 32
@TopNode NO
$WorldTM 4 4
0.433284 0.201340 0.870167 0.000000
-0.430306 0.924773 -0.054754 0.000000
-0.775503 -0.330098 0.523604 0.000000
-0.043028 -0.055766 1.351704 1.000000
$LocalTM 4 4
0.933052 0.334302 -0.134740 0.000000
-0.319333 0.587270 -0.754255 0.000000
-0.172657 0.745220 0.653334 0.000000
-0.000000 -0.000000 0.240619 1.000000
#BONE
@NodeName c_index1.r
@ParentName hand.r
@BoneIndex 33
@TopNode NO
$WorldTM 4 4
0.382046 0.006880 0.932719 0.000000
-0.478704 0.883931 0.141298 0.000000
-0.774071 -0.472575 0.380027 0.000000
-0.156786 -0.094481 1.382592 1.000000
$LocalTM 4 4
0.977868 -0.155493 0.139984 0.000000
0.134477 0.979678 0.148819 0.000000
-0.160279 -0.126701 0.978906 0.000000
-0.036725 0.009322 0.120999 1.000000
#BONE
@NodeName c_index2.r
@ParentName c_index1.r
@BoneIndex 34
@TopNode NO
$WorldTM 4 4
0.544544 0.232260 0.788380 0.000000
-0.818101 0.324985 0.483842 0.000000
-0.092120 -0.919319 0.422733 0.000000
-0.192404 -0.116225 1.400078 1.000000
$LocalTM 4 4
0.950549 0.097758 -0.294789 0.000000
0.134173 0.726768 0.673652 0.000000
0.280097 -0.679891 0.677712 0.000000
0.000000 -0.000000 0.046013 1.000000
#BONE
@NodeName c_index3.r
@ParentName c_index2.r
@BoneIndex 35
@TopNode NO
$WorldTM 4 4
0.534923 0.359428 0.734819 0.000000
-0.802532 0.063453 0.594746 0.000000
0.210008 -0.933538 0.375057 0.000000
-0.194953 -0.141670 1.411778 1.000000
$LocalTM 4 4
0.990856 0.020686 -0.133326 0.000000
0.016944 0.961273 0.275075 0.000000
0.133853 -0.274819 0.952133 0.000000
-0.000000 0.000000 0.027678 1.000000
#BONE
@NodeName c_middle1.r
@ParentName hand.r
@BoneIndex 36
@TopNode NO
$WorldTM 4 4
0.562566 0.202292 0.785747 0.000000
-0.615006 0.783070 0.199682 0.000000
-0.528763 -0.592105 0.614067 0.000000
-0.148743 -0.085406 1.406466 1.000000
$LocalTM 4 4
0.988027 -0.048626 -0.146416 0.000000
0.094239 0.941622 0.323212 0.000000
0.122152 -0.333141 0.934931 0.000000
-0.010126 0.014017 0.122883 1.000000
#BONE
@NodeName c_middle2.r
@ParentName c_middle1.r
@BoneIndex 37
@TopNode NO
$WorldTM 4 4
0.610854 0.290909 0.707280 0.000000
-0.763451 0.136161 0.636660 0.000000
0.135290 -0.949495 0.358842 0.000000
-0.173749 -0.113407 1.435506 1.000000
$LocalTM 4 4
0.992003 0.021148 -0.124428 0.000000
0.074858 0.695147 0.714960 0.000000
0.101615 -0.718557 0.688005 0.000000
-0.000000 -0.000000 0.047291 1.000000
#BONE
@NodeName c_middle3.r
@ParentName c_middle2.r
@BoneIndex 38
@TopNode NO
$WorldTM 4 4
0.591936 0.438912 0.630408 0.000000
-0.636991 -0.156919 0.763879 0.000000
0.467073 -0.887379 0.231134 0.000000
-0.169315 -0.144522 1.447266 1.000000
$LocalTM 4 4
0.986674 -0.014600 -0.162052 0.000000
0.066729 0.944665 0.321179 0.000000
0.148396 -0.327713 0.933051 0.000000
-0.000000 -0.000000 0.032770 1.000000
#BONE
@NodeName c_pinky1.r
@ParentName hand.r
@BoneIndex 39
@TopNode NO
$WorldTM 4 4
0.696565 0.409139 0.532055 0.000000
-0.620983 0.787998 0.164803 0.000000
-0.321685 -0.465159 0.850945 0.000000
-0.120290 -0.072820 1.442501 1.000000
$LocalTM 4 4
0.888255 0.088112 -0.450821 0.000000
0.062915 0.948845 0.309411 0.000000
0.455022 -0.303200 0.837272 0.000000
0.037300 0.013721 0.112854 1.000000
#BONE
@NodeName c_pinky2.r
@ParentName c_pinky1.r
@BoneIndex 40
@TopNode NO
$WorldTM 4 4
0.691233 0.418759 0.530860 0.000000
-0.697724 0.590984 0.427287 0.000000
-0.098396 -0.692883 0.754959 0.000000
-0.132939 -0.091111 1.475962 1.000000
$LocalTM 4 4
0.999942 0.010258 -0.003354 0.000000
-0.008616 0.945906 0.324325 0.000000
0.006500 -0.324278 0.945940 0.000000
0.000000 -0.000000 0.039322 1.000000
#BONE
@NodeName c_pinky3.r
@ParentName c_pinky2.r
@BoneIndex 41
@TopNode NO
$WorldTM 4 4
0.633974 0.332761 0.661553 0.000000
-0.701375 -0.003585 0.719476 0.000000
0.283642 -0.945497 0.281161 0.000000
-0.135311 -0.107814 1.494161 1.000000
$LocalTM 4 4
0.986647 0.046837 0.155995 0.000000
-0.132189 0.789809 0.598939 0.000000
-0.095153 -0.611562 0.785454 0.000000
-0.000000 0.000000 0.024106 1.000000
#BONE
@NodeName c_ring1.r
@ParentName hand.r
@BoneIndex 42
@TopNode NO
$WorldTM 4 4
0.639360 0.405705 0.605922 0.000000
-0.630647 0.794701 0.096066 0.000000
-0.409641 -0.456687 0.811160 0.000000
-0.135732 -0.080067 1.425917 1.000000
$LocalTM 4 4
0.924011 0.106443 -0.367251 0.000000
0.001364 0.959547 0.281545 0.000000
0.382364 -0.260652 0.886487 0.000000
0.013995 0.013468 0.119887 1.000000
#BONE
@NodeName c_ring2.r
@ParentName c_ring1.r
@BoneIndex 43
@TopNode NO
$WorldTM 4 4
0.632706 0.403194 0.615211 0.000000
-0.668422 -0.025956 0.751531 0.000000
0.356648 -0.917316 0.301771 0.000000
-0.152960 -0.099273 1.460031 1.000000
$LocalTM 4 4
0.999933 0.003263 0.011116 0.000000
-0.011324 0.477878 0.878353 0.000000
-0.002446 -0.878420 0.477883 0.000000
-0.000000 -0.000000 0.042055 1.000000
#BONE
@NodeName c_ring3.r
@ParentName c_ring2.r
@BoneIndex 44
@TopNode NO
$WorldTM 4 4
0.644097 0.356506 0.635892 0.000000
-0.655860 -0.078277 0.759398 0.000000
0.359569 -0.933533 0.230878 0.000000
-0.142708 -0.125641 1.468705 1.000000
$LocalTM 4 4
0.998709 0.008462 0.050089 0.000000
-0.011080 0.998575 0.052207 0.000000
-0.049576 -0.052695 0.997379 0.000000
-0.000000 -0.000000 0.028744 1.000000
#BONE
@NodeName c_thumb1.r
@ParentName hand.r
@BoneIndex 45
@TopNode NO
$WorldTM 4 4
-0.912199 0.116361 0.384371 0.000000
-0.115517 0.896985 -0.490688 0.000000
-0.358960 -0.431957 -0.803638 0.000000
-0.086714 -0.096884 1.347694 1.000000
$LocalTM 4 4
-0.063575 0.456452 0.887474 0.000000
-0.234433 0.857558 -0.457859 0.000000
-0.970051 -0.237162 0.052489 0.000000
-0.034697 -0.019799 0.047933 1.000000
#BONE
@NodeName c_thumb2.r
@ParentName c_thumb1.r
@BoneIndex 46
@TopNode NO
$WorldTM 4 4
-0.908630 0.131945 0.389433 0.000000
-0.221987 0.703310 -0.730869 0.000000
-0.315303 -0.701893 -0.590357 0.000000
-0.101823 -0.115065 1.313868 1.000000
$LocalTM 4 4
0.999852 0.011071 -0.013129 0.000000
-0.006115 0.943890 0.330203 0.000000
0.016048 -0.330074 0.943818 0.000000
-0.000000 -0.000000 0.042091 1.000000
#BONE
@NodeName c_thumb3.r
@ParentName c_thumb2.r
@BoneIndex 47
@TopNode NO
$WorldTM 4 4
-0.867782 0.265027 0.425826 0.000000
-0.327439 0.380977 -0.900593 0.000000
-0.337700 -0.888439 -0.204824 0.000000
-0.115552 -0.145629 1.288162 1.000000
$LocalTM 4 4
0.989092 0.054826 -0.136717 0.000000
0.001754 0.923701 0.383110 0.000000
0.147290 -0.379171 0.913529 0.000000
0.000000 0.000000 0.043544 1.000000
#BONE
@NodeName thigh_stretch.l
@ParentName root.x
@BoneIndex 48
@TopNode NO
$WorldTM 4 4
0.763618 0.424115 0.486841 0.000000
0.125812 -0.837296 0.532078 0.000000
0.633292 -0.345053 -0.692733 0.000000
0.037596 -0.112354 0.696718 1.000000
$LocalTM 4 4
0.209835 0.973318 -0.092849 0.000000
0.858758 -0.138067 0.493430 0.000000
0.467445 -0.183274 -0.864815 0.000000
0.095695 0.000000 -0.000000 1.000000
#BONE
@NodeName leg_stretch.l
@ParentName thigh_stretch.l
@BoneIndex 49
@TopNode NO
$WorldTM 4 4
0.802408 -0.229500 -0.550883 0.000000
0.125812 -0.837296 0.532077 0.000000
-0.583363 -0.496251 -0.642979 0.000000
0.281775 -0.245396 0.429621 1.000000
$LocalTM 4 4
0.247206 -0.000000 0.968963 0.000000
-0.000000 1.000000 0.000000 0.000000
-0.968963 -0.000000 0.247206 0.000000
-0.000000 0.000000 0.385570 1.000000
#BONE
@NodeName foot.l
@ParentName leg_stretch.l
@BoneIndex 50
@TopNode NO
$WorldTM 4 4
-0.012618 0.700384 -0.713657 0.000000
0.950397 0.230227 0.209142 0.000000
0.310782 -0.675617 -0.668547 0.000000
0.008693 -0.477699 0.128632 1.000000
$LocalTM 4 4
0.222279 -0.967737 0.118661 0.000000
0.594557 0.038084 -0.803152 0.000000
0.772719 0.249073 0.583839 0.000000
0.000000 0.000000 0.468116 1.000000
#BONE
@NodeName toes_01.l
@ParentName foot.l
@BoneIndex 51
@TopNode NO
$WorldTM 4 4
-0.561615 -0.827328 0.010920 0.000000
-0.458753 0.300379 -0.836253 0.000000
0.688574 -0.474661 -0.548235 0.000000
0.059976 -0.589185 0.018313 1.000000
$LocalTM 4 4
-0.580152 -0.721947 0.377117 0.000000
0.812964 -0.541738 0.213561 0.000000
0.050119 0.430481 0.901207 0.000000
0.000000 -0.000000 0.165014 1.000000
#BONE
@NodeName leg_twist.l
@ParentName leg_stretch.l
@BoneIndex 52
@TopNode NO
$WorldTM 4 4
0.768287 -0.593960 -0.238635 0.000000
-0.263481 -0.633203 0.727758 0.000000
-0.583363 -0.496251 -0.642979 0.000000
0.145234 -0.361548 0.279127 1.000000
$LocalTM 4 4
0.884253 0.467008 -0.000000 0.000000
-0.467008 0.884253 -0.000000 0.000000
-0.000000 0.000000 1.000000 0.000000
-0.000000 -0.000000 0.234058 1.000000
#BONE
@NodeName thigh_twist.l
@ParentName thigh_stretch.l
@BoneIndex 53
@TopNode NO
$WorldTM 4 4
0.765710 0.149385 0.625597 0.000000
-0.112381 -0.926619 0.358815 0.000000
0.633292 -0.345053 -0.692734 0.000000
0.037596 -0.112354 0.696718 1.000000
$LocalTM 4 4
0.952633 0.304123 0.000000 0.000000
-0.304123 0.952633 -0.000000 0.000000
-0.000000 0.000000 1.000000 0.000000
0.000000 0.000000 -0.000000 1.000000
#BONE
@NodeName thigh_stretch.r
@ParentName root.x
@BoneIndex 54
@TopNode NO
$WorldTM 4 4
-0.622809 -0.107443 -0.774961 0.000000
-0.702374 0.513123 0.493332 0.000000
0.344645 0.851564 -0.395042 0.000000
-0.070407 0.039099 0.651690 1.000000
$LocalTM 4 4
-0.448754 -0.852036 -0.269546 0.000000
-0.686340 0.135430 0.714560 0.000000
-0.572326 0.505662 -0.645561 0.000000
-0.095695 -0.000000 0.000000 1.000000
#BONE
@NodeName leg_stretch.r
@ParentName thigh_stretch.r
@BoneIndex 55
@TopNode NO
$WorldTM 4 4
-0.680581 -0.687138 -0.254263 0.000000
-0.702374 0.513123 0.493332 0.000000
-0.208519 0.514340 -0.831850 0.000000
0.062478 0.367437 0.499374 1.000000
$LocalTM 4 4
0.694744 0.000000 -0.719257 0.000000
-0.000000 1.000000 0.000000 0.000000
0.719257 0.000000 0.694744 0.000000
0.000000 0.000000 0.385570 1.000000
#BONE
@NodeName foot.r
@ParentName leg_stretch.r
@BoneIndex 56
@TopNode NO
$WorldTM 4 4
-0.639599 0.703095 0.310753 0.000000
0.594376 0.195981 0.779940 0.000000
0.487471 0.683554 -0.543254 0.000000
-0.035133 0.608208 0.109971 1.000000
$LocalTM 4 4
-0.126837 0.963316 0.236499 0.000000
-0.737498 0.067858 -0.671931 0.000000
-0.663331 -0.259644 0.701838 0.000000
-0.000000 0.000000 0.468116 1.000000
#BONE
@NodeName toes_01.r
@ParentName foot.r
@BoneIndex 57
@TopNode NO
$WorldTM 4 4
0.612638 -0.785954 -0.083349 0.000000
-0.477790 -0.284281 -0.831204 0.000000
0.629594 0.549051 -0.549683 0.000000
0.045306 0.721003 0.020328 1.000000
$LocalTM 4 4
-0.970347 0.145098 -0.193320 0.000000
-0.152583 -0.987991 0.024325 0.000000
-0.187469 0.053100 0.980834 0.000000
0.000000 -0.000000 0.165012 1.000000
#BONE
@NodeName leg_twist.r
@ParentName leg_stretch.r
@BoneIndex 58
@TopNode NO
$WorldTM 4 4
-0.634125 -0.718638 -0.285384 0.000000
-0.744584 0.467988 0.476006 0.000000
-0.208519 0.514340 -0.831850 0.000000
0.013673 0.487822 0.304673 1.000000
$LocalTM 4 4
0.997940 -0.064147 -0.000000 0.000000
0.064147 0.997940 0.000000 0.000000
0.000000 -0.000000 1.000000 0.000000
0.000000 -0.000000 0.234058 1.000000
#BONE
@NodeName thigh_twist.r
@ParentName thigh_stretch.r
@BoneIndex 59
@TopNode NO
$WorldTM 4 4
0.070080 -0.442990 -0.893783 0.000000
-0.936113 0.280354 -0.212352 0.000000
0.344646 0.851564 -0.395043 0.000000
-0.070407 0.039099 0.651690 1.000000
$LocalTM 4 4
0.696597 -0.717462 -0.000000 0.000000
0.717462 0.696597 0.000000 0.000000
0.000000 -0.000000 1.000000 0.000000
0.000000 0.000000 0.000000 1.000000
#SKIN
@NodeName wirts_low.002
@ParentName RootNode
@MeshName Player+_0
@MaterialName Defalt
@TopNode YES
$WorldTM 4 4
1.000000 0.000000 0.000000 0.000000
0.000000 -0.000000 1.000000 0.000000
0.000000 -1.000000 -0.000000 0.000000
0.000000 0.000000 0.000000 1.000000
$LocalTM 4 4
1.000000 0.000000 0.000000 0.000000
0.000000 0.000001 -1.000000 0.000000
0.000000 1.000000 0.000001 0.000000
0.000000 0.000000 0.000000 1.000000
$BoneOffset 60 16
1.000000 -0.000003 0.000000 0.000000 -0.000000 -0.017264 0.999851 0.000000 -0.000003 -0.999851 -0.017264 0.000000 0.000000 0.029999 -0.963382 1.000000
0.999978 -0.006603 0.000000 0.000000 0.000422 0.063840 0.997960 0.000000 -0.006589 -0.997938 0.063841 0.000000 -0.000402 -0.060937 -1.120379 1.000000
1.000000 0.000000 -0.000000 0.000000 -0.000000 0.281586 0.959536 0.000000 0.000000 -0.959536 0.281586 0.000000 0.000000 -0.338593 -1.225818 1.000000
1.000000 0.000000 0.000000 0.000000 -0.000000 0.009880 0.999951 0.000000 0.000000 -0.999951 0.009880 0.000000 -0.000000 0.046517 -1.408914 1.000000
0.999910 0.013452 0.000000 0.000000 0.004236 -0.314838 0.949136 0.000000 0.012768 -0.949050 -0.314867 0.000000 -0.007359 0.546975 -1.452545 1.000000
1.000000 -0.000068 0.000000 0.000000 -0.000018 -0.257560 0.966263 0.000000 -0.000066 -0.966262 -0.257560 0.000000 0.000031 0.455214 -1.549311 1.000000
0.418477 -0.105579 0.902070 0.000000 -0.102882 0.981317 0.162582 0.000000 -0.902381 -0.160844 0.399797 0.000000 0.146484 -1.399686 -0.283557 1.000000
0.092227 0.915024 0.392715 0.000000 -0.120689 0.401760 -0.907757 0.000000 -0.988397 0.036323 0.147487 0.000000 0.241653 -0.763565 1.238851 1.000000
0.106726 0.866762 0.487169 0.000000 -0.149716 0.498390 -0.853928 0.000000 -0.982952 0.018199 0.182959 0.000000 0.276713 -0.880277 1.115793 1.000000
-0.105029 0.915024 0.389487 0.000000 0.324206 0.401761 -0.856434 0.000000 -0.940138 0.036324 -0.338853 0.000000 -0.255597 -0.763566 0.984141 1.000000
-0.162641 0.906558 0.389487 0.000000 0.298170 0.421445 -0.856434 0.000000 -0.940554 -0.023158 -0.338853 0.000000 -0.206834 -0.778191 0.863832 1.000000
-0.162031 0.962700 0.216687 0.000000 0.296821 0.256968 -0.919709 0.000000 -0.941086 -0.084704 -0.327387 0.000000 -0.205662 -0.628406 0.874069 1.000000
-0.164392 0.986244 0.017259 0.000000 0.226631 0.054793 -0.972438 0.000000 -0.960007 -0.155949 -0.232521 0.000000 -0.176888 -0.463769 0.876165 1.000000
-0.123168 0.961968 -0.243819 0.000000 0.134070 -0.227308 -0.964550 0.000000 -0.983288 -0.151490 -0.100974 0.000000 -0.114313 -0.207291 0.937809 1.000000
-0.145142 0.894618 -0.422602 0.000000 0.075582 -0.415852 -0.906286 0.000000 -0.986519 -0.163481 -0.007259 0.000000 -0.056047 -0.020963 0.938507 1.000000
-0.134828 0.990538 -0.025591 0.000000 0.140014 -0.006522 -0.990128 0.000000 -0.980926 -0.137080 -0.137810 0.000000 -0.082134 -0.413012 0.908791 1.000000
-0.098993 0.935709 -0.338598 0.000000 0.041832 -0.336055 -0.940913 0.000000 -0.994208 -0.107308 -0.005875 0.000000 -0.012819 -0.105438 0.953009 1.000000
-0.092369 0.919135 -0.382960 0.000000 -0.051273 -0.388484 -0.920027 0.000000 -0.994403 -0.065347 0.083011 0.000000 0.061836 -0.054310 0.922685 1.000000
-0.078519 0.993932 0.077027 0.000000 0.002633 0.077472 -0.996991 0.000000 -0.996909 -0.078080 -0.008700 0.000000 0.069413 -0.490580 0.868657 1.000000
-0.100022 0.821228 -0.561765 0.000000 0.004090 -0.564252 -0.825592 0.000000 -0.994976 -0.084875 0.053079 0.000000 0.077307 0.138673 0.952931 1.000000
-0.145834 0.661393 -0.735726 0.000000 0.052282 -0.737484 -0.673337 0.000000 -0.987926 -0.136661 0.072971 0.000000 0.055360 0.353486 0.871725 1.000000
-0.103316 0.988190 -0.113164 0.000000 0.082421 -0.104876 -0.991064 0.000000 -0.991228 -0.111719 -0.070612 0.000000 -0.016955 -0.323486 0.945244 1.000000
-0.099313 0.964927 -0.243006 0.000000 0.022761 -0.241946 -0.970023 0.000000 -0.994796 -0.101867 0.002065 0.000000 0.032864 -0.195584 0.938801 1.000000
-0.116075 0.928745 -0.352077 0.000000 -0.020553 -0.356643 -0.934014 0.000000 -0.993027 -0.101179 0.060486 0.000000 0.075924 -0.084905 0.924426 1.000000
-0.940723 0.227915 -0.251185 0.000000 0.338940 0.659194 -0.671255 0.000000 0.012590 -0.716602 -0.697369 0.000000 0.011511 -0.740062 0.750234 1.000000
-0.944720 0.153060 -0.289958 0.000000 0.327548 0.480142 -0.813742 0.000000 0.014669 -0.863734 -0.503734 0.000000 0.023944 -0.546938 0.865781 1.000000
-0.964723 0.064530 -0.255235 0.000000 0.262878 0.288716 -0.920619 0.000000 0.014283 -0.955237 -0.295494 0.000000 0.090563 -0.344928 0.921202 1.000000
0.418477 0.105578 -0.902070 0.000000 0.102882 0.981317 0.162581 0.000000 0.902381 -0.160844 0.399797 0.000000 -0.146485 -1.399686 -0.283556 1.000000
0.092227 -0.915024 -0.392715 0.000000 0.120689 0.401760 -0.907757 0.000000 0.988397 0.036324 0.147487 0.000000 -0.241653 -0.763565 1.238851 1.000000
0.106725 -0.866762 -0.487169 0.000000 0.149717 0.498390 -0.853927 0.000000 0.982952 0.018198 0.182960 0.000000 -0.276714 -0.880277 1.115793 1.000000
-0.105029 -0.915024 -0.389487 0.000000 -0.324206 0.401761 -0.856434 0.000000 0.940138 0.036324 -0.338852 0.000000 0.255596 -0.763566 0.984142 1.000000
-0.162647 -0.906557 -0.389487 0.000000 -0.298167 0.421447 -0.856434 0.000000 0.940554 -0.023165 -0.338852 0.000000 0.206829 -0.778193 0.863832 1.000000
-0.162032 -0.962700 -0.216688 0.000000 -0.296820 0.256969 -0.919709 0.000000 0.941086 -0.084705 -0.327386 0.000000 0.205661 -0.628406 0.874069 1.000000
-0.164391 -0.986244 -0.017259 0.000000 -0.226630 0.054793 -0.972439 0.000000 0.960007 -0.155949 -0.232521 0.000000 0.176888 -0.463769 0.876165 1.000000
-0.123168 -0.961968 0.243819 0.000000 -0.134069 -0.227307 -0.964550 0.000000 0.983288 -0.151491 -0.100973 0.000000 0.114312 -0.207291 0.937809 1.000000
-0.145143 -0.894618 0.422602 0.000000 -0.075582 -0.415852 -0.906286 0.000000 0.986519 -0.163482 -0.007259 0.000000 0.056046 -0.020963 0.938507 1.000000
-0.134828 -0.990539 0.025591 0.000000 -0.140014 -0.006522 -0.990128 0.000000 0.980926 -0.137080 -0.137810 0.000000 0.082134 -0.413013 0.908791 1.000000
-0.098994 -0.935710 0.338595 0.000000 -0.041832 -0.336052 -0.940914 0.000000 0.994208 -0.107309 -0.005875 0.000000 0.012818 -0.105441 0.953008 1.000000
-0.092370 -0.919136 0.382958 0.000000 0.051273 -0.388483 -0.920028 0.000000 0.994403 -0.065347 0.083011 0.000000 -0.061836 -0.054312 0.922685 1.000000
-0.078519 -0.993932 -0.077030 0.000000 -0.002632 0.077475 -0.996991 0.000000 0.996909 -0.078080 -0.008700 0.000000 -0.069413 -0.490583 0.868656 1.000000
-0.100022 -0.821229 0.561763 0.000000 -0.004090 -0.564250 -0.825593 0.000000 0.994976 -0.084875 0.053079 0.000000 -0.077308 0.138672 0.952931 1.000000
-0.145836 -0.661395 0.735723 0.000000 -0.052283 -0.737482 -0.673339 0.000000 0.987926 -0.136663 0.072972 0.000000 -0.055360 0.353483 0.871725 1.000000
-0.103315 -0.988190 0.113164 0.000000 -0.082421 -0.104876 -0.991064 0.000000 0.991228 -0.111719 -0.070612 0.000000 0.016955 -0.323486 0.945244 1.000000
-0.099313 -0.964928 0.243005 0.000000 -0.022761 -0.241946 -0.970023 0.000000 0.994796 -0.101867 0.002065 0.000000 -0.032864 -0.195585 0.938801 1.000000
-0.116076 -0.928746 0.352076 0.000000 0.020552 -0.356642 -0.934015 0.000000 0.993027 -0.101181 0.060485 0.000000 -0.075924 -0.084907 0.924426 1.000000
-0.940724 -0.227915 0.251185 0.000000 -0.338940 0.659194 -0.671254 0.000000 -0.012591 -0.716601 -0.697369 0.000000 -0.011511 -0.740062 0.750234 1.000000
-0.944722 -0.153056 0.289956 0.000000 -0.327545 0.480142 -0.813743 0.000000 -0.014672 -0.863734 -0.503734 0.000000 -0.023947 -0.546938 0.865781 1.000000
-0.964723 -0.064529 0.255235 0.000000 -0.262878 0.288716 -0.920618 0.000000 -0.014284 -0.955237 -0.295494 0.000000 -0.090563 -0.344928 0.921202 1.000000
0.481241 0.866894 0.130052 0.000000 -0.016059 0.157055 -0.987459 0.000000 -0.876455 0.473114 0.089501 0.000000 -0.018864 -0.240643 0.938029 1.000000
0.489847 0.866894 0.092500 0.000000 -0.092271 0.157056 -0.983270 0.000000 -0.866925 0.473113 0.156921 0.000000 0.023858 -0.240643 0.552266 1.000000
-0.967887 0.127027 0.216937 0.000000 -0.011857 0.838920 -0.544137 0.000000 -0.251109 -0.529231 -0.810478 0.000000 0.214988 -0.062783 0.124086 1.000000
0.967887 -0.137359 0.210546 0.000000 0.011857 -0.811651 -0.584033 0.000000 0.251109 0.567772 -0.783961 0.000000 -0.214989 0.064685 -0.037846 1.000000
0.489848 0.866894 0.092500 0.000000 -0.092271 0.157056 -0.983270 0.000000 -0.866925 0.473113 0.156921 0.000000 0.023857 -0.240643 0.318208 1.000000
0.481241 0.866894 0.130052 0.000000 -0.016059 0.157055 -0.987460 0.000000 -0.876455 0.473114 0.089501 0.000000 -0.018864 -0.240643 0.938029 1.000000
0.481231 -0.866895 -0.130052 0.000000 0.016059 0.157054 -0.987460 0.000000 0.876452 0.473106 0.089500 0.000000 0.018863 -0.240642 0.938029 1.000000
0.489837 -0.866895 -0.092500 0.000000 0.092269 0.157055 -0.983270 0.000000 0.866922 0.473106 0.156918 0.000000 -0.023858 -0.240642 0.552266 1.000000
-0.967886 -0.127028 -0.216939 0.000000 0.011859 0.838914 -0.544139 0.000000 0.251113 -0.529235 -0.810468 0.000000 -0.214989 -0.062782 0.124085 1.000000
0.967938 0.136994 -0.210548 0.000000 -0.012167 -0.811641 -0.584035 0.000000 -0.250898 0.567870 -0.783952 0.000000 0.215014 0.064604 -0.037847 1.000000
0.489837 -0.866895 -0.092500 0.000000 0.092269 0.157055 -0.983270 0.000000 0.866923 0.473106 0.156918 0.000000 -0.023858 -0.240642 0.318208 1.000000
0.481231 -0.866895 -0.130052 0.000000 0.016059 0.157054 -0.987459 0.000000 0.876452 0.473106 0.089500 0.000000 0.018863 -0.240642 0.938029 1.000000
&