#BONE
@ParentName ik_hand_l.001
@NodeName Bone_L
@BoneIndex 0
@TopNode YES
$WorldTM 4 4
-0.278216 0.567263 -0.775164 0.000000
-0.151242 -0.822856 -0.547881 0.000000
-0.948436 -0.035185 0.314657 0.000000
28.797363 91.073746 -31.019661 1.000000
$LocalTM 4 4
-0.000000 -0.000000 -1.000070 0.000000
0.866064 0.499987 0.000000 0.000000
0.499911 -0.865882 0.000000 0.000000
9.341751 0.885763 3.623067 1.000000
#STATIC
@ParentName Bone_L
@NodeName hammerbull_wp001.001
@MeshName weapone+attack_0
@MaterialName weapone+attack_07 - Default.004
$WorldTM 4 4
0.466560 0.785222 0.407164 0.000000
-0.839653 0.248377 0.483140 0.000000
0.278188 -0.567180 0.775046 0.000000
2.124229 98.963509 -15.673048 1.000000
$LocalTM 4 4
0.000005 -0.939634 -0.342089 0.000000
-0.000013 -0.342044 0.939850 0.000000
-0.999853 -0.000000 -0.000014 0.000000
0.000313 -10.864661 29.855719 1.000000
&